sgrna,otdna,label,cell
AAATGAGAAGAAGAGGCACAGGG,GCATGAGAAGAAGAGACATAGCC,0,sg9
AAATGAGAAGAAGAGGCACAGGG,GAAGAAGAAGAAGAGGAAGAGGA,0,sg9
TGACATCAATTATTATACATCGG,TGTCATCAATTATTAGGATTCGT,0,sg10
GACACCGAAGCAGAGTTTTTAGG,TACACCAAAGCAGAGTTTGGAGA,0,sg11
AAATGAGAAGAAGAGGCACAGGG,GAAGAAGAGGAAGAGACACAAGG,0,sg9
GGGTGGGGGGAGTTTGCTCCTGG,GATTTGGGGGAGTTTGCTCAGGC,0,sg8
ATGAACACCAGTGAGTAGAGCGG,GTGGGCAACAGTGAGTAGAGCAG,0,sg6
GGTCCTGCCGCTGCTTGTCATGG,GGCTCAGCTGGGGCTTGTCATGG,0,sg4
AAATGAGAAGAAGAGGCACAGGG,AGATAGGAGGAAGAGGCATTGGG,0,sg9
CCTGCCTCCGCTCTACTCACTGG,CCTGCCTCCTCTTTACACATTCA,0,sg7
CCAGTGAGTAGAGCGGAGGCAGG,GCACTTAGGGAAGCGGAGGCAGG,0,sg2
AAATGAGAAGAAGAGGCACAGGG,AGATGCGAAGAAGAGGTACCAGA,0,sg9
GAATCCTAAAAACTCTGCTTCGG,TCATGTTAAAAACTCTGCTCAGG,0,sg12
AACACCAGTGAGTAGAGCGGAGG,GTCACCAGTGAGTCCAGGGCAGG,0,sg1
AAATGAGAAGAAGAGGCACAGGG,TAGGTAGAAGAAGAGGAAAAGGG,0,sg9
AAATGAGAAGAAGAGGCACAGGG,AAATGAGAAGAAGAGAGAAAACA,0,sg9
TGACATCAATTATTATACATCGG,AGACATCAATTAATATATGTAAG,0,sg10
AAATGAGAAGAAGAGGCACAGGG,AAATGAGAAGATGAGACAAAAAT,0,sg9
CTTGCCCCACAGGGCAGTAACGG,CTTGCCCCACATGGCAACTACAT,0,sg3
AAATGAGAAGAAGAGGCACAGGG,GTATGAGAAGAACAGTGACAAGG,0,sg9
CTTGCCCCACAGGGCAGTAACGG,TTTGGACCTCAGGGCAGTGAGGG,0,sg3
GGGTGGGGGGAGTTTGCTCCTGG,GAGTCTGGGTGATTTGCTCCTGG,0,sg8
TGACATCAATTATTATACATCGG,TTTGAGCAATTATTATACATCTA,0,sg10
AAATGAGAAGAAGAGGCACAGGG,GAAAAAGAAGAAGAGGAAGAGGA,0,sg9
AAATGAGAAGAAGAGGCACAGGG,AACTGAGAAGAAGAGACAGTGGG,0,sg9
AAATGAGAAGAAGAGGCACAGGG,AAATGAGAAAAAAAGGCACTCCA,0,sg9
AAATGAGAAGAAGAGGCACAGGG,AGAAGAGAAGAAGAGGAAGAAGA,0,sg9
GGGTGGGGGGAGTTTGCTCCTGG,GGGTGGGGGGAGATTTTCACTGA,0,sg8
CTTGCCCCACAGGGCAGTAACGG,CTCGCCCTACAGGGCAGTTGTGA,0,sg3
CCTGCCTCCGCTCTACTCACTGG,CCTGCCTCCGCCTTCCAAAGTGG,0,sg7
GGGTGGGGGGAGTTTGCTCCTGG,AAGTGGGGAGAGTTTGCTTCATG,0,sg8
TGACATCAATTATTATACATCGG,TGACTTCAATTATTATTTCTCTA,0,sg10
AACACCAGTGAGTAGAGCGGAGG,TAGAGGGGTGAGTAGAGCAGAGG,0,sg1
AAATGAGAAGAAGAGGCACAGGG,AAAAAAGAAGAAGAGAGAGAGTG,0,sg9
GGTCCTGCCGCTGCTTGTCATGG,GGTCCTGCCACATCTTGCCTTTG,0,sg4
AAATGAGAAGAAGAGGCACAGGG,CAGTAACAGGAAGAGGCAAAGGG,0,sg9
CTTGCCCCACAGGGCAGTAACGG,GTGGCTCTCTAGGGCAGTAACGG,0,sg3
GGGTGGGGGGAGTTTGCTCCTGG,GGGTGGGGGGAATCTGTCCAGGG,0,sg8
GAATCCTAAAAACTCTGCTTCGG,GAATCCTAAAAAAGCTGACCCAG,0,sg12
AAATGAGAAGAAGAGGCACAGGG,AAATGAGAAGCAGCAGCATATGA,0,sg9
TGACATCAATTATTATACATCGG,AGAAATCAATTATTAAAAAACGG,0,sg10
CCTGCCTCCGCTCTACTCACTGG,CATGCTTTGCCTCTACTCACTAG,0,sg7
AAATGAGAAGAAGAGGCACAGGG,AAATAGGAAGAAGAGGAAGGGTG,0,sg9
ATGAACACCAGTGAGTAGAGCGG,AAAAACACCAGTGAGCAGTGGGA,0,sg6
AAATGAGAAGAAGAGGCACAGGG,AAATGAGAAACAAAGGGACAGGC,0,sg9
CCAGTGAGTAGAGCGGAGGCAGG,CCAGTGAGTAAAGTTCAGGGTGG,0,sg2
AAATGAGAAGAAGAGGCACAGGG,CAAGGAGAAGAAGAGGCAGAAAT,0,sg9
GGGTGGGGGGAGTTTGCTCCTGG,GGGTGGGGGGTGATGGGTGCTGT,0,sg8
GGGTGGGGGGAGTTTGCTCCTGG,GACTGGGGGGAGTTTGCTTCCTG,0,sg8
CCTGCCTCCGCTCTACTCACTGG,CCTGCCTCCCCTCTGACCCCTGG,0,sg7
AAATGAGAAGAAGAGGCACAGGG,ATATGAGAAGAAGAGGAAAATAA,0,sg9
GGTCCTGCCGCTGCTTGTCATGG,GCACCTGCACTTGCTTGTCATGA,0,sg4
AAATGAGAAGAAGAGGCACAGGG,AAATGAGAAAAAGAGGTTCAAAG,0,sg9
AAATGAGAAGAAGAGGCACAGGG,AAAGAAGAAGAAGAGGAAGAGGA,0,sg9
AACACCAGTGAGTAGAGCGGAGG,AACACCAGTGCGTAGCACTGGGT,0,sg1
AAATGAGAAGAAGAGGCACAGGG,AAATGAGAAGAGTCTTCCCAGGG,0,sg9
GAATCCTAAAAACTCTGCTTCGG,GTACCCAAACAACTCTGCTTCAT,0,sg12
CCAGTGAGTAGAGCGGAGGCAGG,GAAGTGAGTAGAGCAGTTGCAGC,0,sg2
GAATCCTAAAAACTCTGCTTCGG,ATATCCTAAAAACCCTGATTTGA,0,sg12
TGACATCAATTATTATACATCGG,TGATATAACTGATTATACATCTG,0,sg10
GACACCGAAGCAGAGTTTTTAGG,GACACCGAAGAGGATTTCTTAGG,0,sg11
GGTCCTGCCGCTGCTTGTCATGG,GCTTCTGAGTCTGCTTGTCATTG,0,sg4
AAATGAGAAGAAGAGGCACAGGG,AAATGAGAAAAAGAGACAAGGAG,0,sg9
GAATCCTAAAAACTCTGCTTCGG,GTATCCTAAAAATTATGTTGAGG,0,sg12
CCAGTGAGTAGAGCGGAGGCAGG,ACAGCTGGTACAGCGGAGGCAGA,0,sg2
GGGTGGGGGGAGTTTGCTCCTGG,GGGTGGGGGGAGGCTGTTCAAGA,0,sg8
AACACCAGTGAGTAGAGCGGAGG,TACACCAGTGAGTAAAGTGAAAT,0,sg1
CCTGCCTCCGCTCTACTCACTGG,CCTGCCTCCGCCCTTCTCTCCTG,0,sg7
AAATGAGAAGAAGAGGCACAGGG,AAATGAGGAGAAGAGGCATACAT,0,sg9
AAATGAGAAGAAGAGGCACAGGG,GAAGAAGAAGAAGAGAAGCAGGG,0,sg9
ATGAACACCAGTGAGTAGAGCGG,ATGAACTTGAGTGAGTAGGATGG,0,sg6
TGACATCAATTATTATACATCGG,TGGGATCATTTATTATACAGCAA,0,sg10
TGACATCAATTATTATACATCGG,TGTCATCAATTATAATGTATTGT,0,sg10
GGTCCTGCCGCTGCTTGTCATGG,GGTCCTGCCGCTGCCTGTGAGCA,0,sg4
CCTGCCTCCGCTCTACTCACTGG,CCTGCCTCCGCGCGCCTGACCAG,0,sg7
AAATGAGAAGAAGAGGCACAGGG,GAATGAGAAGAAAAGCCACACAC,0,sg9
GAATCCTAAAAACTCTGCTTCGG,TAATCTTATAAACTCTGCTTATC,0,sg12
AAATGAGAAGAAGAGGCACAGGG,AATAGAGAAGAAGAGGCTCAGAT,0,sg9
TGACATCAATTATTATACATCGG,TCACAAGCATTCTTATACATCAG,0,sg10
TGACATCAATTATTATACATCGG,AGAGACCAATTATTATATTTGGG,0,sg10
CTTGCCCCACAGGGCAGTAACGG,CTTGCCCCACGCAGCAGGTAAGG,0,sg3
AAATGAGAAGAAGAGGCACAGGG,ATGTGAACAGAAGAGGCACAGCA,0,sg9
AACACCAGTGAGTAGAGCGGAGG,AACACCAGTTAGACCAGAGGTGG,0,sg1
GAATCCTAAAAACTCTGCTTCGG,GAATCCTAAATTGGCTGCTTGGC,0,sg12
ATGAACACCAGTGAGTAGAGCGG,AAGAAAACCAGTGAGTGAACAGG,0,sg6
AAATGAGAAGAAGAGGCACAGGG,TCATATAAAAAAGAGGCACAGGG,0,sg9
CCAGTGAGTAGAGCGGAGGCAGG,CCAGGAGGCAGAGCGGAGGCGGG,0,sg2
GGGTGGGGGGAGTTTGCTCCTGG,GGGTGGGGGACGTGTGAGACTGG,0,sg8
AATGACCACTACATCCTCAAGGG,AAGGACCTGTACATCCTCTGGAG,0,sg5
CTTGCCCCACAGGGCAGTAACGG,TAGGCACCACAGGGCAGGAACTG,0,sg3
AAATGAGAAGAAGAGGCACAGGG,AAATGAGAACAGAAGACACTGGG,0,sg9
AAATGAGAAGAAGAGGCACAGGG,GGATGAGAAATTGAGGCACAGAG,0,sg9
GACACCGAAGCAGAGTTTTTAGG,TACACCGAAGCATACAGTTTAGG,0,sg11
GAATCCTAAAAACTCTGCTTCGG,GAATCCTAATAGCTCCCCTTTGG,0,sg12
GACACCGAAGCAGAGTTTTTAGG,GAAACTGAAGCAGAGGACTTAGT,0,sg11
AAATGAGAAGAAGAGGCACAGGG,AATGGAGAAACTGAGGCACAGAG,0,sg9
GGGTGGGGGGAGTTTGCTCCTGG,GGGTGGGGGGGCAGTGTCCCTGG,0,sg8
ATGAACACCAGTGAGTAGAGCGG,AGGTTGACCAGTGAGTAGAGCTT,0,sg6
ATGAACACCAGTGAGTAGAGCGG,TTGTACCCCAGGGAGTAGAGCCT,0,sg6
CCTGCCTCCGCTCTACTCACTGG,CCTGGCTCCTCTCTCCTCACTGG,1,sg7
GAATCCTAAAAACTCTGCTTCGG,GAATCCTAATAGCTTAGCTTCCA,0,sg12
AAATGAGAAGAAGAGGCACAGGG,TCATGAGAAAGAGAGGCACAGAG,0,sg9
AAATGAGAAGAAGAGGCACAGGG,AGATAATGTGAAGAGGCACAGGG,0,sg9
AACACCAGTGAGTAGAGCGGAGG,AAGACCAGTGAGTACATCATATG,0,sg1
AAATGAGAAGAAGAGGCACAGGG,AAAGAAGAAGAAGAGGAAAAAGA,0,sg9
GGGTGGGGGGAGTTTGCTCCTGG,AGGGGCGTGTGGTTTGCTCCTGG,0,sg8
GGGTGGGGGGAGTTTGCTCCTGG,GGGTGGGGGGAGATCTGTGCAGG,0,sg8
AACACCAGTGAGTAGAGCGGAGG,AATATCAGTGAGTAGTGCAGAAG,0,sg1
GGGTGGGGGGAGTTTGCTCCTGG,GGGTGGGGGGCGGGGCCGCCTGG,0,sg8
AAATGAGAAGAAGAGGCACAGGG,AAATGAGAATAAAACACACAGAT,0,sg9
CCAGTGAGTAGAGCGGAGGCAGG,GTGGGCAGTAGAGCGGAGGCAAG,0,sg2
CCAGTGAGTAGAGCGGAGGCAGG,CCAGTGAGTAGAGGCCAGGGAAG,0,sg2
AAATGAGAAGAAGAGGCACAGGG,CAAGCAGAAGAAGAGGCAAAAGA,0,sg9
AAATGAGAAGAAGAGGCACAGGG,CAATGAGAAGAAAAATCACTGGT,0,sg9
GACACCGAAGCAGAGTTTTTAGG,TAGACCCTAGTAGAGTTTTTATG,0,sg11
CCTGCCTCCGCTCTACTCACTGG,CCTGCCTCCACCCCACCAACGGG,0,sg7
CTTGCCCCACAGGGCAGTAACGG,CTTGTCACCCAGGGCAGTGCCTG,0,sg3
CTTGCCCCACAGGGCAGTAACGG,GGTGCCCCACAGGGCAGACACAG,0,sg3
AAATGAGAAGAAGAGGCACAGGG,ATTTGGGCAGAAGAGGCAGAGGG,0,sg9
AAATGAGAAGAAGAGGCACAGGG,AAATAAAGAGAAGAGGCACAGGA,0,sg9
GAATCCTAAAAACTCTGCTTCGG,CAGTTCGAAAAACTCTGCTGCGG,0,sg12
ATGAACACCAGTGAGTAGAGCGG,ATAAACACCAGTGAGTCCCATGG,0,sg6
CCAGTGAGTAGAGCGGAGGCAGG,CCAGTGAGTAGCCAGAACCCAGG,0,sg2
AAATGAGAAGAAGAGGCACAGGG,TAAATAGAAGAAGAGGCATAGCA,0,sg9
AACACCAGTGAGTAGAGCGGAGG,AACACCAGTGAGAAGCTTCGTGG,0,sg1
CTTGCCCCACAGGGCAGTAACGG,AGTGCCCCACAGGGCTGCCACGA,0,sg3
CTTGCCCCACAGGGCAGTAACGG,CTGGCCCCACAGAGGAGGATCAG,0,sg3
GACACCGAAGCAGAGTTTTTAGG,GACACAAATGCAGAGTTTTGGAG,0,sg11
CCAGTGAGTAGAGCGGAGGCAGG,CCAGTGAGTAGAGCAGTCAGAGC,0,sg2
ATGAACACCAGTGAGTAGAGCGG,ATGAACACCAGAGACTTCATCGT,0,sg6
CCTGCCTCCGCTCTACTCACTGG,CCTGCCTCCACTCCACTCTGCCG,0,sg7
GAATCCTAAAAACTCTGCTTCGG,TAATCTTAAAAACTCTACATTGA,0,sg12
AAATGAGAAGAAGAGGCACAGGG,AAGCAAGAAGAAGAGAAACAAGG,0,sg9
ATGAACACCAGTGAGTAGAGCGG,ATTAGCACCAGTGAGAAGTGATG,0,sg6
CCTGCCTCCGCTCTACTCACTGG,CCAGCCTCCGCTCTCCACACCAG,0,sg7
AAATGAGAAGAAGAGGCACAGGG,GAATTAGAAGAAGAGGCAACTGG,0,sg9
AAATGAGAAGAAGAGGCACAGGG,GAAGAAGAAAATGAGGCACAGTG,0,sg9
AAATGAGAAGAAGAGGCACAGGG,AAAGGACATGAAGAGGCACATTT,0,sg9
CCAGTGAGTAGAGCGGAGGCAGG,CTAGTGAGTAGAGACCAGGGATG,0,sg2
GGTCCTGCCGCTGCTTGTCATGG,GGTGATGCCGCTGCTGTTCTGGG,0,sg4
AAATGAGAAGAAGAGGCACAGGG,AAATGAGAAAAATAGACATTGGA,0,sg9
CTTGCCCCACAGGGCAGTAACGG,CTTCCCCCACAGGGCAGAGATTT,0,sg3
AAATGAGAAGAAGAGGCACAGGG,GATGTAGAAGAAGAGGCAGAGGA,0,sg9
GAATCCTAAAAACTCTGCTTCGG,TAATCCTAAGGACTCTGCTTCTC,0,sg12
ATGAACACCAGTGAGTAGAGCGG,AGCAAGACCAGTGAGCAGTGAGG,0,sg6
AAATGAGAAGAAGAGGCACAGGG,AAGACAGAAGAAGAGAAACAGGG,0,sg9
GGGTGGGGGGAGTTTGCTCCTGG,GTTTGGAGGAATTTTGCTCCTGA,0,sg8
GACACCGAAGCAGAGTTTTTAGG,GAGACAGAAGCAGAGTTCTGCAG,0,sg11
TGACATCAATTATTATACATCGG,AGACATCAATTAATATATACATG,0,sg10
GAATCCTAAAAACTCTGCTTCGG,CACTCCTTAAAACTCTGCTTGCA,0,sg12
AAATGAGAAGAAGAGGCACAGGG,AAATGAGAAGTTTAGGGAAAGAG,0,sg9
AAATGAGAAGAAGAGGCACAGGG,AAATGAGAAGCAGAAACAAAAAG,0,sg9
AAATGAGAAGAAGAGGCACAGGG,AATAGTGAAGAAGAGGAAGAGGA,0,sg9
GAATCCTAAAAACTCTGCTTCGG,GAATTCGAAAAACTCTGCCTCAG,0,sg12
AAATGAGAAGAAGAGGCACAGGG,AAGTGAGAAGAAGACTAATAAGG,0,sg9
AAATGAGAAGAAGAGGCACAGGG,AAAGAAGAAGAAGAGAGAGAGAG,0,sg9
CCTGCCTCCGCTCTACTCACTGG,CCTGCCTCCGGGAGACCCACTGG,0,sg7
GACACCGAAGCAGAGTTTTTAGG,GACACCGAACCATATTTTTCATG,0,sg11
ATGAACACCAGTGAGTAGAGCGG,ATGAACACCAGGCAGAAGAGCAG,0,sg6
AACACCAGTGAGTAGAGCGGAGG,AACACCAGTAACAAGAGTTCAGG,0,sg1
CCTGCCTCCGCTCTACTCACTGG,CCTGCCTCCTCTCTACACGTTCC,0,sg7
CCAGTGAGTAGAGCGGAGGCAGG,CCTCTGAGCAGAGCGGAGGAAAG,0,sg2
CCTGCCTCCGCTCTACTCACTGG,CCTGCCTCCTTTCCTGTCACTGT,0,sg7
CCAGTGAGTAGAGCGGAGGCAGG,CCAGTGAGTAGAGGCCAAGAAGA,0,sg2
GGGTGGGGGGAGTTTGCTCCTGG,GGGTGGGGGAAGTGGGCTTCTAG,0,sg8
AAATGAGAAGAAGAGGCACAGGG,AAGTATGAAGAAGAGGCAGATGC,0,sg9
AAATGAGAAGAAGAGGCACAGGG,AAAGTATATTAAGAGGCACAGAG,0,sg9
CCAGTGAGTAGAGCGGAGGCAGG,CTAGTGAGTAGAGGCCAGGGATG,0,sg2
AACACCAGTGAGTAGAGCGGAGG,ACCACCAGTGAGGAGCAAGAAGG,0,sg1
AAATGAGAAGAAGAGGCACAGGG,AAATGAGAAAAAAGATCAAAGGG,0,sg9
GAATCCTAAAAACTCTGCTTCGG,GAATCCTAAAAAGCCTGCAACTA,0,sg12
AAATGAGAAGAAGAGGCACAGGG,GAATGAGAAGAAGAGAATCAGGC,0,sg9
AAATGAGAAGAAGAGGCACAGGG,GAAAGATATGAAGAGGCAGAGAG,0,sg9
GGTCCTGCCGCTGCTTGTCATGG,GATGCAGCCGCTGCTTGTTATCT,0,sg4
AAATGAGAAGAAGAGGCACAGGG,CAATTATAGATAGAGGCACAGGG,0,sg9
AAATGAGAAGAAGAGGCACAGGG,GAAGAAGAAGAAGAAGAAGAGGG,0,sg9
GAATCCTAAAAACTCTGCTTCGG,TATCCTTAAAAACTCTGCTCCGG,0,sg12
GGTCCTGCCGCTGCTTGTCATGG,GTGGTTGCAGCTGCTTGTCATTG,0,sg4
GGTCCTGCCGCTGCTTGTCATGG,GGACTTCCTGAGGCTTGTCATGG,0,sg4
GAATCCTAAAAACTCTGCTTCGG,GATTCCTAAAAACTATGATTTAT,0,sg12
CCTGCCTCCGCTCTACTCACTGG,CGTGCCTCCGCTCCACTACCAGG,0,sg7
CCTGCCTCCGCTCTACTCACTGG,CCTGCCTCCCCACTGCTCACAGC,0,sg7
ATGAACACCAGTGAGTAGAGCGG,GTCAAGATCAGTGAGTAGAGGTG,0,sg6
GGGTGGGGGGAGTTTGCTCCTGG,TGCTTTGGCGTGTTTGCTCCTGG,0,sg8
AAATGAGAAGAAGAGGCACAGGG,AAATAGGAAGAAGAGAAGCAGAG,0,sg9
CTTGCCCCACAGGGCAGTAACGG,CTTTGCCCACAGGGCAGACCCTG,0,sg3
AAATGAGAAGAAGAGGCACAGGG,GAATGAGAAGAAGAGGGAAAGAG,0,sg9
AAATGAGAAGAAGAGGCACAGGG,AATAGAGAAGAAGAGGAAGGGAG,0,sg9
AAATGAGAAGAAGAGGCACAGGG,AAAAAAAAAGAAGAAGAAGAGGG,0,sg9
AAATGAGAAGAAGAGGCACAGGG,AAAGAAGAAGAAGAAGAAGAGGG,0,sg9
CCAGTGAGTAGAGCGGAGGCAGG,CCAGTGAGTTCAGAAGATGCAGT,0,sg2
CCTGCCTCCGCTCTACTCACTGG,CATTCCTAACCTCTACTCACTGG,0,sg7
CTTGCCCCACAGGGCAGTAACGG,ATTGGCCCACAGGGCTGGCACTG,0,sg3
AAATGAGAAGAAGAGGCACAGGG,AAATGAGAAGAGGAATCTCAGCA,0,sg9
GACACCGAAGCAGAGTTTTTAGG,GTCACCGAAGCATAGTGTTCAGT,0,sg11
CTTGCCCCACAGGGCAGTAACGG,CTTCCTCTCCAGGGCAGTCATGG,0,sg3
AAATGAGAAGAAGAGGCACAGGG,GACTGAGAAGAACAGGCTTATGG,0,sg9
AAATGAGAAGAAGAGGCACAGGG,AAATGGAAAGAAGAGGCAGCAGC,0,sg9
AAATGAGAAGAAGAGGCACAGGG,AAATGAGAAACTGAAGCACAGAA,0,sg9
AAATGAGAAGAAGAGGCACAGGG,AAATGGAGAATAGAGGCACAGAG,0,sg9
ATGAACACCAGTGAGTAGAGCGG,GTGCAGACCAGTGAGTATAGCAG,0,sg6
AAATGAGAAGAAGAGGCACAGGG,AAATGAGAAGACAACTCACTGGT,0,sg9
GGGTGGGGGGAGTTTGCTCCTGG,GGGTGGGGGAACCATGTACCTGG,0,sg8
AAATGAGAAGAAGAGGCACAGGG,AAATGAGAAGACGTGGTATTTGG,0,sg9
AAATGAGAAGAAGAGGCACAGGG,AAATGAGAAAATCAAGCAAAGAG,0,sg9
AAATGAGAAGAAGAGGCACAGGG,AAATGAGAACAGGAGGGATAGAA,0,sg9
TGACATCAATTATTATACATCGG,TTAAATCTTTTATTATACTTGGG,0,sg10
AAATGAGAAGAAGAGGCACAGGG,AAAGAAGAAGAAGAGGAAGAAGT,0,sg9
AACACCAGTGAGTAGAGCGGAGG,ATCACCAGTGAGTAGACCTAAAG,0,sg1
CCTGCCTCCGCTCTACTCACTGG,GCTGCCTCCGCTCTACGAGAGGG,0,sg7
AAATGAGAAGAAGAGGCACAGGG,AAAAAAGAAGAAGAGGAGGAGGA,0,sg9
AATGACCACTACATCCTCAAGGG,ACTTAGCATAACATCCTCAAGGT,0,sg5
CCTGCCTCCGCTCTACTCACTGG,CCAGCCTCCGCTCTGCTAATTAA,0,sg7
GAATCCTAAAAACTCTGCTTCGG,AAATGCTAAGGACTCTGCTTCTA,0,sg12
ATGAACACCAGTGAGTAGAGCGG,CTGACCACCAGTGAGCCGGGCGG,0,sg6
AAATGAGAAGAAGAGGCACAGGG,GAAGGAAAAGGCGAGGCACAGTG,0,sg9
CCTGCCTCCGCTCTACTCACTGG,TTTGCTTCTGGGCTACTCACTGG,0,sg7
AAATGAGAAGAAGAGGCACAGGG,AAATGAGAAGACAAGCCACGGAC,0,sg9
GGTCCTGCCGCTGCTTGTCATGG,GTTTCAGCAGCTGCTTGTGGTGG,0,sg4
CTTGCCCCACAGGGCAGTAACGG,TTGGCACCACAGGGCACTTACTG,0,sg3
TGACATCAATTATTATACATCGG,TGAGAGCAGTTATTATACTTTGC,0,sg10
AAATGAGAAGAAGAGGCACAGGG,AAGAGAGAAGAAGAGAGGAAGGG,0,sg9
AACACCAGTGAGTAGAGCGGAGG,AACACCAGTTAGAATGTCTGAGG,0,sg1
AAATGAGAAGAAGAGGCACAGGG,AAATGAGAACAAGAGGCATTTGG,0,sg9
CCTGCCTCCGCTCTACTCACTGG,GCTGCAACTGCTCTACTCACTTC,0,sg7
AAATGAGAAGAAGAGGCACAGGG,AACTGAGAAGAAAAGGCACATCT,0,sg9
GGTCCTGCCGCTGCTTGTCATGG,GGTCCTGCCGCTCCTTAAAACAG,0,sg4
GAATCCTAAAAACTCTGCTTCGG,GATTCCAAAACCCTCTGCTTCTG,0,sg12
GGGTGGGGGGAGTTTGCTCCTGG,GCTTTGGAGGAGTTTGCTCCTTA,0,sg8
AAATGAGAAGAAGAGGCACAGGG,AAATGAGAAAAAGTCTCAAAGGT,0,sg9
ATGAACACCAGTGAGTAGAGCGG,ATGAATACCAGTGAGCACAGCTG,0,sg6
AAATGAGAAGAAGAGGCACAGGG,AAAGGAGAAGAAGAAGAAGAGGA,0,sg9
AAATGAGAAGAAGAGGCACAGGG,GAAGGAGAAGAAGAGGAAGAAGG,0,sg9
AAATGAGAAGAAGAGGCACAGGG,AAGTGTGAAGAAGAGAAAGAGGG,0,sg9
GGGTGGGGGGAGTTTGCTCCTGG,GGGTGGGGGGTGATTGCCCCCCC,0,sg8
AATGACCACTACATCCTCAAGGG,AATGACCACTCCACTGTCAGTGG,0,sg5
GAATCCTAAAAACTCTGCTTCGG,GAGTCTTAAAAACTCTGCTCAGT,0,sg12
AAATGAGAAGAAGAGGCACAGGG,AAAGAAGAAGAAGAGGAAGAAGA,0,sg9
AAATGAGAAGAAGAGGCACAGGG,AAGAAGGAAGAAGAGGCCCAGGC,0,sg9
GAATCCTAAAAACTCTGCTTCGG,TAATGCTCTTAACTCTGCTTCTG,0,sg12
GACACCGAAGCAGAGTTTTTAGG,GGCAAAACAGCAGAGTTTTTAGC,0,sg11
AACACCAGTGAGTAGAGCGGAGG,AACACCAGTCATAAGAGCTAAGA,0,sg1
CTTGCCCCACAGGGCAGTAACGG,TTTCCACCACAGGGCAGGCACTG,0,sg3
GGGTGGGGGGAGTTTGCTCCTGG,GGGTGGGGGGTGCCCTCTCCTGC,0,sg8
TGACATCAATTATTATACATCGG,TGACATCAATTTCTTAACGTCAG,0,sg10
AAATGAGAAGAAGAGGCACAGGG,AGAAGAGAAGAAGAGGAGAGGGG,0,sg9
CTTGCCCCACAGGGCAGTAACGG,TTTGCCCCACATGGCAGTAACAA,0,sg3
GGGTGGGGGGAGTTTGCTCCTGG,GGGTGGGGGGTGCCTGCTCCAGG,0,sg8
GACACCGAAGCAGAGTTTTTAGG,GACTCAGAAGCAGAGCTTCTGGT,0,sg11
AAATGAGAAGAAGAGGCACAGGG,TAGTGAAAAGCTGAGGCACAGAG,0,sg9
GGGTGGGGGGAGTTTGCTCCTGG,GACTGGTGGCATTTTGCTCCTGC,0,sg8
AAATGAGAAGAAGAGGCACAGGG,AAATGAGAAGAAAAAGCAGGGGA,0,sg9
TGACATCAATTATTATACATCGG,TGGCATCAATTATACAAGATAGG,0,sg10
AAATGAGAAGAAGAGGCACAGGG,AGAAAAGGAGAAGAGGCACAAAG,0,sg9
AAATGAGAAGAAGAGGCACAGGG,AGATATGAAGAAGAGGTACCAGG,0,sg9
GGGTGGGGGGAGTTTGCTCCTGG,AGGAGGAGGGAGTTTGCTCTTCT,0,sg8
GAATCCTAAAAACTCTGCTTCGG,TAATAGTAAAAACTCAGCTTCCA,0,sg12
CTTGCCCCACAGGGCAGTAACGG,TCTACCCCACAGGGCAAAAAAGG,0,sg3
AATGACCACTACATCCTCAAGGG,AATAAACCCTACATCCTCATGTA,0,sg5
GACACCGAAGCAGAGTTTTTAGG,GAGAGAGAAGCAGAGGTGTCAGG,0,sg11
AAATGAGAAGAAGAGGCACAGGG,AAATGAGAAGAACAGAAACATAT,0,sg9
CTTGCCCCACAGGGCAGTAACGG,ATTGCCCCACAGTGAAGCAAGGC,0,sg3
GGGTGGGGGGAGTTTGCTCCTGG,GGGTGGGGGGTGCTTGCCCCAAG,0,sg8
CCTGCCTCCGCTCTACTCACTGG,CCTGCCTCCCTTCTTCTCACAAT,0,sg7
CCTGCCTCCGCTCTACTCACTGG,CCTGCCTCCTCTCAGCTCCCCAG,0,sg7
AAATGAGAAGAAGAGGCACAGGG,CTGTGAGGAGAGGAGGCACAGGG,0,sg9
ATGAACACCAGTGAGTAGAGCGG,CTGAACACCAGTGAGATGAGTAA,0,sg6
CTTGCCCCACAGGGCAGTAACGG,CTTGCCCCAGAGGCCAGGAGCGC,0,sg3
AAATGAGAAGAAGAGGCACAGGG,ACCTGAGAAAATGAGGCACAGAG,0,sg9
AAATGAGAAGAAGAGGCACAGGG,GACTGAGGATAAGAGGCACAGAA,0,sg9
AAATGAGAAGAAGAGGCACAGGG,AGAGGGGAAGAAGAGGGAAAGAG,0,sg9
TGACATCAATTATTATACATCGG,ATACATAAATTATTATACAATGT,0,sg10
GGGTGGGGGGAGTTTGCTCCTGG,GGGTGGGGGGGGTCTGCTCCAAG,0,sg8
AAATGAGAAGAAGAGGCACAGGG,AAGAAAGAAGAAGAGGAAGAGGA,0,sg9
AAATGAGAAGAAGAGGCACAGGG,AGATGAGACTATGAGGCACAGAA,0,sg9
GACACCGAAGCAGAGTTTTTAGG,ACCCTCTAAGCAGAGTTTTTTGG,0,sg11
GACACCGAAGCAGAGTTTTTAGG,AACAACGAAGCAGAGTTATCAGG,0,sg11
AAATGAGAAGAAGAGGCACAGGG,AAATGAGAAAATTAGGCATGGTG,0,sg9
AAATGAGAAGAAGAGGCACAGGG,AAATGAGAAAAAAAGCAACATTG,0,sg9
GGGTGGGGGGAGTTTGCTCCTGG,GGTTGGGGGGAGTTTACTCTTAC,0,sg8
ATGAACACCAGTGAGTAGAGCGG,ATGTACATAAGTGAGTAGAAGGG,0,sg6
AAATGAGAAGAAGAGGCACAGGG,CAAAGGGCAGAAGAGGCACAGGG,0,sg9
ATGAACACCAGTGAGTAGAGCGG,AGGAGGACCAGTGAGAGGACCGG,0,sg6
AACACCAGTGAGTAGAGCGGAGG,ATCTCAAGTGAGTAGAACCGTGG,0,sg1
AAATGAGAAGAAGAGGCACAGGG,TAGTGAGAGACAGAGGCACAGAG,0,sg9
GGGTGGGGGGAGTTTGCTCCTGG,GGGTGTGGGGAGTTTTTTCTTTT,0,sg8
GGGTGGGGGGAGTTTGCTCCTGG,TGGTGGGGGGAGCTGGCAGCTGG,0,sg8
GGGTGGGGGGAGTTTGCTCCTGG,GGGTGGGGGAAGTATGCGTGTTG,0,sg8
CCAGTGAGTAGAGCGGAGGCAGG,CCAGTGAGTCCAGGACAGGCTGG,0,sg2
GAATCCTAAAAACTCTGCTTCGG,GCATCCGCCAAACTCTGCCTGGG,0,sg12
AACACCAGTGAGTAGAGCGGAGG,AGCTCAAGTGAGTAGATGGGAGC,0,sg1
AAATGAGAAGAAGAGGCACAGGG,AAACATGAGGAAGAGGCACAGGG,0,sg9
GGGTGGGGGGAGTTTGCTCCTGG,GTGTGGACTGATTTTGCTCCTGC,0,sg8
AAATGAGAAGAAGAGGCACAGGG,GGAGGTGAAGAAGAGGCAGAGAG,0,sg9
AACACCAGTGAGTAGAGCGGAGG,GGAACCAGTGAGTTGATGGGAGG,0,sg1
TGACATCAATTATTATACATCGG,TGACATCAATTTGTATAGATTTC,0,sg10
AAATGAGAAGAAGAGGCACAGGG,AAATGAGAAGAAATGGGGGAGGA,0,sg9
TGACATCAATTATTATACATCGG,TCACATCAATTATAAAACATTAT,0,sg10
AAATGAGAAGAAGAGGCACAGGG,AAATGAGAAGAAAAGCGCTAGGG,0,sg9
GGGTGGGGGGAGTTTGCTCCTGG,GTTTGGGGGGAGGTGGCGGCTGG,0,sg8
GAATCCTAAAAACTCTGCTTCGG,CCTTCCTAAAAACTCTGGGTCTG,0,sg12
CTTGCCCCACAGGGCAGTAACGG,CTTTCTCCACAGGGCAGCCAGGG,0,sg3
GGGTGGGGGGAGTTTGCTCCTGG,GGGTGGGGGGCGGTTCTTCCTGG,0,sg8
GAATCCTAAAAACTCTGCTTCGG,GAATACAACAAACTCTGCTCTAG,0,sg12
AACACCAGTGAGTAGAGCGGAGG,GACACCAGTGAGGAGAGTGGCTC,0,sg1
GAATCCTAAAAACTCTGCTTCGG,GAATCCTAAGTACACAGCTTAGT,0,sg12
GAATCCTAAAAACTCTGCTTCGG,GAAACATAAAAACTCTACGCCAG,0,sg12
AAATGAGAAGAAGAGGCACAGGG,AGAAGGGAAGAAGAGGGAGAGTG,0,sg9
TGACATCAATTATTATACATCGG,TGACATCAATTTTAACACATTCT,0,sg10
AAATGAGAAGAAGAGGCACAGGG,ATATGGGAAGAAGAGACACTGTG,0,sg9
TGACATCAATTATTATACATCGG,TGACATCAATTATATTACAAGGC,0,sg10
CCAGTGAGTAGAGCGGAGGCAGG,GCAGAGCTCTGAGCGGAGGCAGG,0,sg2
AAATGAGAAGAAGAGGCACAGGG,CTCTTATAAGAAGAGGCACAGAG,0,sg9
GGGTGGGGGGAGTTTGCTCCTGG,TGGTGGGGGGAGTGCGCTGTTGT,0,sg8
AATGACCACTACATCCTCAAGGG,AATGACCACCAAATTTTCTGGGG,0,sg5
AATGACCACTACATCCTCAAGGG,TGTGACCACTACATCCTTATTGG,0,sg5
AAATGAGAAGAAGAGGCACAGGG,ACAGGAGAAGAAGAGGCACCTCT,0,sg9
CTTGCCCCACAGGGCAGTAACGG,ATGGAACCACAGGGCCGTAAGGG,0,sg3
CCTGCCTCCGCTCTACTCACTGG,CCTGCCTCCAACCAACTCTCTAG,0,sg7
TGACATCAATTATTATACATCGG,TGACAGTTTTTATTATACTTCTG,0,sg10
AACACCAGTGAGTAGAGCGGAGG,AACACCAGTCAGGGGAGATGTGG,0,sg1
AATGACCACTACATCCTCAAGGG,AATGAAGGCTACATCCTCATGAA,0,sg5
CCTGCCTCCGCTCTACTCACTGG,CCTGCCTCCCCTGTAACCTCGGG,0,sg7
AAATGAGAAGAAGAGGCACAGGG,AAATGAGAAAAAGGTGAAGAGAG,0,sg9
AATGACCACTACATCCTCAAGGG,GCTGACCACTACATCCCCAGGAC,0,sg5
GGGTGGGGGGAGTTTGCTCCTGG,TAGTTTGGGGAGTTTGTTCCTGG,0,sg8
TGACATCAATTATTATACATCGG,TGATTAGAATTATTATACAACAG,0,sg10
AAATGAGAAGAAGAGGCACAGGG,AACTGGGAAGAAGAGGCAGAGAG,0,sg9
AAATGAGAAGAAGAGGCACAGGG,AAAAAAGAAGAAGAAGAAGAGGA,0,sg9
AAATGAGAAGAAGAGGCACAGGG,AAATGAGAATTAGATGGACTTGG,0,sg9
AAATGAGAAGAAGAGGCACAGGG,ATAGAAGAAGAAGAGGAAGAGGA,0,sg9
GGTCCTGCCGCTGCTTGTCATGG,TGTCCTGCTGCAGCTTGTCATGA,0,sg4
TGACATCAATTATTATACATCGG,TGGTAGCTATTATTATACATGTG,0,sg10
CCTGCCTCCGCTCTACTCACTGG,CCTGCCTCCCCTCATCACCCTAG,0,sg7
AAATGAGAAGAAGAGGCACAGGG,AAAGGTGAAGAAGAGATTGAGGG,0,sg9
AACACCAGTGAGTAGAGCGGAGG,AACACCAGTGTCTTTAACGGAGA,0,sg1
GGGTGGGGGGAGTTTGCTCCTGG,GGCTGGGGGGAGTTCACTTCCTG,0,sg8
CTTGCCCCACAGGGCAGTAACGG,TTGGCCCCACAGGGCACTATGGT,0,sg3
AAATGAGAAGAAGAGGCACAGGG,AGGTGAGAAGAAGAGGATCTGGG,0,sg9
ATGAACACCAGTGAGTAGAGCGG,ATAACCAGCAGTGAGTAGATCTT,0,sg6
AAATGAGAAGAAGAGGCACAGGG,GAGGGAGAAGAAGAGGGACCGGA,0,sg9
AACACCAGTGAGTAGAGCGGAGG,AACCACAGTGAGTAGGGTGTAGG,0,sg1
AAATGAGAAGAAGAGGCACAGGG,ATTTTAGAAGAAGAGCCACTGAG,0,sg9
CTTGCCCCACAGGGCAGTAACGG,TTGGCCCCACAGGGCGGGCACTG,0,sg3
GGGTGGGGGGAGTTTGCTCCTGG,TGGTGGGGGGAGATGGCTAATGG,0,sg8
CCTGCCTCCGCTCTACTCACTGG,CATACCTGGCCTCTACTCACTCG,0,sg7
AAATGAGAAGAAGAGGCACAGGG,GAATGGTAGCAGGAGGCACAGGG,0,sg9
AAATGAGAAGAAGAGGCACAGGG,AAATGAGAAGGAAAGACAGATGG,0,sg9
GAATCCTAAAAACTCTGCTTCGG,GAAAAATAAAAACTCTGTTTGGT,0,sg12
CTTGCCCCACAGGGCAGTAACGG,CTCCACGGACTGGGCAGTAACGG,0,sg3
GGGTGGGGGGAGTTTGCTCCTGG,GGGTGGGGCCTGTGTGGACCTGG,0,sg8
GACACCGAAGCAGAGTTTTTAGG,GAGTTCGAAGCAGAGTTTTCAGA,0,sg11
AAATGAGAAGAAGAGGCACAGGG,AAATGAGAAGGAAAGGCAAATAC,0,sg9
ATGAACACCAGTGAGTAGAGCGG,ATGAACACCTTTGACTGGAGAAG,0,sg6
TGACATCAATTATTATACATCGG,TAATATGAATTATTATACATCTT,0,sg10
CTTGCCCCACAGGGCAGTAACGG,CTTGCCCCACAGGGATCTGACAG,0,sg3
AAATGAGAAGAAGAGGCACAGGG,AATGAAGAAGAAGAGCCCAAGGG,0,sg9
CTTGCCCCACAGGGCAGTAACGG,TGTCCCCTAGAGGGCAGTAACGC,0,sg3
AACACCAGTGAGTAGAGCGGAGG,AACACCAGTCCGCAGCCCGGGGG,0,sg1
GGTCCTGCCGCTGCTTGTCATGG,GCTCCTGGAGCAGCTTGTCATTA,0,sg4
AAATGAGAAGAAGAGGCACAGGG,AGAGAACAAGGAGAGGCACAGGG,0,sg9
AAATGAGAAGAAGAGGCACAGGG,AGATGAGAAACAGAGGCACAGAG,0,sg9
AAATGAGAAGAAGAGGCACAGGG,AAATGAGAAAGAGGAGCCCCGGG,0,sg9
CTTGCCCCACAGGGCAGTAACGG,CTGTCCCCACAGGGCCGTTTCGC,0,sg3
GACACCGAAGCAGAGTTTTTAGG,GACTCTGAAGCAGAGATGACAGG,0,sg11
GGGTGGGGGGAGTTTGCTCCTGG,TGGTGGGGGGAGTTGGGGCAGGG,0,sg8
AAATGAGAAGAAGAGGCACAGGG,ACATGAAAAGAAGAGGCAAGTGT,0,sg9
GACACCGAAGCAGAGTTTTTAGG,CAATGAGAAGCAGAGTGTTTAGG,0,sg11
AAATGAGAAGAAGAGGCACAGGG,AAATTAGAAGAAGAGGCCAGGTT,0,sg9
AAATGAGAAGAAGAGGCACAGGG,TAAGAAGAGGAAGAGGCACAAGG,0,sg9
GGGTGGGGGGAGTTTGCTCCTGG,GGGTGGGGGCAGCCTGCTGCTTT,0,sg8
GAATCCTAAAAACTCTGCTTCGG,CTATCCTAAAAAGTCTGTTGTGG,0,sg12
AATGACCACTACATCCTCAAGGG,TATGAACTCTACATCCTCACATG,0,sg5
AAATGAGAAGAAGAGGCACAGGG,TAGCGAGGAGCAGAGGCACAGGA,0,sg9
GGGTGGGGGGAGTTTGCTCCTGG,GGGTGGGGGGTGTTTATTGCTTT,0,sg8
GGGTGGGGGGAGTTTGCTCCTGG,GGGTCAGGGGAGTTTGCTAATTA,0,sg8
TGACATCAATTATTATACATCGG,TGACATCAATCATTTTATTTAAG,0,sg10
AACACCAGTGAGTAGAGCGGAGG,AACACCAGTGTGTTGGCTGGAGG,0,sg1
GGGTGGGGGGAGTTTGCTCCTGG,GGGTGGGGGGAGTTAGTGGGTGC,0,sg8
AAATGAGAAGAAGAGGCACAGGG,AAATGAGAAGCAGAGGGAGAGGG,0,sg9
AAATGAGAAGAAGAGGCACAGGG,GAATGAGAAGAAAAGCCACAAAC,0,sg9
CCTGCCTCCGCTCTACTCACTGG,CTTGCTTCCGCTCTATACTCTGG,0,sg7
AAATGAGAAGAAGAGGCACAGGG,AGAAGCTAAGAAGAGGCAAAGGA,0,sg9
GGGTGGGGGGAGTTTGCTCCTGG,GGGTGGGGGGATTAGGGTGATGG,0,sg8
GGGTGGGGGGAGTTTGCTCCTGG,TGGTGCTGGGAATTTGCTCCTTT,0,sg8
GGTCCTGCCGCTGCTTGTCATGG,GGTGAGGTCCCTGCTTGTCATAG,0,sg4
GAATCCTAAAAACTCTGCTTCGG,AAATGATAAAAACTCTGTTTAGA,0,sg12
AATGACCACTACATCCTCAAGGG,AATTATTGCTGCATCCTCAAGGG,0,sg5
TGACATCAATTATTATACATCGG,TGATACCAATTATTATATATATT,0,sg10
GGTCCTGCCGCTGCTTGTCATGG,GGTCCTGCCCCTGCCTCACACAG,0,sg4
GAATCCTAAAAACTCTGCTTCGG,TAATCCTAAAAACTATTATTCAA,0,sg12
CTTGCCCCACAGGGCAGTAACGG,TTTGCCCCACAGGGGACATTCGG,0,sg3
CCAGTGAGTAGAGCGGAGGCAGG,TCAATCAGTAGAGCGTTTGCAGG,0,sg2
CTTGCCCCACAGGGCAGTAACGG,GCTTCCCCACAGGGCAGCACCGG,0,sg3
AAATGAGAAGAAGAGGCACAGGG,AAATGAGAAGGAGAAGAAACGGA,0,sg9
GACACCGAAGCAGAGTTTTTAGG,GAGACCATAGCAGAGTTTGTATG,0,sg11
TGACATCAATTATTATACATCGG,TGACATCAAACATTCTAGAATGG,0,sg10
AAATGAGAAGAAGAGGCACAGGG,GAATGTCTAGAAGAGGCACAGAT,0,sg9
AATGACCACTACATCCTCAAGGG,AGAGACCACCATATCCTCAAGTT,0,sg5
GGTCCTGCCGCTGCTTGTCATGG,GGTCCTGCCACTTTTTGGCCTTG,0,sg4
GAATCCTAAAAACTCTGCTTCGG,GAATCCTAAAACCTCTTAATAGG,0,sg12
GGGTGGGGGGAGTTTGCTCCTGG,TGGGGGAGTGGATTTGCTCCTGG,0,sg8
TGACATCAATTATTATACATCGG,TGACATCAATCCTAATGCCTCTG,0,sg10
CTTGCCCCACAGGGCAGTAACGG,CCTCCCCCACAGGGCAGCATCCT,0,sg3
AATGACCACTACATCCTCAAGGG,TATATCATCTAGATCCTCAAGGG,0,sg5
AACACCAGTGAGTAGAGCGGAGG,CTCAACAGGGAGTAGAGCGGGAG,0,sg1
CCTGCCTCCGCTCTACTCACTGG,CCTGCCTCCTTTCTTATCACTGA,0,sg7
GAATCCTAAAAACTCTGCTTCGG,GAATCCTAAAACATTTGCTAAAG,0,sg12
AAATGAGAAGAAGAGGCACAGGG,AGAAGAGAGGAAGAGGCAAAATG,0,sg9
GGGTGGGGGGAGTTTGCTCCTGG,GGTCATGGGGAGTTTGCTGCAGG,0,sg8
GAATCCTAAAAACTCTGCTTCGG,GTGTCCTAAAAACCCTGCTCTGT,0,sg12
AAATGAGAAGAAGAGGCACAGGG,AAATGAGAAGAAGAGGAGAGCAG,0,sg9
GACACCGAAGCAGAGTTTTTAGG,GACTCATTAGCAGAGTTTGTAGT,0,sg11
ATGAACACCAGTGAGTAGAGCGG,GCAAACACCAGTGAGTCCAGCAG,0,sg6
GACACCGAAGCAGAGTTTTTAGG,GCAACATATGCAGAGTTTTTAGA,0,sg11
CCTGCCTCCGCTCTACTCACTGG,CCTGCCTCCACCCTGGTGTCTGG,0,sg7
TGACATCAATTATTATACATCGG,TGACATCAAAGATTCTCAATGGG,0,sg10
AAATGAGAAGAAGAGGCACAGGG,GGAAAAGAAGAAGAGGAAGAGGG,0,sg9
TGACATCAATTATTATACATCGG,ACACATGGAATATTATACATCAG,0,sg10
CCTGCCTCCGCTCTACTCACTGG,CTTCTCCCAGCCCTACTCACTGG,0,sg7
AATGACCACTACATCCTCAAGGG,ACTCTTCACTCCATCCTCAAGTG,0,sg5
AAATGAGAAGAAGAGGCACAGGG,CAATGAGAAGAAATGTCTCAGGA,0,sg9
ATGAACACCAGTGAGTAGAGCGG,ATTAAGACCAGTGAGAGGGCCGG,0,sg6
CCTGCCTCCGCTCTACTCACTGG,GCTGGGTCTGCTCTACTCTCTGG,0,sg7
AACACCAGTGAGTAGAGCGGAGG,AACACCAGTGTTTACAGAGGAAA,0,sg1
TGACATCAATTATTATACATCGG,TGACAAACATTATTATACATGTT,0,sg10
TGACATCAATTATTATACATCGG,TGACATCAATGATGACATCACGG,0,sg10
ATGAACACCAGTGAGTAGAGCGG,ATAGCCACCAGTGAGAAGAGCGG,0,sg6
AAATGAGAAGAAGAGGCACAGGG,AAATGAGAAAAAGATGTAGAGAG,0,sg9
TGACATCAATTATTATACATCGG,TTTCATCAATTATAAGACATCCA,0,sg10
GAATCCTAAAAACTCTGCTTCGG,AAAAACTAAAAACTCTTTTTTGG,0,sg12
AAATGAGAAGAAGAGGCACAGGG,AAAGGAGAAGAAGAGGCAATGGA,0,sg9
AAATGAGAAGAAGAGGCACAGGG,AAATGAGAATAAAAGGCACAGTT,0,sg9
TGACATCAATTATTATACATCGG,TTAAATCAATTATTATAAATATG,0,sg10
AAATGAGAAGAAGAGGCACAGGG,AAATGAGAACAAGCTTCAAAGGA,0,sg9
CCAGTGAGTAGAGCGGAGGCAGG,CCAGTGAGTAGCCCAGAAGCAAA,0,sg2
GACACCGAAGCAGAGTTTTTAGG,GACACCGAAAAATATTTTTTACT,0,sg11
TGACATCAATTATTATACATCGG,TAAATTTAATTATTATACATCTA,0,sg10
AACACCAGTGAGTAGAGCGGAGG,AACACCAGTTAGTAGAAAAAAGA,0,sg1
GGTCCTGCCGCTGCTTGTCATGG,GCTGCTGCTGCTGCTTGTGCTGC,0,sg4
CCTGCCTCCGCTCTACTCACTGG,TCTCCATCTCCTCTACTCACTGA,0,sg7
CCTGCCTCCGCTCTACTCACTGG,CCTGCCTCCGCTCCTGACCCTTG,0,sg7
CCAGTGAGTAGAGCGGAGGCAGG,CCTGGGTGTGGAGCGGAGGCACC,0,sg2
GGGTGGGGGGAGTTTGCTCCTGG,GTGGGGGTGGGGTGTCCTCCTGG,0,sg8
AAATGAGAAGAAGAGGCACAGGG,TTATTAGAAGAAGAGGCACAAGA,0,sg9
CCAGTGAGTAGAGCGGAGGCAGG,CTAGTGAGTAGAGCCAAGACTGC,0,sg2
AAATGAGAAGAAGAGGCACAGGG,TAATCAGAAGAAGAGGGACACAG,0,sg9
CTTGCCCCACAGGGCAGTAACGG,CCTGACTCCCAGGGCAGTGCCGG,0,sg3
AAATGAGAAGAAGAGGCACAGGG,AGAGAAGAAGAAGAGGAAGTGGG,0,sg9
AAATGAGAAGAAGAGGCACAGGG,AAATGAGAAGGACAGAGAAAGGC,0,sg9
ATGAACACCAGTGAGTAGAGCGG,ATGAACACCAGAGAGCAGAAATG,0,sg6
TGACATCAATTATTATACATCGG,AGGCAATACTTATTATACATCGG,0,sg10
GGGTGGGGGGAGTTTGCTCCTGG,GGGTGGGGGAAGGGGGCCCCAGG,0,sg8
AACACCAGTGAGTAGAGCGGAGG,AAGCACAGTGAGTAGGGCAGACG,0,sg1
AAATGAGAAGAAGAGGCACAGGG,AGGTGAGAAGAAGAGACATAGGT,0,sg9
AATGACCACTACATCCTCAAGGG,AATGACCACTCCATTATCTATGA,0,sg5
TGACATCAATTATTATACATCGG,TGTCCTCTATTATTATACTTCCC,0,sg10
TGACATCAATTATTATACATCGG,TGACATCAATATTTAATCATCTG,0,sg10
AAATGAGAAGAAGAGGCACAGGG,AAAAAATAAGGTGAGGCACAGTG,0,sg9
CCTGCCTCCGCTCTACTCACTGG,CTTCACTCTGCTCTACTCACTGG,0,sg7
GGGTGGGGGGAGTTTGCTCCTGG,CAGTTGGGGGAGTTTGGTCCAAG,0,sg8
AAATGAGAAGAAGAGGCACAGGG,TAGTGAGAAGAAAAGGGTTAGGG,0,sg9
GGTCCTGCCGCTGCTTGTCATGG,GCTCCTCCGGCTGCTTGTTTTGG,0,sg4
AAATGAGAAGAAGAGGCACAGGG,AAATGAGAAGAAATGGGATGGAG,0,sg9
AATGACCACTACATCCTCAAGGG,ACTTAGCAGAACATCCTCAAGGT,0,sg5
GAATCCTAAAAACTCTGCTTCGG,GAATCCTAAAGATTCATCTGCAG,0,sg12
GACACCGAAGCAGAGTTTTTAGG,GACACTGAAGCAGAGAACCTAAG,0,sg11
GACACCGAAGCAGAGTTTTTAGG,GAGGGCAGAGCAGAGTTTTTTGG,0,sg11
TGACATCAATTATTATACATCGG,TGACATCAATTATATGACAGAGT,0,sg10
GGGTGGGGGGAGTTTGCTCCTGG,GACTGGTGGTATTTTGCTCCTGA,0,sg8
GAATCCTAAAAACTCTGCTTCGG,GGCTCCTAAAAAGTCTGCTTGAT,0,sg12
TGACATCAATTATTATACATCGG,TAGCATCAATTATTTTAGACAGG,0,sg10
AATGACCACTACATCCTCAAGGG,AATCCTCACTACATCTGCAAGAG,0,sg5
AACACCAGTGAGTAGAGCGGAGG,AACACCAGTGAGTCCCAGGGAGC,0,sg1
AATGACCACTACATCCTCAAGGG,ACTGTCACCAACATCCTCAAGGG,0,sg5
AAATGAGAAGAAGAGGCACAGGG,TAATCAGGACATGAGGCACAGAG,0,sg9
TGACATCAATTATTATACATCGG,TAAAATTAATTATTATACATTTA,0,sg10
CCTGCCTCCGCTCTACTCACTGG,CATCCCTACACTCTACTCACTAT,0,sg7
CCTGCCTCCGCTCTACTCACTGG,CATGTTACAGCTCTACTCACTGC,0,sg7
AAATGAGAAGAAGAGGCACAGGG,AAATGAGAAGAAGACAGACAATT,0,sg9
GGGTGGGGGGAGTTTGCTCCTGG,AGGGAGAGGGCTTTTGCTCCTGG,0,sg8
AATGACCACTACATCCTCAAGGG,AACGTCACCTACATCCTCCTGGG,0,sg5
AAATGAGAAGAAGAGGCACAGGG,AGAGGAGGGGAAGAGGCATGGGG,0,sg9
AAATGAGAAGAAGAGGCACAGGG,AGCAGAGGAGAAGAGGCACTGAG,0,sg9
TGACATCAATTATTATACATCGG,TTAAGGCAATTATTATCCATAGG,0,sg10
CCTGCCTCCGCTCTACTCACTGG,CCTCCCTCCGCTCTAGACTTGGG,0,sg7
GACACCGAAGCAGAGTTTTTAGG,GAAATAAAAGCAGAGTTTTTAGA,0,sg11
AAATGAGAAGAAGAGGCACAGGG,AAAAGAGAAGAAGAGGAGGTGGA,0,sg9
GAATCCTAAAAACTCTGCTTCGG,AAAAACTAAAAACTCTGCTTCTC,0,sg12
AACACCAGTGAGTAGAGCGGAGG,AACACCAGTAAATAAAGTCTAGG,0,sg1
AAATGAGAAGAAGAGGCACAGGG,GAAAGTAAAGAGGAGGCACAGGA,0,sg9
GGGTGGGGGGAGTTTGCTCCTGG,GGGTGGGGGTATTGCACTCCTGG,0,sg8
GACACCGAAGCAGAGTTTTTAGG,GACCCAGAAGCAGAGCTCTGTGG,0,sg11
AAATGAGAAGAAGAGGCACAGGG,CAGTGAGAAGAACAGACCCAGGG,0,sg9
AAATGAGAAGAAGAGGCACAGGG,AAAGTAGAGGAAGAGGCAGAGGT,0,sg9
GAATCCTAAAAACTCTGCTTCGG,GAATCCTAACACCTCTGGAGAGG,0,sg12
AACACCAGTGAGTAGAGCGGAGG,AAAGCCAGTGAGTAGAATGAGGG,0,sg1
GGGTGGGGGGAGTTTGCTCCTGG,GTGGGGTGGGGGTTTGCTGCTGG,0,sg8
TGACATCAATTATTATACATCGG,TGCCTTTAATTATTATACATATA,0,sg10
GAATCCTAAAAACTCTGCTTCGG,GATTCCTAAAAACTCTGTTAATA,0,sg12
GGGTGGGGGGAGTTTGCTCCTGG,GGGTGGGGGCTGTGCGCACCTGA,0,sg8
GGTCCTGCCGCTGCTTGTCATGG,GTAAGTGCCTCTGCTTGTCATGA,0,sg4
AATGACCACTACATCCTCAAGGG,TTTGGCACCAACATCCTCAAGGG,0,sg5
GAATCCTAAAAACTCTGCTTCGG,ACAGCCCAGAAACTCTGCTTCTG,0,sg12
CCTGCCTCCGCTCTACTCACTGG,CGTCCCTGGCCTCTACTCACTAG,0,sg7
AAATGAGAAGAAGAGGCACAGGG,AAAGGAGACCTAGAGGCACAGGA,0,sg9
AACACCAGTGAGTAGAGCGGAGG,CAGACCAGGGAGTAGAGCTGGGT,0,sg1
AACACCAGTGAGTAGAGCGGAGG,AAAAGCAGTGAGTAGAGGGAAAT,0,sg1
AAATGAGAAGAAGAGGCACAGGG,TGAAAGGAAGAAGAGGCACAGTG,0,sg9
GGTCCTGCCGCTGCTTGTCATGG,GATGGTGCTGCTGCTTGTCTTAG,0,sg4
AAATGAGAAGAAGAGGCACAGGG,GGCTGGGAAGAAGAGGCAGGGGG,0,sg9
AAATGAGAAGAAGAGGCACAGGG,AAATGAGAAGACAAATCACAGAG,0,sg9
GACACCGAAGCAGAGTTTTTAGG,AACACATGTGCAGAGTTTTGAGG,0,sg11
AAATGAGAAGAAGAGGCACAGGG,AAATGGGAAGAAGAGGATTTGAG,0,sg9
GAATCCTAAAAACTCTGCTTCGG,GACTTTTAAAAACTCAGCTTCCC,0,sg12
TGACATCAATTATTATACATCGG,TGGAAACAATTATTATACATGTA,0,sg10
AACACCAGTGAGTAGAGCGGAGG,GAAACCAGTGAGTGAAGGGGAAG,0,sg1
ATGAACACCAGTGAGTAGAGCGG,CTGAAGAGAAGTGAGTAGGGCTG,0,sg6
TGACATCAATTATTATACATCGG,TGTTATTAGTTATTATACATCCT,0,sg10
GAATCCTAAAAACTCTGCTTCGG,GGTTCCTAAAAATTCTATTTAGG,0,sg12
AAATGAGAAGAAGAGGCACAGGG,AAATGAGAAGAAATGCAAGAGGA,0,sg9
AAATGAGAAGAAGAGGCACAGGG,AGATGAGAAGAAGAGAGAGAACG,0,sg9
TGACATCAATTATTATACATCGG,AGACATCAATTATTAGAGAACAG,0,sg10
CCAGTGAGTAGAGCGGAGGCAGG,CCAGTGAGTAAATGGAAGGCACT,0,sg2
AAATGAGAAGAAGAGGCACAGGG,AAATGAGAAGAATAGCCAAAGTA,0,sg9
CCTGCCTCCGCTCTACTCACTGG,CCTGCCTCCGCCCCCCCAAGTGG,0,sg7
AACACCAGTGAGTAGAGCGGAGG,AAAAGCAGAGAGTAGAGCGGTGG,1,sg1
AAATGAGAAGAAGAGGCACAGGG,AATGAGGAAACAGAGGCACAGGG,0,sg9
CTTGCCCCACAGGGCAGTAACGG,CGCCCCCCACAGGGCAGTGAGTG,0,sg3
AACACCAGTGAGTAGAGCGGAGG,ACCACTAGTGAGTAGACTGGGGT,0,sg1
AAATGAGAAGAAGAGGCACAGGG,AAATGAGAAGACAAGCCACAGAC,0,sg9
AAATGAGAAGAAGAGGCACAGGG,GAAGGAGAAGAAGAGGAGGAGGA,0,sg9
AAATGAGAAGAAGAGGCACAGGG,GAAAGAGACATGGAGGCACAGGG,0,sg9
AAATGAGAAGAAGAGGCACAGGG,GTAGGAGGAGCAGAGGCACAGAG,0,sg9
TGACATCAATTATTATACATCGG,GGAGATCAATTATTATACATGAG,0,sg10
AAATGAGAAGAAGAGGCACAGGG,AAATGAGAAGAAAAACAACTAGG,0,sg9
AAATGAGAAGAAGAGGCACAGGG,GAATGAGAAGAAGAAAGAGAAGG,0,sg9
GGTCCTGCCGCTGCTTGTCATGG,GCTGCAAACGCTGCTTGTCATCG,0,sg4
AATGACCACTACATCCTCAAGGG,ACTGTACTCTACATCCTCAAAGG,0,sg5
GGGTGGGGGGAGTTTGCTCCTGG,GGGTGGGGGGAGCATTATTCTGC,0,sg8
AAATGAGAAGAAGAGGCACAGGG,AGAAGAGAACAACAGACACTGGG,0,sg9
GAATCCTAAAAACTCTGCTTCGG,GAATCCTAATTCCTCTGCTGATG,0,sg12
CCTGCCTCCGCTCTACTCACTGG,CCTGCCTCCTTTCAACTCATCAG,0,sg7
GACACCGAAGCAGAGTTTTTAGG,GTGACCGAAGCAATGTTCTCAGG,0,sg11
GGGTGGGGGGAGTTTGCTCCTGG,GGTTGGGGGGAGATGGTTTCAGG,0,sg8
AAATGAGAAGAAGAGGCACAGGG,AAGTTGGAAGAAGAGACAGAGAG,0,sg9
ATGAACACCAGTGAGTAGAGCGG,TTGAAGACCAGTGAGAAGAGTCC,0,sg6
GGGTGGGGGGAGTTTGCTCCTGG,GGGTGGGGGGAGTCAGTCCCTAG,0,sg8
AAATGAGAAGAAGAGGCACAGGG,ACATGACAAACTGAGGCACAGAG,0,sg9
AACACCAGTGAGTAGAGCGGAGG,TAAACCAGTGAGTAGACATCAGG,0,sg1
CCTGCCTCCGCTCTACTCACTGG,CCTGCCTCCTCTCATCTTACTGA,0,sg7
AAATGAGAAGAAGAGGCACAGGG,AAATGAGAAAACAAGCCACAGAC,0,sg9
CCTGCCTCCGCTCTACTCACTGG,CCTGCCTCCCCTCTAATCCAAAG,0,sg7
TGACATCAATTATTATACATCGG,AGACATCAATTATTATCCATTAA,0,sg10
GGGTGGGGGGAGTTTGCTCCTGG,GGTAGGGGCGAGTTTGCTGCTTT,0,sg8
GGGTGGGGGGAGTTTGCTCCTGG,GGGTGGGGGTAGTTGGGGAATGG,0,sg8
TGACATCAATTATTATACATCGG,GGACATCAATTATTGTTCATTTC,0,sg10
TGACATCAATTATTATACATCGG,TGACATCAAATTTTATAAATACT,0,sg10
AAATGAGAAGAAGAGGCACAGGG,ATATAAAAAGAAGAGGCAGAAGA,0,sg9
AAATGAGAAGAAGAGGCACAGGG,GGAAGGGAAGAAGAGGCCCATGG,0,sg9
AACACCAGTGAGTAGAGCGGAGG,AAAACCAGTGAGAAGAGACAAAG,0,sg1
AACACCAGTGAGTAGAGCGGAGG,AAGAAGAGAGAGTAGAGCAGAGG,0,sg1
GGGTGGGGGGAGTTTGCTCCTGG,GCCGGTGCGGAGTTTGCTCCTGC,0,sg8
CCAGTGAGTAGAGCGGAGGCAGG,CGAGTGTGAAGGGCGGAGGCAGT,0,sg2
AAATGAGAAGAAGAGGCACAGGG,AAAAGAGGAGAAGAGGCACAGAG,0,sg9
AATGACCACTACATCCTCAAGGG,AACTTCAACTACATCCTCCAGGA,0,sg5
ATGAACACCAGTGAGTAGAGCGG,GTGAACACCAGTAACCAGAGAGG,0,sg6
TGACATCAATTATTATACATCGG,TGACATCAATTGTTATTGTTAGA,0,sg10
GAATCCTAAAAACTCTGCTTCGG,AAAACATTAAATCTCTGCTTCTG,0,sg12
AAATGAGAAGAAGAGGCACAGGG,AAATGAGAAGACAGGACAATGGG,0,sg9
GGGTGGGGGGAGTTTGCTCCTGG,GGGTGGGGGGACCTTGAAGGTGG,0,sg8
AAATGAGAAGAAGAGGCACAGGG,AACTGAGCCACAGAGGCACAGAG,0,sg9
AATGACCACTACATCCTCAAGGG,ATTGACCACTTTATCCTCAAGCC,0,sg5
CTTGCCCCACAGGGCAGTAACGG,CTTGCCCCACAGGTGTATGTCGG,0,sg3
AAATGAGAAGAAGAGGCACAGGG,AAATGAGAAGAAAAGGGAGGGAG,0,sg9
AATGACCACTACATCCTCAAGGG,AAGGCTCACACAATCCTCAAGGG,0,sg5
AATGACCACTACATCCTCAAGGG,ATTCATCTCTACATCCTCAGGGC,0,sg5
AAATGAGAAGAAGAGGCACAGGG,ATAGGAGGAGAGGAGGCACAGAA,0,sg9
CCTGCCTCCGCTCTACTCACTGG,CCTGCCTCCCATCTACTCAAAGT,0,sg7
AACACCAGTGAGTAGAGCGGAGG,AAGACCAGTGAGAGGGCCGGGGG,0,sg1
CCTGCCTCCGCTCTACTCACTGG,CCTGCCTCCACTCTATGCTCCAG,0,sg7
GGGTGGGGGGAGTTTGCTCCTGG,GTGTGGGGGGAGCTTGTTCGTCC,0,sg8
TGACATCAATTATTATACATCGG,AGACATCAATTATCATATATTTT,0,sg10
AATGACCACTACATCCTCAAGGG,AATGGGCACGCCATCCTCAAGGT,0,sg5
CTTGCCCCACAGGGCAGTAACGG,CAGGCCCCACAGGGCAGGACCCC,0,sg3
GGGTGGGGGGAGTTTGCTCCTGG,TGGTGGGGTGGGGGTGGTCCTGG,0,sg8
GAATCCTAAAAACTCTGCTTCGG,CAGTCATAAAAACTCTACTAGGG,0,sg12
CTTGCCCCACAGGGCAGTAACGG,CTGGGGCCACAGGGCAGGACCTG,0,sg3
ATGAACACCAGTGAGTAGAGCGG,TGGAAAACCCCTGAGTAGAGCTG,0,sg6
AAATGAGAAGAAGAGGCACAGGG,AAATGAGAAGCGGTGAAGCAGGG,0,sg9
AAATGAGAAGAAGAGGCACAGGG,AAATGAGAATAAGCAGCAATGTG,0,sg9
AATGACCACTACATCCTCAAGGG,AGGGACCACTGAATCCTCAAGCA,0,sg5
AAATGAGAAGAAGAGGCACAGGG,CACAGAGAAGAAGAGTAACAAGG,0,sg9
ATGAACACCAGTGAGTAGAGCGG,ATGAGCAGAAGTGAGTAGAGGGA,0,sg6
GAATCCTAAAAACTCTGCTTCGG,GAAAACTAAAAACTCTGATTAAA,0,sg12
ATGAACACCAGTGAGTAGAGCGG,CACGACAGCAGTGAGTAGAGGGG,0,sg6
AACACCAGTGAGTAGAGCGGAGG,AACACCAGTGAGGGCAGCAGCAG,0,sg1
ATGAACACCAGTGAGTAGAGCGG,ATGAACACCAGTGAGTCTCTCCG,0,sg6
TGACATCAATTATTATACATCGG,TGACATCAATTATTATTATGATG,0,sg10
CTTGCCCCACAGGGCAGTAACGG,CCGGCCCCACAGGGCCCTACAGG,0,sg3
GGGTGGGGGGAGTTTGCTCCTGG,GGTGGGGGACAGTTTGTTTCTGG,0,sg8
GACACCGAAGCAGAGTTTTTAGG,GATACAGCAGCAGAGTTTTAACC,0,sg11
AAATGAGAAGAAGAGGCACAGGG,AAATAAGAAGAAGAGGAAGAGAC,0,sg9
AAATGAGAAGAAGAGGCACAGGG,TCATAAGAAGAAGAGGCACAGGA,0,sg9
GGTCCTGCCGCTGCTTGTCATGG,GGTCCTGCCTGGGCAGGTCGTGG,0,sg4
CCAGTGAGTAGAGCGGAGGCAGG,TAAAAGAGGTGAGCGGAGGCAGG,0,sg2
AAATGAGAAGAAGAGGCACAGGG,GAAGGAGAAGAAGAGGAAGAGGA,0,sg9
AACACCAGTGAGTAGAGCGGAGG,GAGCCCAGTGAGTAGAACGGAGG,0,sg1
AAATGAGAAGAAGAGGCACAGGG,AGGTGAGAAGAAAAAGGAAAGGG,0,sg9
GAATCCTAAAAACTCTGCTTCGG,AAGCCCTAAAAACTCTGCCTGGG,0,sg12
AAATGAGAAGAAGAGGCACAGGG,CAATCAGAAGAAGAGCCACACTG,0,sg9
AAATGAGAAGAAGAGGCACAGGG,AGAAGAAAAGAGGAGACACAGAG,0,sg9
GGTCCTGCCGCTGCTTGTCATGG,GATTCTACTGAGGCTTGTCATGG,0,sg4
ATGAACACCAGTGAGTAGAGCGG,CTGGGCACCAATGAGTAGAGCTT,0,sg6
GAATCCTAAAAACTCTGCTTCGG,GAAACTTAAAAACTCTGTTCCTC,0,sg12
GACACCGAAGCAGAGTTTTTAGG,GATACCCAAGCAGAGTTTCAAGA,0,sg11
CTTGCCCCACAGGGCAGTAACGG,CATGCGCCACAGGGCAGTGATCC,0,sg3
AAATGAGAAGAAGAGGCACAGGG,TAATGAGAAGAAGAATCAATGGA,0,sg9
AAATGAGAAGAAGAGGCACAGGG,TCATGAGCTGAAGAGGCAGAGAG,0,sg9
AAATGAGAAGAAGAGGCACAGGG,AATTGAGACCCGGAGGCACAGAG,0,sg9
GGGTGGGGGGAGTTTGCTCCTGG,TTGGGGGGGCAGTTTGCTCCTGG,0,sg8
AAATGAGAAGAAGAGGCACAGGG,AAATGAGAACAAGATTAACATGA,0,sg9
AAATGAGAAGAAGAGGCACAGGG,AAATGAGAAACTAAAGCACAGGG,0,sg9
CCAGTGAGTAGAGCGGAGGCAGG,GATGTGAGTAGATGAGAGGCAGG,0,sg2
CCAGTGAGTAGAGCGGAGGCAGG,CCAGTGAGTAGAGCTAAGGAGAG,0,sg2
AACACCAGTGAGTAGAGCGGAGG,CACAACAGTGAGTAGAACAGAAG,0,sg1
AACACCAGTGAGTAGAGCGGAGG,ATGGCCAGTGAGTAGAGAGGTTG,0,sg1
AAATGAGAAGAAGAGGCACAGGG,AAATGAGAAGAAAACAGAAAAGG,0,sg9
GGGTGGGGGGAGTTTGCTCCTGG,GGGTGGGGGTAGACTGCACTGGG,0,sg8
AAATGAGAAGAAGAGGCACAGGG,AAATTAGAAGAAGAGGAACAAAA,0,sg9
GGGTGGGGGGAGTTTGCTCCTGG,AGTCCTGGGAAGTTTGCTCCTGG,0,sg8
AAATGAGAAGAAGAGGCACAGGG,AAATGAGAAGGAGTGGCAGATGG,1,sg9
TGACATCAATTATTATACATCGG,TGACTTAATGTATTATACATCTA,0,sg10
GGTCCTGCCGCTGCTTGTCATGG,AGATCAGCTGCTGCTTGTCATGT,0,sg4
AAATGAGAAGAAGAGGCACAGGG,AAATCACAGGAAGAGGCAGAGAC,0,sg9
AATGACCACTACATCCTCAAGGG,AGTGTATACTACATCCTCACGAG,0,sg5
CCTGCCTCCGCTCTACTCACTGG,CCTGCCTCCTCTCCACCCTCTGC,0,sg7
GAATCCTAAAAACTCTGCTTCGG,GAATCCTAAAAACACAGCCTGGA,0,sg12
TGACATCAATTATTATACATCGG,TGACATCAAAAATTACTAATCAG,0,sg10
AAATGAGAAGAAGAGGCACAGGG,AATGGAGAAATTGAGGCACAGAG,0,sg9
AAATGAGAAGAAGAGGCACAGGG,ACTTGTGAAGCTGAGGCACAGGA,0,sg9
CTTGCCCCACAGGGCAGTAACGG,CTTCCTCCACAGGGCAGGACCAC,0,sg3
CTTGCCCCACAGGGCAGTAACGG,CCTGCCCCACAGGGCAGAGAAGC,0,sg3
GGGTGGGGGGAGTTTGCTCCTGG,GGGTGGGGGTCGTGTGCTGATTG,0,sg8
AAATGAGAAGAAGAGGCACAGGG,AAATGAGAACACTTGGCAGAGGA,0,sg9
AAATGAGAAGAAGAGGCACAGGG,ATAGGAGAAGAAGAGGCAGCAGA,0,sg9
GGGTGGGGGGAGTTTGCTCCTGG,GACTGGTGGCATTTTGCTCCTGA,0,sg8
CCAGTGAGTAGAGCGGAGGCAGG,GAGATGGGGAGAGCGGAGGCAGG,0,sg2
AAATGAGAAGAAGAGGCACAGGG,AAGTAGCAAGAAGAGGCAAAGGG,0,sg9
TGACATCAATTATTATACATCGG,TGACAACAATTATTAAATTTTGA,0,sg10
GGGTGGGGGGAGTTTGCTCCTGG,TGATGGGGGTTGTTTGCTCCTTT,0,sg8
TGACATCAATTATTATACATCGG,TGAAATCAATTATTATAAATTAT,0,sg10
GGGTGGGGGGAGTTTGCTCCTGG,AGTTGGGGGGAGGTGGCAGCTGG,0,sg8
GACACCGAAGCAGAGTTTTTAGG,GACACCGAATAGGAGTTGTTTTG,0,sg11
GGGTGGGGGGAGTTTGCTCCTGG,AGGTGGGGGGAGGTGGCCCCTCC,0,sg8
AAATGAGAAGAAGAGGCACAGGG,AGCTGAGAAACTGAGGCACAGTG,0,sg9
AAATGAGAAGAAGAGGCACAGGG,AAAGTGCTGGAAGAGGCACAGGG,0,sg9
ATGAACACCAGTGAGTAGAGCGG,ATGTCCACCAGTGAGTGAACTGG,0,sg6
GGGTGGGGGGAGTTTGCTCCTGG,GCGGGATGGGGGTTTGCTCCTGG,0,sg8
TGACATCAATTATTATACATCGG,TGAGATCATATATTATACATCCA,0,sg10
GAATCCTAAAAACTCTGCTTCGG,GAATCCTAAAATTCCTGCTTCAC,0,sg12
GACACCGAAGCAGAGTTTTTAGG,GAGGGGGAAGCAGAGATTTTAGA,0,sg11
AAATGAGAAGAAGAGGCACAGGG,TCATGAGAAGAAGGGGCTTATGG,0,sg9
AAATGAGAAGAAGAGGCACAGGG,AAATGAGAAGAGGAAGGAAGGAG,0,sg9
AAATGAGAAGAAGAGGCACAGGG,AAGAGAGAAAGAGAGGCACAGAG,0,sg9
GGGTGGGGGGAGTTTGCTCCTGG,GCCTGCATGGAGTTTGCTCCTGC,0,sg8
TGACATCAATTATTATACATCGG,TGTAATCTATTATTATACATTAG,0,sg10
ATGAACACCAGTGAGTAGAGCGG,ATGAACTCCTGTGAGTAGAGAGG,1,sg6
AACACCAGTGAGTAGAGCGGAGG,AACATCAGTGAGTAGTGGGGCAC,0,sg1
AATGACCACTACATCCTCAAGGG,ATTCACCACTACATCCTCATGAC,0,sg5
ATGAACACCAGTGAGTAGAGCGG,CTGCAGCCCAGTGAGTAGAGTTG,0,sg6
AAATGAGAAGAAGAGGCACAGGG,AAATGAGAAAAAGATGCCCACTC,0,sg9
AATGACCACTACATCCTCAAGGG,AATGACCACTAAGTGATCAAAGA,0,sg5
AAATGAGAAGAAGAGGCACAGGG,AAATGAGAAGAGCAGACACTGTG,0,sg9
GGGTGGGGGGAGTTTGCTCCTGG,GGGTGGGGGTGGTGTGAACCAGG,0,sg8
TGACATCAATTATTATACATCGG,TGAAGACAATATTTATACATCTG,0,sg10
AATGACCACTACATCCTCAAGGG,AATGACCACTTCATACTCATATG,0,sg5
AAATGAGAAGAAGAGGCACAGGG,AAATGAGAAAAAGAGAAAAATGT,0,sg9
AAATGAGAAGAAGAGGCACAGGG,AAATTGGAAGAAGAGCAACAGAA,0,sg9
GGGTGGGGGGAGTTTGCTCCTGG,GGGTGGGGGGTGCTTGCCCCCCA,0,sg8
CCAGTGAGTAGAGCGGAGGCAGG,CCACGCCGGCGAGCGGAGGCAGG,0,sg2
AAATGAGAAGAAGAGGCACAGGG,AAATGGAAAGAAGAGGCAAAGTT,0,sg9
GGGTGGGGGGAGTTTGCTCCTGG,AGGTGGGGGGAGTCAGCCCCCAG,0,sg8
CTTGCCCCACAGGGCAGTAACGG,CTAGCCCCACAGGGTATTATCTA,0,sg3
AAATGAGAAGAAGAGGCACAGGG,AAATGAGAAGCAGAGGACCATCA,0,sg9
GACACCGAAGCAGAGTTTTTAGG,CACACACAAAAAGAGTTTTTAGG,0,sg11
CCTGCCTCCGCTCTACTCACTGG,CCTGCCTCCCCTCGCCCCTCTCG,0,sg7
TGACATCAATTATTATACATCGG,TGATTTCCAATATTATACATCTG,0,sg10
GAATCCTAAAAACTCTGCTTCGG,TAATTAAAAAACCTCTGCTTCTG,0,sg12
GGGTGGGGGGAGTTTGCTCCTGG,GGGTGGGGGGGTGCTGCTCTGGG,0,sg8
ATGAACACCAGTGAGTAGAGCGG,TTGAATCCCAGTGAGTAGAGAAT,0,sg6
AATGACCACTACATCCTCAAGGG,ATTGGTGACTTCATCCTCAAGGT,0,sg5
GGGTGGGGGGAGTTTGCTCCTGG,GGAGTGGGGGAGTTTTTCCCTGG,0,sg8
GAATCCTAAAAACTCTGCTTCGG,GTCTCCTCATTACTCTGCTTCTG,0,sg12
CCTGCCTCCGCTCTACTCACTGG,CCTGCCTCCTATCTAGATGCTGG,0,sg7
GACACCGAAGCAGAGTTTTTAGG,GTCACTCACGAAGAGTTTTTAGT,0,sg11
GAATCCTAAAAACTCTGCTTCGG,AATACCTAAAAACTCAGGTTAGG,0,sg12
CCAGTGAGTAGAGCGGAGGCAGG,GCACTTTGAAAAGCGGAGGCAGG,0,sg2
GGGTGGGGGGAGTTTGCTCCTGG,GGGTGGGGGCATCTTCTTCCTCG,0,sg8
CCTGCCTCCGCTCTACTCACTGG,CCAGCCTCCGCTGTCCTGCCTGT,0,sg7
AAATGAGAAGAAGAGGCACAGGG,AAAAAAGAAGAAGAGGGAGAAGC,0,sg9
GACACCGAAGCAGAGTTTTTAGG,CACTCTGCTGCAGAGTTTTAAGG,0,sg11
ATGAACACCAGTGAGTAGAGCGG,ATGAACACCCAGGAGTAGAATTG,0,sg6
AAATGAGAAGAAGAGGCACAGGG,AAATGAGAAAATGTGGCATAGCA,0,sg9
GGGTGGGGGGAGTTTGCTCCTGG,GGGTGGGGGGAGAAGGGTCTTGC,0,sg8
AAATGAGAAGAAGAGGCACAGGG,AAAGTTGAGAAAGAGGCACAGAG,0,sg9
AAATGAGAAGAAGAGGCACAGGG,AAATGAGAAGGAGCTGCTCTGGA,0,sg9
ATGAACACCAGTGAGTAGAGCGG,ATGAACACCCTTCAGTTCAGGGG,0,sg6
CCTGCCTCCGCTCTACTCACTGG,CCTGCCTCCACCCTACACACCCA,0,sg7
ATGAACACCAGTGAGTAGAGCGG,AGGAACACCAGTGAGTCTGGAGA,0,sg6
GACACCGAAGCAGAGTTTTTAGG,GTGGCAGAAGCAGAGTTTGTATG,0,sg11
AAATGAGAAGAAGAGGCACAGGG,AAATGAGAAGACAAGGAACATAA,0,sg9
TGACATCAATTATTATACATCGG,TCACTGGAATTATTATACCTCGG,0,sg10
GGGTGGGGGGAGTTTGCTCCTGG,GGGTGGGGGAAGAGTGCTTCTCT,0,sg8
GGGTGGGGGGAGTTTGCTCCTGG,AGCTGGGGGGAGCTGGGTCCTGG,0,sg8
CTTGCCCCACAGGGCAGTAACGG,CTTGCCTGAGGTGGCAGTAACAG,0,sg3
AAATGAGAAGAAGAGGCACAGGG,AAAAAAGAAGAAGAAGAAGAGAG,0,sg9
ATGAACACCAGTGAGTAGAGCGG,TTAAACACCAGTATGTAGAGTGC,0,sg6
AAATGAGAAGAAGAGGCACAGGG,AACGGTGAAGAGGAGGCACAGAG,0,sg9
ATGAACACCAGTGAGTAGAGCGG,AAGAACAGCAGTGAATAGAGAGG,1,sg6
CCAGTGAGTAGAGCGGAGGCAGG,CAGTTGAGTAGAGCGGAGCCATC,0,sg2
AAATGAGAAGAAGAGGCACAGGG,AAATGAGAAAATTGAGCACAGGT,0,sg9
GAATCCTAAAAACTCTGCTTCGG,TACGCCTAAACACTCTGCTTCTC,0,sg12
AAATGAGAAGAAGAGGCACAGGG,AAATGAGAACCAGCGGCGGGGGG,0,sg9
CTTGCCCCACAGGGCAGTAACGG,ATTGCCCCACAGGCCAGGCTCTG,0,sg3
AAATGAGAAGAAGAGGCACAGGG,AAATGAGAAGAAGAGGTGGAAGG,0,sg9
GACACCGAAGCAGAGTTTTTAGG,GAGGCTGAAGCAGAGTTCTAAAG,0,sg11
GACACCGAAGCAGAGTTTTTAGG,ACCACCGAAGCAGAGTCTTTGCA,0,sg11
AAATGAGAAGAAGAGGCACAGGG,ATGAGAGAAGAAGAGGCACAGGC,0,sg9
CCTGCCTCCGCTCTACTCACTGG,CCTGCCTCCGCTTCCCAAAGTGG,0,sg7
TGACATCAATTATTATACATCGG,TGACATCAATTATCCACAATCTG,0,sg10
AATGACCACTACATCCTCAAGGG,AATGACCACAACATCCTGGAAAA,0,sg5
CCTGCCTCCGCTCTACTCACTGG,CCTGCCTCCCCTCTCCGGAGTGC,0,sg7
GGGTGGGGGGAGTTTGCTCCTGG,GGGTGGGGGGTGTAGTCTCCCTG,0,sg8
AAATGAGAAGAAGAGGCACAGGG,AGATGAGAAGAACTAGGACAAGG,0,sg9
GGTCCTGCCGCTGCTTGTCATGG,GCTGCCGCTGCTGCTGGTCATTG,0,sg4
AAATGAGAAGAAGAGGCACAGGG,AAATGAGAAAACGAGTTACAGTT,0,sg9
TGACATCAATTATTATACATCGG,TTAAATACATTATTATACATCCA,0,sg10
GGGTGGGGGGAGTTTGCTCCTGG,GGGTGGGGGCAGGGTGTGCCTAG,0,sg8
TGACATCAATTATTATACATCGG,TGGGATCAATTATTATATAGACG,0,sg10
GGGTGGGGGGAGTTTGCTCCTGG,GGGTGGGGGGAGTCTTGCTCTGT,0,sg8
AAATGAGAAGAAGAGGCACAGGG,GAGTGAGAAGAAAAGGGACAGAA,0,sg9
AAATGAGAAGAAGAGGCACAGGG,CAATAAGAAGAAGAAGAAGAGGA,0,sg9
AAATGAGAAGAAGAGGCACAGGG,AAAAGAGAGGAAGAGGCACACCT,0,sg9
GGGTGGGGGGAGTTTGCTCCTGG,GTGTGTCTGGAGTTTGCTCCTTC,0,sg8
TGACATCAATTATTATACATCGG,TAACATATATTATTATACTAAGG,0,sg10
AATGACCACTACATCCTCAAGGG,GAAGGCCAAGACATCCTCAAGGT,0,sg5
GAATCCTAAAAACTCTGCTTCGG,TGCTCATAAAAACTCTGGTTTGG,0,sg12
GGGTGGGGGGAGTTTGCTCCTGG,GGATGCCTGGACTTTGCTCCTGC,0,sg8
AAATGAGAAGAAGAGGCACAGGG,AATTGATAAACTGAGGCACAGAG,0,sg9
AAATGAGAAGAAGAGGCACAGGG,AAATAAAAAGAAGAAGAAGAGTG,0,sg9
AATGACCACTACATCCTCAAGGG,AATGACCACAAAAGCATCATGAG,0,sg5
GACACCGAAGCAGAGTTTTTAGG,GAGGCTGAAGCAGAGTAAATAGG,0,sg11
AAATGAGAAGAAGAGGCACAGGG,ATATGAGAAGAACAGAAACAGTA,0,sg9
GGGTGGGGGGAGTTTGCTCCTGG,TGGGGGATGGAGTTTGCTGCAGG,0,sg8
AAATGAGAAGAAGAGGCACAGGG,AGATGATGTGAAGAGGCACAGGG,0,sg9
GAATCCTAAAAACTCTGCTTCGG,CACTCCTAAAAAGTCTCCTACGT,0,sg12
AAATGAGAAGAAGAGGCACAGGG,GAAAGAGAAGAAGAGGGAGAGTG,0,sg9
AAATGAGAAGAAGAGGCACAGGG,AAATGAGAAGCAGATGAGCAGGA,0,sg9
CCTGCCTCCGCTCTACTCACTGG,CCTGCCTCCGCCCCAGCCAGAGG,0,sg7
GGGTGGGGGGAGTTTGCTCCTGG,GGGTGGGAGGAGCCCTCTCCTGC,0,sg8
AAATGAGAAGAAGAGGCACAGGG,AAATGAGAACAAGAGCCCCAAAT,0,sg9
GGGTGGGGGGAGTTTGCTCCTGG,GTGTGTCCGGAGTTTGCTCCTTC,0,sg8
GGGTGGGGGGAGTTTGCTCCTGG,GGGTGGGGGCAGGGTGGAGCTGG,0,sg8
CCAGTGAGTAGAGCGGAGGCAGG,CCAGCGGGGTGAGCGGAGGCACC,0,sg2
AATGACCACTACATCCTCAAGGG,AATGACCACTGCACCGAGCAGGG,0,sg5
GAATCCTAAAAACTCTGCTTCGG,GAACCTGACAAGCTCTGCTTCGC,0,sg12
AAATGAGAAGAAGAGGCACAGGG,TAAGGATAAGAAGAGGCAAGAGG,0,sg9
AAATGAGAAGAAGAGGCACAGGG,AAATGAGAAGAAGTGGCAGACAG,0,sg9
CCTGCCTCCGCTCTACTCACTGG,CCTGCCTCCGCTTCTCTCTCCTG,0,sg7
AAATGAGAAGAAGAGGCACAGGG,ACATGAGAAGAATAGACACTGTT,0,sg9
AAATGAGAAGAAGAGGCACAGGG,AATTGAGAAGAATAGGCTTCTGG,0,sg9
AATGACCACTACATCCTCAAGGG,AATAAAAATTACATCCTCAATGA,0,sg5
GGGTGGGGGGAGTTTGCTCCTGG,GCCTGTATGGAGTTTGCTCCTGC,0,sg8
AAATGAGAAGAAGAGGCACAGGG,AAGGAGGAAGAAGAGGAACTGGG,0,sg9
AAATGAGAAGAAGAGGCACAGGG,AAATGAGAATAAGAGACATAAAT,0,sg9
AAATGAGAAGAAGAGGCACAGGG,AAGAAAGAAAAAGAGGCACAGAG,0,sg9
AAATGAGAAGAAGAGGCACAGGG,AAATGAGAAAACGAGGGACCCAG,0,sg9
CCTGCCTCCGCTCTACTCACTGG,CCTGCCTCCTCTCAACATAGTTG,0,sg7
AAATGAGAAGAAGAGGCACAGGG,CTATGAGAAGAAGAAGTGAAGGG,0,sg9
AAATGAGAAGAAGAGGCACAGGG,TGAGGAGGGGAAGAGGCACAGGA,0,sg9
GGGTGGGGGGAGTTTGCTCCTGG,GGGGGTGGGGGGTGTGATTCTGG,0,sg8
AAATGAGAAGAAGAGGCACAGGG,AAATGAGAAAATGAGACTCAGAG,0,sg9
CCTGCCTCCGCTCTACTCACTGG,CCTGCCTCCCATCTCCAAACTGT,0,sg7
AAATGAGAAGAAGAGGCACAGGG,CATTGATAAGAAGAGGCACTGTG,0,sg9
AAATGAGAAGAAGAGGCACAGGG,AGAGGGGAAACTGAGGCACAGGG,0,sg9
AACACCAGTGAGTAGAGCGGAGG,ATCCCCAGTGAGTAGCTCTGTGG,0,sg1
ATGAACACCAGTGAGTAGAGCGG,AACAACACCAGTCAGTTGAGTGG,0,sg6
AAATGAGAAGAAGAGGCACAGGG,AAAGGAGAAATTGAGGCACAGAG,0,sg9
AAATGAGAAGAAGAGGCACAGGG,AACTGAGAAGAAGAAACAGTGGC,0,sg9
ATGAACACCAGTGAGTAGAGCGG,ATGAAGAGTAGTGAGTAGAAAGG,0,sg6
AAATGAGAAGAAGAGGCACAGGG,AAATGAGAAGACAAGTCATAGTT,0,sg9
GACACCGAAGCAGAGTTTTTAGG,AACATGAAAGATGAGTTTTTAGG,0,sg11
AAATGAGAAGAAGAGGCACAGGG,AAATGAGAAGGAGAAGGAGAAGG,0,sg9
AAATGAGAAGAAGAGGCACAGGG,CAATGGGAAACTGAGGCACAGAG,0,sg9
GACACCGAAGCAGAGTTTTTAGG,GAGGCTGAAGCAGAGTGAGTAGG,0,sg11
CCTGCCTCCGCTCTACTCACTGG,CCTGCCTCCTCTGCCCTCCCTTG,0,sg7
AAATGAGAAGAAGAGGCACAGGG,AGGTGGGAAGAAGAGGCAGAGTT,0,sg9
ATGAACACCAGTGAGTAGAGCGG,TTGAAAAGCAGTGAGTAGTGTAG,0,sg6
CCTGCCTCCGCTCTACTCACTGG,CTGCCCTCAGCTCTACTCCCTGC,0,sg7
AAATGAGAAGAAGAGGCACAGGG,GAATGAGAAGAAGAGCGGCAATG,0,sg9
AACACCAGTGAGTAGAGCGGAGG,CAAGTCAGTGAGTAGAGTGGAGT,0,sg1
CCAGTGAGTAGAGCGGAGGCAGG,CCAGAGAGAAGAGCGGAGCTGGA,0,sg2
AAATGAGAAGAAGAGGCACAGGG,AAATGAGAAAGAGAGGTAGAGAA,0,sg9
GACACCGAAGCAGAGTTTTTAGG,GCCACCGAAGCAAAGTGTGTAAC,0,sg11
AAATGAGAAGAAGAGGCACAGGG,AAAGCAAAAAACGAGGCACAGAG,0,sg9
AAATGAGAAGAAGAGGCACAGGG,AAATGAGAAGACAAGCCACAAAC,0,sg9
AAATGAGAAGAAGAGGCACAGGG,AAAGGAGAAGAAGAGGAGTTGGA,0,sg9
ATGAACACCAGTGAGTAGAGCGG,ATGAACACCAGCGGGAAGATGAG,0,sg6
GACACCGAAGCAGAGTTTTTAGG,GAGGCCAGAGCAGAGTTTACAGG,0,sg11
CCAGTGAGTAGAGCGGAGGCAGG,CCAGTGAGTCACATGGAGGCAGG,0,sg2
CTTGCCCCACAGGGCAGTAACGG,CTATTCCCACGGGGCAGTAACAT,0,sg3
AAATGAGAAGAAGAGGCACAGGG,GAATGAGGGGAAGAGGCACCAGA,0,sg9
CCTGCCTCCGCTCTACTCACTGG,CCTGCCTCCTCAGCCCTCTCTGG,0,sg7
AACACCAGTGAGTAGAGCGGAGG,AACACCAGTCAGCAGTGCACACG,0,sg1
AACACCAGTGAGTAGAGCGGAGG,AACACTAGTGAGTAGAGGGGAGA,0,sg1
GACACCGAAGCAGAGTTTTTAGG,GAGACAGAAGCAGAGATTAGAGT,0,sg11
GAATCCTAAAAACTCTGCTTCGG,TATTCCTAAAAATTATGTTTCAG,0,sg12
ATGAACACCAGTGAGTAGAGCGG,AGGAAATCCAGTGAGTAGAAAAG,0,sg6
TGACATCAATTATTATACATCGG,TTATAAAAATTATTATACATTAG,0,sg10
AAATGAGAAGAAGAGGCACAGGG,AAATGAGAAAAAAAGTCACTGAT,0,sg9
AATGACCACTACATCCTCAAGGG,CATCACCACTACATCTTTAAGGT,0,sg5
ATGAACACCAGTGAGTAGAGCGG,ATAAACAACAGTGAGTAGAAGGA,0,sg6
TGACATCAATTATTATACATCGG,TGTCATCAATTAATAAACTGAGG,0,sg10
GGGTGGGGGGAGTTTGCTCCTGG,GGGTGGGGGGAGGAATCTCCTTT,0,sg8
AATGACCACTACATCCTCAAGGG,AATTAAAATTACATCCTCAAGTA,0,sg5
AAATGAGAAGAAGAGGCACAGGG,AACGGAGACGTGGAGGCACAGGC,0,sg9
CTTGCCCCACAGGGCAGTAACGG,CAGGCCCCACAGGGCAGCTGCTG,0,sg3
GGGTGGGGGGAGTTTGCTCCTGG,GAGTGGGGGGAGGTTGCTGCGAC,0,sg8
AAATGAGAAGAAGAGGCACAGGG,AGAGAGGAAGAAGAGACACAGAG,0,sg9
ATGAACACCAGTGAGTAGAGCGG,CTGAACACCAGTGTGGAGAAATG,0,sg6
CCTGCCTCCGCTCTACTCACTGG,TCTGACTTCACTCTACTCACTCA,0,sg7
GACACCGAAGCAGAGTTTTTAGG,GGCACAGACTCAGAGTTTTTAGT,0,sg11
GAATCCTAAAAACTCTGCTTCGG,TCATCCTCAAAACTCTGCTTCTA,0,sg12
GGGTGGGGGGAGTTTGCTCCTGG,GGGTGGGGGGTGTGAGCTGCAGG,0,sg8
AAATGAGAAGAAGAGGCACAGGG,GAGAGAGAAGAAGAGGCAAATGG,0,sg9
AAATGAGAAGAAGAGGCACAGGG,AAAAGAGAAGGAGAAGAAGAGAG,0,sg9
CCAGTGAGTAGAGCGGAGGCAGG,ACAGTGAAGACAGCGGAGGCACA,0,sg2
GACACCGAAGCAGAGTTTTTAGG,AACCCGGAAGCAGAGGTTATTGG,0,sg11
TGACATCAATTATTATACATCGG,AGCCATCTATTATTATACAAAGG,0,sg10
TGACATCAATTATTATACATCGG,AGATACCTATTTTTATACATCTG,0,sg10
GACACCGAAGCAGAGTTTTTAGG,AACACGGAAGCAGAGCTCTTAAT,0,sg11
AAATGAGAAGAAGAGGCACAGGG,AAATGAGAAGGGGAGGGGCAAGC,0,sg9
GGGTGGGGGGAGTTTGCTCCTGG,TGGTGAGGGGAGTTTACTTCTTC,0,sg8
AAATGAGAAGAAGAGGCACAGGG,GACTGAACAGGCGAGGCACAGGG,0,sg9
GAATCCTAAAAACTCTGCTTCGG,CACTCCTAAAAATTCTGGTTCTA,0,sg12
AAATGAGAAGAAGAGGCACAGGG,CATTTAAAAGAGGAGGCACAGGG,0,sg9
AACACCAGTGAGTAGAGCGGAGG,AACACCAGTGAGCCGGGCGCGGT,0,sg1
CCTGCCTCCGCTCTACTCACTGG,CCTTCCCCAGCTCTACTCCCTTC,0,sg7
AATGACCACTACATCCTCAAGGG,TATGAGCTCTGCATCCTCAAGCA,0,sg5
AAATGAGAAGAAGAGGCACAGGG,AAATGAGAACAGGAGGGAGAGTT,0,sg9
AAATGAGAAGAAGAGGCACAGGG,AAATGAGAACCTGAGACAGAGGA,0,sg9
GACACCGAAGCAGAGTTTTTAGG,GACACAGAAGCAGAGACCCTGGG,0,sg11
AAATGAGAAGAAGAGGCACAGGG,AAATGAGAAGACAAGGCACAGAT,0,sg9
CCTGCCTCCGCTCTACTCACTGG,CGTCCCTCTTCTCTACTCACTCT,0,sg7
GAATCCTAAAAACTCTGCTTCGG,GAATCCTAATAGCTTTTTTTTGG,0,sg12
AAATGAGAAGAAGAGGCACAGGG,AAAGGAGAAGAAGAGGAGGAGGA,0,sg9
TGACATCAATTATTATACATCGG,TGACACCATTTATTATACCTAGC,0,sg10
ATGAACACCAGTGAGTAGAGCGG,TTTAACACCAGTGAGTAGGTTAG,0,sg6
GGGTGGGGGGAGTTTGCTCCTGG,GGGTGGGGGAAGTCACCTCCTTC,0,sg8
AAATGAGAAGAAGAGGCACAGGG,AAATGAGAAGCAAATGAATAGAG,0,sg9
GGGTGGGGGGAGTTTGCTCCTGG,GGGTGGGGGGAGTGTGTTTTGAG,0,sg8
AAATGAGAAGAAGAGGCACAGGG,AAAAAAGAAGAAGAGGAAGAGGA,0,sg9
AAATGAGAAGAAGAGGCACAGGG,GCTTGAGAAGAAAAGGGACAGTG,0,sg9
AAATGAGAAGAAGAGGCACAGGG,TTTTGAGAAGAAGAGGCACTCTG,0,sg9
CTTGCCCCACAGGGCAGTAACGG,CTGGCCCCACAGGTAAATACCAG,0,sg3
AAATGAGAAGAAGAGGCACAGGG,AAAGGATATGAAGAGGCAAAGGA,0,sg9
GGGTGGGGGGAGTTTGCTCCTGG,GGGTGGGGGGGGTTTGTTGGGGG,0,sg8
AAATGAGAAGAAGAGGCACAGGG,AAACAAGAAGAAGAGAAACACGT,0,sg9
GGTCCTGCCGCTGCTTGTCATGG,GGCCCTGCCGCTACTGCTGCTGG,0,sg4
GAATCCTAAAAACTCTGCTTCGG,CAATCCTCAAACCTCTGCTTCTC,0,sg12
TGACATCAATTATTATACATCGG,CTGCATCAATTATCTTACATGGG,0,sg10
AAATGAGAAGAAGAGGCACAGGG,AAATCAGAGGAAGAGGCACTGGA,0,sg9
GGGTGGGGGGAGTTTGCTCCTGG,GGGTGGGGGGTTTCTGCTGGGGG,0,sg8
AAATGAGAAGAAGAGGCACAGGG,AAATAAGAAGAAGAGGAAGAAGG,0,sg9
GGTCCTGCCGCTGCTTGTCATGG,GGTCCTGCCGCTCTTTGGCTTGC,0,sg4
CTTGCCCCACAGGGCAGTAACGG,CTAGATTCACAGGGCAGTAACTA,0,sg3
TGACATCAATTATTATACATCGG,GGAAATCAATTATTATACTGTGC,0,sg10
AAATGAGAAGAAGAGGCACAGGG,ATCTTGGAAGAAGAGACACTGGG,0,sg9
TGACATCAATTATTATACATCGG,TTGCATCAATTATAATACATGCT,0,sg10
GACACCGAAGCAGAGTTTTTAGG,GAATCTGCAGCAGAGTTTTAAGC,0,sg11
CTTGCCCCACAGGGCAGTAACGG,ACTTCCCCACAGGGCAATAGCTG,0,sg3
AATGACCACTACATCCTCAAGGG,AATGGCCCCTACATCCTCCAGGC,0,sg5
AAATGAGAAGAAGAGGCACAGGG,AAATGAGAAGAAAAGCCAACAGT,0,sg9
AAATGAGAAGAAGAGGCACAGGG,TAATCGGATGAAGAGGCACAAAG,0,sg9
CCAGTGAGTAGAGCGGAGGCAGG,CTGGTGAGTAGAGCATAGGCAAT,0,sg2
AACACCAGTGAGTAGAGCGGAGG,GACAGCAGTGAGTAGAGGGGCAG,0,sg1
TGACATCAATTATTATACATCGG,AGACAGCAATTATTAAATATGAG,0,sg10
AACACCAGTGAGTAGAGCGGAGG,GACAGCTTTGAGTAGAGCAGTGG,0,sg1
AAATGAGAAGAAGAGGCACAGGG,AGATCTCAAGCAGAGGCACAGTG,0,sg9
GAATCCTAAAAACTCTGCTTCGG,TAAGTCTAAAAACTCAGCTTTGC,0,sg12
CCAGTGAGTAGAGCGGAGGCAGG,CTAGTGAGTAGAGGGTAGAGATG,0,sg2
AAATGAGAAGAAGAGGCACAGGG,CACTGAGAAGAAAAGGAACAGTA,0,sg9
TGACATCAATTATTATACATCGG,AGACAGCAATTATTATTGATTGA,0,sg10
AACACCAGTGAGTAGAGCGGAGG,AAGACCAGTGAGGAGGGGGCTGG,0,sg1
AAATGAGAAGAAGAGGCACAGGG,CATGGAGAAGGTGAGGCACAGAG,0,sg9
CCAGTGAGTAGAGCGGAGGCAGG,CCAGTGAGTTAACCAGAGAAAGG,0,sg2
AACACCAGTGAGTAGAGCGGAGG,AACACCAGTTACAACAGCAAAGG,0,sg1
GAATCCTAAAAACTCTGCTTCGG,AAATGCTAAAGACTCTGCTTCTA,0,sg12
AATGACCACTACATCCTCAAGGG,ATTAATGACTACATCCTCAAAAG,0,sg5
CTTGCCCCACAGGGCAGTAACGG,CTTCCTCCTCAGGGCAGTCTCTG,0,sg3
AAATGAGAAGAAGAGGCACAGGG,AAATGAGAAACACAAACACAGGC,0,sg9
TGACATCAATTATTATACATCGG,TGGTTTCAATTATTAAAAATGGG,0,sg10
AAATGAGAAGAAGAGGCACAGGG,AGGTGAGAAGAAGTAGCACATAG,0,sg9
TGACATCAATTATTATACATCGG,TTTGATTAATTATTATACATGGA,0,sg10
CCTGCCTCCGCTCTACTCACTGG,CCTGCCTCCGCGCCAGGTCCTGG,0,sg7
AACACCAGTGAGTAGAGCGGAGG,AACTCCAGTGAGTAGGTCTGAGG,0,sg1
CTTGCCCCACAGGGCAGTAACGG,CTATGCCTACAGGGCAGTTAAGG,0,sg3
AAATGAGAAGAAGAGGCACAGGG,AAATGAGAACAATAGGCCCTGGG,0,sg9
GAATCCTAAAAACTCTGCTTCGG,CAATACTAAAAACTCAGCCTTGC,0,sg12
ATGAACACCAGTGAGTAGAGCGG,GAGAGAAACAGTGAGTAGAGTGG,0,sg6
CCTGCCTCCGCTCTACTCACTGG,CCTGCCTCCCCATTTCTCAAGGG,0,sg7
GACACCGAAGCAGAGTTTTTAGG,GACACCGAACCATTGCTTCTAGG,0,sg11
TGACATCAATTATTATACATCGG,AGACATCAATTATCATACTTAAA,0,sg10
TGACATCAATTATTATACATCGG,TGCCATCAATTATGCTGAGTCGG,0,sg10
CCTGCCTCCGCTCTACTCACTGG,CCTGCCTCCCAGCTGCTCTCTTG,0,sg7
CTTGCCCCACAGGGCAGTAACGG,CTTGCCCCAGAGACCTGTACAGG,0,sg3
AAATGAGAAGAAGAGGCACAGGG,TTATAAGAAGAAGAGACACAAGG,0,sg9
GGGTGGGGGGAGTTTGCTCCTGG,GGCGGGAGGTATTTTGCTCCTGG,0,sg8
AAATGAGAAGAAGAGGCACAGGG,AAGTCAAAAGAAGAGGCAGAGAG,0,sg9
GGGTGGGGGGAGTTTGCTCCTGG,GGGTGGGGGGGCTACACTGCTGG,0,sg8
AAATGAGAAGAAGAGGCACAGGG,ATATAAGAAGAAGAGGGAGAGGA,0,sg9
AAATGAGAAGAAGAGGCACAGGG,AAATGAGAAGGTGAAAAAAAGGG,0,sg9
GGGTGGGGGGAGTTTGCTCCTGG,TTTTGGGGGGAGTTAGCTCCTAA,0,sg8
AAATGAGAAGAAGAGGCACAGGG,AAATGGTAGAAGGAGGCACAGGG,0,sg9
GAATCCTAAAAACTCTGCTTCGG,GAATCTCACAAACTCTGCTTCCT,0,sg12
CCAGTGAGTAGAGCGGAGGCAGG,TAGGTGAGTAGAGCGGAGGGTGA,0,sg2
AAATGAGAAGAAGAGGCACAGGG,AAATGAGAAGCAGAAGGTTGGGG,0,sg9
GGGTGGGGGGAGTTTGCTCCTGG,GGCTGTGGGGAGTTTGGTCAGAG,0,sg8
ATGAACACCAGTGAGTAGAGCGG,TTGGATACCAGTGAGGAGAGCAG,0,sg6
AAATGAGAAGAAGAGGCACAGGG,AAATGAGAATAAGAGACAATATG,0,sg9
TGACATCAATTATTATACATCGG,TGACATCAATAAATAAATATCAA,0,sg10
CCTGCCTCCGCTCTACTCACTGG,CCTGCCTCCTCCCGAGTAGCTGG,0,sg7
AAATGAGAAGAAGAGGCACAGGG,AAATGAGAAGGAGAAGAGAATGG,0,sg9
GGGTGGGGGGAGTTTGCTCCTGG,AGGTTGGTTGCATTTGCTCCTGG,0,sg8
CTTGCCCCACAGGGCAGTAACGG,CAGGCCCCACAGGGGAGTAATGT,0,sg3
GGGTGGGGGGAGTTTGCTCCTGG,GGGTGGGGGGAGTTGGCTAGAGG,0,sg8
AAATGAGAAGAAGAGGCACAGGG,AGGATAGAAGAAGAGACAAAGGG,0,sg9
CCTGCCTCCGCTCTACTCACTGG,CCTGCCTCCACTGCCCGCCCTGG,0,sg7
GGGTGGGGGGAGTTTGCTCCTGG,GGGTGGGGGACATTTGATCCCTG,0,sg8
AAATGAGAAGAAGAGGCACAGGG,AAATGAGAAGCAGAGGCCTGGCA,0,sg9
AAATGAGAAGAAGAGGCACAGGG,ACAAGGGAAACTGAGGCACAGGG,0,sg9
GACACCGAAGCAGAGTTTTTAGG,GATAAAGAAGCAGAGTTATGATG,0,sg11
GACACCGAAGCAGAGTTTTTAGG,GAATCAGAAGCAGAGACTTTGGG,0,sg11
AACACCAGTGAGTAGAGCGGAGG,AACACCAGTTTGTGGTGGGAAGG,0,sg1
ATGAACACCAGTGAGTAGAGCGG,CGGAACACCAGTGAGGGGCGCGC,0,sg6
CTTGCCCCACAGGGCAGTAACGG,CCTGCCCCACAGGGCAATTATGG,0,sg3
AAATGAGAAGAAGAGGCACAGGG,AATTCAGAAGAAGAGTGACTGGA,0,sg9
TGACATCAATTATTATACATCGG,TGACATCAATTATTATAGATGGA,0,sg10
CCTGCCTCCGCTCTACTCACTGG,CATCCCTGGCCTCTACTCACTAG,0,sg7
GACACCGAAGCAGAGTTTTTAGG,GAATCAGAAGCAGAGGTTTTTGT,0,sg11
AATGACCACTACATCCTCAAGGG,ATTAATGACCACAACCTCAAGGG,0,sg5
GAATCCTAAAAACTCTGCTTCGG,GGATCCTCTGAGCTCTGCTTCTG,0,sg12
AAATGAGAAGAAGAGGCACAGGG,AAATGAGAAGAAGGGAAGGAGGG,0,sg9
AAATGAGAAGAAGAGGCACAGGG,CAAGCAGAATAAGAGGCACAGGC,0,sg9
GGGTGGGGGGAGTTTGCTCCTGG,GGCTGGGGGGAGTTCTGTGCTCG,0,sg8
GGGTGGGGGGAGTTTGCTCCTGG,GGGTGGGGGGTGTTAGGTGCTGG,0,sg8
TGACATCAATTATTATACATCGG,TTACATCAATTATCATAAATGAT,0,sg10
CCTGCCTCCGCTCTACTCACTGG,CCTGCCTCCTCTCACCTCCCTCT,0,sg7
AAATGAGAAGAAGAGGCACAGGG,GAATGAATAGAGGAGGCACAGAG,0,sg9
GACACCGAAGCAGAGTTTTTAGG,AACACAGAAGCAGAGTTGATTTG,0,sg11
CCAGTGAGTAGAGCGGAGGCAGG,CCAGTGAGTAGAACAGAACTTGG,0,sg2
AAATGAGAAGAAGAGGCACAGGG,AAAAGAGGTGAAGAGGCATCGAG,0,sg9
GACACCGAAGCAGAGTTTTTAGG,GAGACAGAAGCAGAGGGTTTACA,0,sg11
GGGTGGGGGGAGTTTGCTCCTGG,GTCTGGGGGGAGTTTTTGCTTGG,0,sg8
CCAGTGAGTAGAGCGGAGGCAGG,CAGGGGAGGGGAGCGGAGGCAGG,0,sg2
TGACATCAATTATTATACATCGG,ACATATCAATTATTATACAGTGT,0,sg10
AAATGAGAAGAAGAGGCACAGGG,AAATGAGAATTAGAATAAGAGGG,0,sg9
TGACATCAATTATTATACATCGG,TTACATCAATTATGATATACTGG,0,sg10
GGTCCTGCCGCTGCTTGTCATGG,GGTCCTGCCGCTGCACTCCATCG,0,sg4
AATGACCACTACATCCTCAAGGG,AATGACCACTACCACCAGAGGGG,0,sg5
CTTGCCCCACAGGGCAGTAACGG,CTTCTCCCACAGGGCAGGAGCCC,0,sg3
AAATGAGAAGAAGAGGCACAGGG,AGAATAGAAGAAGAGGCAAGAGG,0,sg9
TGACATCAATTATTATACATCGG,TTACATAGTTTATTATACATAGT,0,sg10
GAATCCTAAAAACTCTGCTTCGG,TAAAGTTAAAAACTCTGCTTCCC,0,sg12
AAATGAGAAGAAGAGGCACAGGG,AATAGAGAAGAAGAGGCAAAATA,0,sg9
CCTGCCTCCGCTCTACTCACTGG,CCTGCCTCCTCTCTATTCTCCGG,1,sg7
ATGAACACCAGTGAGTAGAGCGG,CAGCACACCAGTGAGTGGAAGGG,0,sg6
GAATCCTAAAAACTCTGCTTCGG,AAATCTTCAACTCTCTGCTTCAG,0,sg12
AAATGAGAAGAAGAGGCACAGGG,GTATAAGAGGAGGAGGCACAGCG,0,sg9
CCTGCCTCCGCTCTACTCACTGG,CCTGCCTCCTCCCAAGTAGCTGG,0,sg7
GGGTGGGGGGAGTTTGCTCCTGG,GGGTGGGGGGAGATCTCTTCAGG,0,sg8
GAATCCTAAAAACTCTGCTTCGG,GAATTCTATCAGCTCTGCTTCCC,0,sg12
TGACATCAATTATTATACATCGG,TGAAATCAATTTTTATACTTGGG,1,sg10
CCTGCCTCCGCTCTACTCACTGG,CCTGCCTCCTCCCCACAAAGTGG,0,sg7
GAATCCTAAAAACTCTGCTTCGG,TAATCCTAAAAACACCTCTTCTA,0,sg12
GGGTGGGGGGAGTTTGCTCCTGG,GGGTGGGGGAGGGTTGTTTCAGG,0,sg8
AATGACCACTACATCCTCAAGGG,GACGGACACCAAATCCTCAAGGG,0,sg5
CCTGCCTCCGCTCTACTCACTGG,CCTGCCTGCACCCTACTCACTCT,0,sg7
GGGTGGGGGGAGTTTGCTCCTGG,GGGGTGGGGGGGTTCGCGCCTGA,0,sg8
ATGAACACCAGTGAGTAGAGCGG,ATCAACACCAGTGATTACTGTGC,0,sg6
AAATGAGAAGAAGAGGCACAGGG,ACCTGAGAAGAACAAGCAATGGG,0,sg9
AAATGAGAAGAAGAGGCACAGGG,ATATGAGAAGAAAGTTAACAGGG,0,sg9
GGTCCTGCCGCTGCTTGTCATGG,GGTCCTGCCCCAGTTCCTCATAG,0,sg4
GGGTGGGGGGAGTTTGCTCCTGG,GAGGGAGGGGATTTTGCTCCTTC,0,sg8
AACACCAGTGAGTAGAGCGGAGG,GACAGTGGGGGGTAGAGCGGAGG,0,sg1
AATGACCACTACATCCTCAAGGG,ATGGGGCACAACATCCTCAAGGC,0,sg5
GGGTGGGGGGAGTTTGCTCCTGG,GGGAGTGGGGAGTTTGGCCCTAA,0,sg8
GGGTGGGGGGAGTTTGCTCCTGG,GGGTGGGGGGTGGGGGGTCCAGG,0,sg8
AATGACCACTACATCCTCAAGGG,CATTACCATAATATCCTCAAGGT,0,sg5
AAATGAGAAGAAGAGGCACAGGG,AACTGAGAAGAAATGTCCCAGTG,0,sg9
TGACATCAATTATTATACATCGG,ACACACCAATTATTATACGCCAG,0,sg10
GAATCCTAAAAACTCTGCTTCGG,GACTATTTTAAACTCTGCTTCTG,0,sg12
GGGTGGGGGGAGTTTGCTCCTGG,GAGTGGGTCGAGTTTGCTCTTCC,0,sg8
AATGACCACTACATCCTCAAGGG,AATGATGACTTCATCCTCAAGCT,0,sg5
AAATGAGAAGAAGAGGCACAGGG,AAATGAGAAAATGTGGCAAAATG,0,sg9
GGTCCTGCCGCTGCTTGTCATGG,GATCCTGACGCTGCTTGTGCCTG,0,sg4
AAATGAGAAGAAGAGGCACAGGG,ATATGAGATGTGGAGGCACAGAG,0,sg9
AAATGAGAAGAAGAGGCACAGGG,AACTGGGAGGAAGAGGCAGAGAG,0,sg9
AAATGAGAAGAAGAGGCACAGGG,AAATGAGAAGAAAAGACAAGAGA,0,sg9
TGACATCAATTATTATACATCGG,TGACATCAACAAGAATACAGCAG,0,sg10
AAATGAGAAGAAGAGGCACAGGG,AAATGCGAAGAGGCAACACAGGA,0,sg9
AACACCAGTGAGTAGAGCGGAGG,AACACCAGTGCCTAGAGTAGTTG,0,sg1
GGGTGGGGGGAGTTTGCTCCTGG,GACTGGTGGCATTTTGCTCCTGT,0,sg8
GACACCGAAGCAGAGTTTTTAGG,TGCACCCAACCAGAGTTTTTAAA,0,sg11
AACACCAGTGAGTAGAGCGGAGG,CACACCAGTGAGAAGACTCTAGG,0,sg1
CCTGCCTCCGCTCTACTCACTGG,CCTGCCTCCCTCCCATTCTCTGG,0,sg7
AAATGAGAAGAAGAGGCACAGGG,GAAGGGGAAAATGAGGCACAGAG,0,sg9
ATGAACACCAGTGAGTAGAGCGG,AAGGAGACCAGTGAGAAGAGCAG,0,sg6
AATGACCACTACATCCTCAAGGG,AAAAACTACTACATCCTCACTAG,0,sg5
AATGACCACTACATCCTCAAGGG,AAGCACCACTACATCCTCACTAG,0,sg5
GGGTGGGGGGAGTTTGCTCCTGG,GGGTGGGGGAAATATGTTCTTGG,0,sg8
GGGTGGGGGGAGTTTGCTCCTGG,GAAACGGGGGAGTTTGCTCAGGG,0,sg8
AAATGAGAAGAAGAGGCACAGGG,GTAGATGAAGAAGAGGAACAGGG,0,sg9
TGACATCAATTATTATACATCGG,TTAGATCAATTATTATAATTATG,0,sg10
AACACCAGTGAGTAGAGCGGAGG,AACACCAGTGAGCAGTGGGAAAA,0,sg1
AAATGAGAAGAAGAGGCACAGGG,GAAGGAGAAGAAGAAGAAGAGGA,0,sg9
AACACCAGTGAGTAGAGCGGAGG,ATAAACAGTGAGTAGAGAGGTGA,0,sg1
AAATGAGAAGAAGAGGCACAGGG,CTATGAGCAGAAGAGGCAGAGGA,0,sg9
GGGTGGGGGGAGTTTGCTCCTGG,AGGAGGATGGAGTTTGCTCATGA,0,sg8
GGGTGGGGGGAGTTTGCTCCTGG,GCCAAGGGGGAGTTTTCTCCTGG,0,sg8
GAATCCTAAAAACTCTGCTTCGG,GAATCCTAACAACTCTGATCACT,0,sg12
AAATGAGAAGAAGAGGCACAGGG,AAAAAAAAAGAAGAGGCATAGCT,0,sg9
TGACATCAATTATTATACATCGG,GGACATCAATTATTAAACAAATG,0,sg10
GGGTGGGGGGAGTTTGCTCCTGG,AGGTGGGGGGAGCCTCCGCCCGG,0,sg8
TGACATCAATTATTATACATCGG,TTAAATGAATTATTATACCTCTC,0,sg10
CTTGCCCCACAGGGCAGTAACGG,CTATGCCCACAGGGCAGGAGTGG,0,sg3
AAATGAGAAGAAGAGGCACAGGG,AAATGTGAAGAAGAGAGACAGGT,0,sg9
CTTGCCCCACAGGGCAGTAACGG,CTTGCCCCACAGGGAGAGAAAGA,0,sg3
AAATGAGAAGAAGAGGCACAGGG,AAATGAGAAAAAAAGGCAATAGC,0,sg9
CTTGCCCCACAGGGCAGTAACGG,CTTGCCCCATAGGGTTGTTATGA,0,sg3
AAATGAGAAGAAGAGGCACAGGG,TTTTGAGGAGAAGAGGCACTGTG,0,sg9
GGTCCTGCCGCTGCTTGTCATGG,GGCCCTGCCGCTGCTGCCGACGG,0,sg4
AACACCAGTGAGTAGAGCGGAGG,AAGAACTGCAAATAGAGCGGAGG,0,sg1
AACACCAGTGAGTAGAGCGGAGG,AACACCAGTAAGGAAAGCACTGG,0,sg1
GGGTGGGGGGAGTTTGCTCCTGG,GGGTGGGGGGAGCTATTTCCAAG,0,sg8
GAATCCTAAAAACTCTGCTTCGG,AGATCCTTAAAACTCTGCCATGG,0,sg12
CCAGTGAGTAGAGCGGAGGCAGG,CTAGTGAGTAGAGGCCAGGGAGG,0,sg2
AATGACCACTACATCCTCAAGGG,AAGGATTACTGCATCCTCAAGTG,0,sg5
AAATGAGAAGAAGAGGCACAGGG,AATGGAAAAGATGAGGCACAGAG,0,sg9
AAATGAGAAGAAGAGGCACAGGG,ATGTGAGAAGAAAAAGAACATGG,0,sg9
GAATCCTAAAAACTCTGCTTCGG,ACATGCTAAAAACTCTACTACAG,0,sg12
CTTGCCCCACAGGGCAGTAACGG,CTGGCCCCACAGGCAAGTTTCTG,0,sg3
AAATGAGAAGAAGAGGCACAGGG,AAATGAGAAGAAGAAGGAAAGAA,0,sg9
GGTCCTGCCGCTGCTTGTCATGG,GATGCTGATGCTGCTTGTCTGGG,0,sg4
AAATGAGAAGAAGAGGCACAGGG,AATTGAGAAGAAAAGCCAAAGCT,0,sg9
AAATGAGAAGAAGAGGCACAGGG,AAAAAAAAAGAAGAGGCAGAGAA,0,sg9
AAATGAGAAGAAGAGGCACAGGG,AGATGAGAAGAAGGGAGCCAGGG,0,sg9
AAATGAGAAGAAGAGGCACAGGG,AAATGAGAAGCAAAGTCACATCT,0,sg9
CCAGTGAGTAGAGCGGAGGCAGG,CCTGTGAGTAGAGAACAGGCATT,0,sg2
TGACATCAATTATTATACATCGG,TGACAAAAATTATTATACCATGT,0,sg10
ATGAACACCAGTGAGTAGAGCGG,ATGAACACCAGTGTCTTGAAGAG,0,sg6
AAATGAGAAGAAGAGGCACAGGG,AACACAGAAGTTGAGGCACAGGA,0,sg9
GGGTGGGGGGAGTTTGCTCCTGG,GGGTGGGGGGGGTTGGGGGGTGG,0,sg8
AAATGAGAAGAAGAGGCACAGGG,AAGAGAGAAGAAGAGGGAGAGGA,0,sg9
GGGTGGGGGGAGTTTGCTCCTGG,GTGGGTGGTGGGTTTGCTCCTTG,0,sg8
GGGTGGGGGGAGTTTGCTCCTGG,GGGAAGGAGGAGTAGGCTCCAGG,0,sg8
GGTCCTGCCGCTGCTTGTCATGG,GCTACAGCCTTTGCTTGTCATGG,0,sg4
AAATGAGAAGAAGAGGCACAGGG,AAAAGGAAAGAAAAGACACAGAG,0,sg9
CTTGCCCCACAGGGCAGTAACGG,CTCTCCCCACGTGGCAGTAACAA,0,sg3
AAATGAGAAGAAGAGGCACAGGG,AAATGAAACAAAGAGGCACAGAT,0,sg9
GGTCCTGCCGCTGCTTGTCATGG,GGTCCAGCTGCTTGTTCTCATAG,0,sg4
GACACCGAAGCAGAGTTTTTAGG,CTTAGGGATGCAGAGTTTTTAGG,0,sg11
GGGTGGGGGGAGTTTGCTCCTGG,GGGTGGGGGTAGTCTGGTGCTTC,0,sg8
AAATGAGAAGAAGAGGCACAGGG,AAATGAGAAGAAAGGCTAAAGTG,0,sg9
ATGAACACCAGTGAGTAGAGCGG,ATGAACACCGTTTAGTAGTGGGA,0,sg6
TGACATCAATTATTATACATCGG,ATAAATCAATTATTATACATGAT,0,sg10
GGGTGGGGGGAGTTTGCTCCTGG,GAATGGGGTGAGTTTGCTTATGT,0,sg8
GACACCGAAGCAGAGTTTTTAGG,GAATTGTAAGCAGAGTTTATAGG,0,sg11
AAATGAGAAGAAGAGGCACAGGG,AAATGAGAACATGAGTAAAATGG,0,sg9
AAATGAGAAGAAGAGGCACAGGG,AAATGAGAACATGTGGCATTTGG,0,sg9
GGGTGGGGGGAGTTTGCTCCTGG,TTCTGAGGGTACTTTGCTCCTGG,0,sg8
AACACCAGTGAGTAGAGCGGAGG,ATCAGAAGTGAGTAGAACAGAAG,0,sg1
AAATGAGAAGAAGAGGCACAGGG,AAATGAGAACATGAGGTATTTGG,0,sg9
GAATCCTAAAAACTCTGCTTCGG,GAAGTCTATAAACTCTGCAGCAG,0,sg12
AAATGAGAAGAAGAGGCACAGGG,AAATGAGAAGAGGAGTAAAAAGC,0,sg9
AAATGAGAAGAAGAGGCACAGGG,AAAAGAGAAGAAGAAGAAGAGGA,0,sg9
AAATGAGAAGAAGAGGCACAGGG,GGGTGAGAAGAAGAGCAAGAGGG,0,sg9
AACACCAGTGAGTAGAGCGGAGG,GCCACCAGTGAGTAGGACGGAAA,0,sg1
AAATGAGAAGAAGAGGCACAGGG,AAATGAGAAGGCAAGCCACAGAC,0,sg9
AAATGAGAAGAAGAGGCACAGGG,AAATGAGAAAAAAGGGAAAAGGA,0,sg9
CTTGCCCCACAGGGCAGTAACGG,CCAGCCCTAGAGGGCAGTAACAT,0,sg3
GGGTGGGGGGAGTTTGCTCCTGG,GGGTGGGGGAAGAAGGCAGCTGG,0,sg8
ATGAACACCAGTGAGTAGAGCGG,TTGAACACCAGTGGTGAAAGCAG,0,sg6
AAATGAGAAGAAGAGGCACAGGG,AAATGGGAGGAAGAGGCAGACAA,0,sg9
AAATGAGAAGAAGAGGCACAGGG,ACATGACTAGAAGAGGCATTGTG,0,sg9
CCAGTGAGTAGAGCGGAGGCAGG,CCAGTGAGTGGAGAGGAGACAGG,1,sg2
AAATGAGAAGAAGAGGCACAGGG,GAAAGAGAGGAAGAGGGAGAGTG,0,sg9
AAATGAGAAGAAGAGGCACAGGG,AGATGAGAAGAAGGAGCCCAAGG,0,sg9
AAATGAGAAGAAGAGGCACAGGG,GTATGACAAGAGGAGGCACAGGG,0,sg9
TGACATCAATTATTATACATCGG,CTAAATTAATTATTATACATGAG,0,sg10
CTTGCCCCACAGGGCAGTAACGG,TTGTCCCCACAGGGCAGTGGCGG,0,sg3
AAATGAGAAGAAGAGGCACAGGG,AAATGAGAAAGAAAGCCTCAGGC,0,sg9
AAATGAGAAGAAGAGGCACAGGG,AAATGAGAAGGTCTGGGAAAGGG,0,sg9
AACACCAGTGAGTAGAGCGGAGG,AACACCAGTGAATAAAGCAAACT,0,sg1
AAATGAGAAGAAGAGGCACAGGG,AACTGGGAGGAAGAGGCAGAGAC,0,sg9
AAATGAGAAGAAGAGGCACAGGG,AAATGAGAAACTGAGGCACAAAG,0,sg9
TGACATCAATTATTATACATCGG,TGGGTTTAATTATTATACATTGT,0,sg10
CCAGTGAGTAGAGCGGAGGCAGG,CCAGGGAGGAGAGCGGAGGAGCC,0,sg2
GGTCCTGCCGCTGCTTGTCATGG,GGAGGGGCTGCTGCTTGTGATGG,0,sg4
TGACATCAATTATTATACATCGG,TGACACAATTTATTATACAGCCC,0,sg10
GGTCCTGCCGCTGCTTGTCATGG,GGTCCTGCCTCTGCCTGACCCCG,0,sg4
GGTCCTGCCGCTGCTTGTCATGG,TGTCCTGCTGCTGCTTGTCTGCT,0,sg4
AAATGAGAAGAAGAGGCACAGGG,AAATGAGAAGAAGAGATTGCTGG,0,sg9
AAATGAGAAGAAGAGGCACAGGG,AGATGAGAAGAAGGGCCAGAGCC,0,sg9
GAATCCTAAAAACTCTGCTTCGG,TTAACCTAAAAACTCTGCTTCCA,0,sg12
TGACATCAATTATTATACATCGG,TGACATCAAAAATTTTAAATGAG,0,sg10
AAATGAGAAGAAGAGGCACAGGG,GAATGGGAAACTGAGGCACAGTG,0,sg9
GGTCCTGCCGCTGCTTGTCATGG,AGCCCTGCCGCTGTTTGTTGTGT,0,sg4
AAATGAGAAGAAGAGGCACAGGG,AAAAGGGAAGAAGAGGAAATGAG,0,sg9
GGGTGGGGGGAGTTTGCTCCTGG,GGATTGTGAAAGTTTGCTCCTGC,0,sg8
GACACCGAAGCAGAGTTTTTAGG,TTCATTTCAGCAGAGTTTTTAGG,0,sg11
GGTCCTGCCGCTGCTTGTCATGG,GGTCCTGCTGCTTGTTATCAGGG,0,sg4
GGGTGGGGGGAGTTTGCTCCTGG,GGGCGGTGGGGGGTTGCGCGTGG,0,sg8
AAATGAGAAGAAGAGGCACAGGG,AAAAAAGAAGAAGAGGAAGAAGA,0,sg9
TGACATCAATTATTATACATCGG,GGTCATCAATTACTCTTCATCTG,0,sg10
AAATGAGAAGAAGAGGCACAGGG,ATTTGAGAGGCTGAGGCACAGGA,0,sg9
TGACATCAATTATTATACATCGG,TAACATCAATTAAAATCCATCTG,0,sg10
GAATCCTAAAAACTCTGCTTCGG,AAAGCCTAAAAACTCTGATTATC,0,sg12
AAATGAGAAGAAGAGGCACAGGG,GAATGAGAAGAAGTAGCCCAGTT,0,sg9
TGACATCAATTATTATACATCGG,TGAAAACATTTATTATACAGTGT,0,sg10
AAATGAGAAGAAGAGGCACAGGG,AAGTGAGAAGAAGATGCTCCTGT,0,sg9
GACACCGAAGCAGAGTTTTTAGG,GAGACAAAAGCAGAGTTTCTAGA,0,sg11
AACACCAGTGAGTAGAGCGGAGG,AACACCAGTGAACCGAGCCCTGG,0,sg1
GGTCCTGCCGCTGCTTGTCATGG,TTTCCTGTAGCTGCTTGTAATGG,0,sg4
AAATGAGAAGAAGAGGCACAGGG,AAAAGGGAAACTGAGGCACAGAG,0,sg9
AACACCAGTGAGTAGAGCGGAGG,TGGCCCAGTGAGTAGAGCACAGG,0,sg1
TGACATCAATTATTATACATCGG,ATACATCAATTATTATCTATATG,0,sg10
CTTGCCCCACAGGGCAGTAACGG,CCTGCCCCACAGCCCAGTTCCTG,0,sg3
AAATGAGAAGAAGAGGCACAGGG,AAACTAGAAGAAGAGAGACAAGG,0,sg9
AACACCAGTGAGTAGAGCGGAGG,AGGACCAGTGAGTTTAGCAGAGG,0,sg1
ATGAACACCAGTGAGTAGAGCGG,AGGAACACCAGTGAGGAAATGGG,0,sg6
TGACATCAATTATTATACATCGG,TGAAAGCAATTATTATAAATTTG,0,sg10
AAATGAGAAGAAGAGGCACAGGG,AGAGGGGAAGAAGAGGCTCAAGA,0,sg9
GGTCCTGCCGCTGCTTGTCATGG,CGGCCTGCCGCTGCTGCTCACGC,0,sg4
AAATGAGAAGAAGAGGCACAGGG,GAAGGCAGAGAAGAGGCAGAGGG,0,sg9
AAATGAGAAGAAGAGGCACAGGG,AGAAGAGAGGCAGAGGCACAGAA,0,sg9
GACACCGAAGCAGAGTTTTTAGG,GGCACAGAAGCAGAGAGCTCAGG,0,sg11
TGACATCAATTATTATACATCGG,TGACATCAAATGTTAGGCATAAG,0,sg10
AAATGAGAAGAAGAGGCACAGGG,TTATGAGAAGAAAAGGGAAAAGG,0,sg9
AAATGAGAAGAAGAGGCACAGGG,CAATGAGAAGAAGAGACAAGGGT,0,sg9
GACACCGAAGCAGAGTTTTTAGG,GAGAGCGAAGCAGAGGTTCAGGG,0,sg11
GAATCCTAAAAACTCTGCTTCGG,GATACTTAAAAACTCTGATCTGG,0,sg12
AAATGAGAAGAAGAGGCACAGGG,GAAGGAGGAAATGAGGCACAGAG,0,sg9
TGACATCAATTATTATACATCGG,TGACATCAATGATTAAAGTTTTG,0,sg10
GGGTGGGGGGAGTTTGCTCCTGG,GCGTGGCCGGAGTTTGCTCCTTT,0,sg8
TGACATCAATTATTATACATCGG,TGACATCAAAGGTTATCCATCTT,0,sg10
AAATGAGAAGAAGAGGCACAGGG,AGAAGAAAAGAAGGGGCAAAGGT,0,sg9
TGACATCAATTATTATACATCGG,TGACATCAATTATATAATATAGT,0,sg10
AAATGAGAAGAAGAGGCACAGGG,AAATGAGAACATGGGGCTCAGTT,0,sg9
ATGAACACCAGTGAGTAGAGCGG,ATGAACACCTGAGAGTAGATAAT,0,sg6
CCTGCCTCCGCTCTACTCACTGG,CCTGCCTCCTCAGAACTCACAGT,0,sg7
CCTGCCTCCGCTCTACTCACTGG,TTTGCCTCCGCTGTTCTCTCTAG,0,sg7
AAATGAGAAGAAGAGGCACAGGG,AATTGAGAAGAAGAGAAAGTTGG,0,sg9
CCAGTGAGTAGAGCGGAGGCAGG,CCAGTGAGTAGAAGCCAGGGATG,0,sg2
CCTGCCTCCGCTCTACTCACTGG,GCTCCCTCCTCTCTACTCACTTA,0,sg7
GGGTGGGGGGAGTTTGCTCCTGG,GGTTTAGGGGAGTTTGAGCCTTG,0,sg8
GAATCCTAAAAACTCTGCTTCGG,ACACCCTAAAAACTCTGATAGGG,0,sg12
AATGACCACTACATCCTCAAGGG,AAACAACAGTACATCCTCTGGGG,0,sg5
CCAGTGAGTAGAGCGGAGGCAGG,CCAGTGAGTGGATCAGTAGCAGT,0,sg2
GAATCCTAAAAACTCTGCTTCGG,AATTGCTAAAAACTCTGCTACTT,0,sg12
GGGTGGGGGGAGTTTGCTCCTGG,GATTGGTGGCATTTTGCTCCTGC,0,sg8
AAATGAGAAGAAGAGGCACAGGG,TAATGAGAAGAAATTGCGAAGGG,0,sg9
GGGTGGGGGGAGTTTGCTCCTGG,AGGATGCGGCAGTTTGCTCCTAG,0,sg8
AAATGAGAAGAAGAGGCACAGGG,GAATGAGAAGAAGAAACAGAGCA,0,sg9
TGACATCAATTATTATACATCGG,TGAAATCAATTATTAAATATGTT,0,sg10
ATGAACACCAGTGAGTAGAGCGG,ATTAACACCAGTAACTAAAACAG,0,sg6
GAATCCTAAAAACTCTGCTTCGG,AGAACTTAAAAACTCTGCTTCAG,0,sg12
GAATCCTAAAAACTCTGCTTCGG,GAATCCTAACAATTAAGATTCAG,0,sg12
CTTGCCCCACAGGGCAGTAACGG,CTTGCCCCATAGGACAGTTTCTT,0,sg3
CCTGCCTCCGCTCTACTCACTGG,CCTGCCTCCCATCCTCTCACAGC,0,sg7
CCTGCCTCCGCTCTACTCACTGG,GTGGCCTCATCTCTACTCACTGC,0,sg7
GGGTGGGGGGAGTTTGCTCCTGG,GGGGTGGGGGTGTTCGGTCCTTG,0,sg8
CCTGCCTCCGCTCTACTCACTGG,CCACCCTTCCCTCTACTCACTCC,0,sg7
GAATCCTAAAAACTCTGCTTCGG,TGCTCCTAAAAACTAGGCTTCAG,0,sg12
AAATGAGAAGAAGAGGCACAGGG,AACAGAGAAAATGAGGCACAGTG,0,sg9
GAATCCTAAAAACTCTGCTTCGG,GATTCCTAAAAATTCTGATATGT,0,sg12
AATGACCACTACATCCTCAAGGG,CAAGACAAATAGATCCTCAAGGC,0,sg5
CCTGCCTCCGCTCTACTCACTGG,CATCTCTGTGTTCTACTCACTGG,0,sg7
AAATGAGAAGAAGAGGCACAGGG,AACAGAGAGGAAGAGGCACATGC,0,sg9
TGACATCAATTATTATACATCGG,TTTCTTCAATTATTAATCATCGA,0,sg10
TGACATCAATTATTATACATCGG,TCACCACAATTATTAAACATAGT,0,sg10
TGACATCAATTATTATACATCGG,AGAAGTCAATTATTATATCTCAG,0,sg10
GAATCCTAAAAACTCTGCTTCGG,TTATCTTAAAAACTCATCTTCAG,0,sg12
AAATGAGAAGAAGAGGCACAGGG,AACTGAGAAGAAGAAACCGAGAG,0,sg9
AAATGAGAAGAAGAGGCACAGGG,AAATGAGAAGACTGGCCTCAGGC,0,sg9
GACACCGAAGCAGAGTTTTTAGG,AACAGAAAAGCAGAGTTTTTAAT,0,sg11
GGGTGGGGGGAGTTTGCTCCTGG,GGGTGGGGGAAGCGTGGGCCTGG,0,sg8
AAATGAGAAGAAGAGGCACAGGG,GAATAAGCAGCAGAGGCACAGAC,0,sg9
TGACATCAATTATTATACATCGG,AGGCAACACTTATTATACACCAG,0,sg10
CTTGCCCCACAGGGCAGTAACGG,CTGGCCACCCAGGGCAGTGGCTG,0,sg3
AAATGAGAAGAAGAGGCACAGGG,AAATGAGAAAATGAGACAGAGAG,0,sg9
GAATCCTAAAAACTCTGCTTCGG,TATCCTTAAAAACTCTGCTCCAG,0,sg12
CCTGCCTCCGCTCTACTCACTGG,TCTCACTCCCCTCTACTCACTCC,0,sg7
GGGTGGGGGGAGTTTGCTCCTGG,GGAATGGCGGAGTTTGCTCCTGA,0,sg8
TGACATCAATTATTATACATCGG,TGACATCAATTACCTGACCTCTG,0,sg10
CCTGCCTCCGCTCTACTCACTGG,ACACCCTCCAGGCTACTCACTGG,0,sg7
GGGTGGGGGGAGTTTGCTCCTGG,GAATGGTGGCATTTTGCTCCTGT,0,sg8
AAATGAGAAGAAGAGGCACAGGG,AGAGAAGAAGAAGAGGAAGAGGA,0,sg9
AATGACCACTACATCCTCAAGGG,AATGACCACCTCCTCTCCTAGGG,0,sg5
GGGTGGGGGGAGTTTGCTCCTGG,GGGTGAGGGGAGTTTCTCCCAGG,0,sg8
AAATGAGAAGAAGAGGCACAGGG,AAATGAGAAAAGGAGACACAGAA,0,sg9
AAATGAGAAGAAGAGGCACAGGG,AGATGAGAAGAAAAGGCTCAGAC,0,sg9
AAATGAGAAGAAGAGGCACAGGG,AAAAGAGGAAATGAGAAACAGGG,0,sg9
CCTGCCTCCGCTCTACTCACTGG,CCTTTCTTGGCTCTACTCTATGG,0,sg7
AAATGAGAAGAAGAGGCACAGGG,AGATGAGGAAACGAGGCACAGAG,0,sg9
GGGTGGGGGGAGTTTGCTCCTGG,TTCTGGGAGGAGTTTGCTCTTTG,0,sg8
AAATGAGAAGAAGAGGCACAGGG,AAATGAGAACGATAGAAAGAGGG,0,sg9
AAATGAGAAGAAGAGGCACAGGG,AAAAGGGAAGAAGAGGAAGAAGA,0,sg9
TGACATCAATTATTATACATCGG,TGACATCAATTATCTCAAACCGT,0,sg10
AAATGAGAAGAAGAGGCACAGGG,GAAGGAGAAACTGAGGCACAGTG,0,sg9
AAATGAGAAGAAGAGGCACAGGG,AGATGAGGAACTGAGGCACAGGG,0,sg9
GAATCCTAAAAACTCTGCTTCGG,CAAGTCTTTAAACTCTGCTTCGC,0,sg12
GGTCCTGCCGCTGCTTGTCATGG,GATTCTGGAGTTGCTTGTCATGT,0,sg4
AAATGAGAAGAAGAGGCACAGGG,AGATGATAAGATGAAGAAGAGGG,0,sg9
CCTGCCTCCGCTCTACTCACTGG,CCAGCCTCCGCTCTCACCACTGT,0,sg7
ATGAACACCAGTGAGTAGAGCGG,AGGATGACCAGTGAGCAGAGAGG,0,sg6
AAATGAGAAGAAGAGGCACAGGG,AAAGAAGAAGAAGAGGAGGAGGA,0,sg9
CCAGTGAGTAGAGCGGAGGCAGG,CAGGTGAGTAGAGGGATGGCAGC,0,sg2
AACACCAGTGAGTAGAGCGGAGG,AATACCAGTGAGTAGAACACACA,0,sg1
CCTGCCTCCGCTCTACTCACTGG,CCTGCCTCCAGGCGAGCCACTGG,0,sg7
CTTGCCCCACAGGGCAGTAACGG,TTTGCACCACAGGGCTCAAAGGG,0,sg3
GGGTGGGGGGAGTTTGCTCCTGG,GGGTGGGGGGAGTCTTTTCCTGT,0,sg8
GACACCGAAGCAGAGTTTTTAGG,GGGACGCCAGCAGAGTTTTGAGG,0,sg11
AAATGAGAAGAAGAGGCACAGGG,AAATGAGAAGAAGGGGCATAATA,0,sg9
CCAGTGAGTAGAGCGGAGGCAGG,CCAGCGAGTAGAGCGGAGGCAGG,1,sg2
GACACCGAAGCAGAGTTTTTAGG,AACCCTGAAGCAGAGGGTTTGGG,0,sg11
AAATGAGAAGAAGAGGCACAGGG,AAATGAGAAGAACAAGCAAGAGG,0,sg9
AAATGAGAAGAAGAGGCACAGGG,AGGTGGGAAACTGAGGCACAGGG,0,sg9
AAATGAGAAGAAGAGGCACAGGG,TGATGAGAAGAAAAAGAGCAGGG,0,sg9
AAATGAGAAGAAGAGGCACAGGG,AAATAGGAAGAAGAGGAAGAAGA,0,sg9
AACACCAGTGAGTAGAGCGGAGG,TACCTCAGTGAGTAGAGCTCAGC,0,sg1
AAATGAGAAGAAGAGGCACAGGG,AAATGAGAAGAAGTAACTCAGAC,0,sg9
AAATGAGAAGAAGAGGCACAGGG,GAATGAGAGTGGGAGGCACAGGG,0,sg9
AAATGAGAAGAAGAGGCACAGGG,AAATGAGAAGATAAGCCACAGAC,0,sg9
CCTGCCTCCGCTCTACTCACTGG,TCTTTCTTCCCTCTACTCACTGC,0,sg7
GACACCGAAGCAGAGTTTTTAGG,AGCACAGAAGCAGAGACTTTAAG,0,sg11
AAATGAGAAGAAGAGGCACAGGG,GAGGGAGAAGAAGAGACAGAGAG,0,sg9
AAATGAGAAGAAGAGGCACAGGG,AAATGAGAACTGCAGGCATAGGA,0,sg9
GACACCGAAGCAGAGTTTTTAGG,GGGACCGAAGCAGTTACTTTAGG,0,sg11
AAATGAGAAGAAGAGGCACAGGG,AAATGAGAAAAAGAAGGAAGAGG,0,sg9
AAATGAGAAGAAGAGGCACAGGG,AAAAATCAAGAAGAGGCAGATGG,0,sg9
GGGTGGGGGGAGTTTGCTCCTGG,GGGTGGGGGGAGGGTTCCCCTTC,0,sg8
GGGTGGGGGGAGTTTGCTCCTGG,GGGTGGGAATGGTTTGCTCCTAC,0,sg8
AAATGAGAAGAAGAGGCACAGGG,AGACAAGAAGAAGAGGTAATGGG,0,sg9
GAATCCTAAAAACTCTGCTTCGG,GGTTCTTAGAAACTCTGCTGCAG,0,sg12
AAATGAGAAGAAGAGGCACAGGG,ACATGAGAAGAAGTGGCTCCTGC,0,sg9
CCTGCCTCCGCTCTACTCACTGG,CCTGCCTCCTCTCAAGTAGCTGG,0,sg7
AACACCAGTGAGTAGAGCGGAGG,ACATCCAGTGAGTAGAGGCCAGG,0,sg1
CCTGCCTCCGCTCTACTCACTGG,ACTCCCTCCACTCTACTCACTCC,0,sg7
AAATGAGAAGAAGAGGCACAGGG,AAAAAGGAAGAAGAGGAAGAGGA,0,sg9
AAATGAGAAGAAGAGGCACAGGG,AATGAAGAAGAAGAGGGAAATGG,0,sg9
AAATGAGAAGAAGAGGCACAGGG,AAATGAGAAGAAAAGCCAAATAT,0,sg9
CCAGTGAGTAGAGCGGAGGCAGG,CCAGTGAGTAATGGGGAAGAAGG,0,sg2
AATGACCACTACATCCTCAAGGG,AATGACCACTGCATTATCTTAGG,0,sg5
AAATGAGAAGAAGAGGCACAGGG,CAATGAGAAGAAAAGACCCAGAA,0,sg9
TGACATCAATTATTATACATCGG,ACACATCAATTATTTTACAGTGC,0,sg10
GAATCCTAAAAACTCTGCTTCGG,GGATACTTACAACTCTGCTTCCC,0,sg12
TGACATCAATTATTATACATCGG,TGTTATCAATTATTATTCATTTT,0,sg10
AAATGAGAAGAAGAGGCACAGGG,AAAGATGAAGAAGAGTCACCAGG,0,sg9
CCAGTGAGTAGAGCGGAGGCAGG,CCAGGCTGGAGTGCGGAGGCATG,0,sg2
AATGACCACTACATCCTCAAGGG,AATGACCACCACCCCCTGGAGGT,0,sg5
AAATGAGAAGAAGAGGCACAGGG,AAATGAGAAAGAAAGGGAAAGGA,0,sg9
AAATGAGAAGAAGAGGCACAGGG,TAAGCAGAAGAAGAGGAACAAAG,0,sg9
AAATGAGAAGAAGAGGCACAGGG,AGTCAAGAAGAAGAGGCACTGGT,0,sg9
AAATGAGAAGAAGAGGCACAGGG,AAATGAGAAGATGAAGCAAGTGT,0,sg9
GAATCCTAAAAACTCTGCTTCGG,GAATACTAAAAACTCTACTTAAT,0,sg12
GGGTGGGGGGAGTTTGCTCCTGG,GGGTGGGGGCCTAGTGCTCCAGG,0,sg8
GGGTGGGGGGAGTTTGCTCCTGG,GGGTGGGGGGGGGTTGGGCCTGC,0,sg8
ATGAACACCAGTGAGTAGAGCGG,AGGTACACCAGTGAGTATACTGC,0,sg6
CCTGCCTCCGCTCTACTCACTGG,CCTGCTTTCAGTCTACTCACTTT,0,sg7
TGACATCAATTATTATACATCGG,TCACTTCAATTATTATACATATT,0,sg10
AAATGAGAAGAAGAGGCACAGGG,AAATTAAAAGAAGAGGCAGGGCA,0,sg9
AAATGAGAAGAAGAGGCACAGGG,GAGGAAGAAAATGAGGCACAGGG,0,sg9
AATGACCACTACATCCTCAAGGG,ACTTAGCACAAAATCCTCAAGGT,0,sg5
AAATGAGAAGAAGAGGCACAGGG,AAAGGGGAAACTGAGGCACAGAG,0,sg9
AAATGAGAAGAAGAGGCACAGGG,GAGTGAGCAAAAGAGGCACAGTT,0,sg9
AATGACCACTACATCCTCAAGGG,TGTGAGCATAACATCCTCAAGGA,0,sg5
CCTGCCTCCGCTCTACTCACTGG,CCAGCCTCTGCTCTACTCCTTGC,0,sg7
AAATGAGAAGAAGAGGCACAGGG,ATACTAGAAAAAGAGGCACAGCC,0,sg9
GGTCCTGCCGCTGCTTGTCATGG,GAGCAGGCCTCGGCTTGTCATGG,0,sg4
CCAGTGAGTAGAGCGGAGGCAGG,CCAGTGAGTAGAAAGAAGGGCTG,0,sg2
GACACCGAAGCAGAGTTTTTAGG,GGCAGAAGAGCAGAGTTTTTAAG,0,sg11
AAATGAGAAGAAGAGGCACAGGG,AAATGAGAAGCAGAGACGAAATG,0,sg9
CCTGCCTCCGCTCTACTCACTGG,TCTGCCTCCGCTCCTTTTACGGG,0,sg7
GACACCGAAGCAGAGTTTTTAGG,GAAATGGAATTAGAGTTTTTAGG,0,sg11
CTTGCCCCACAGGGCAGTAACGG,CCTGCCCCACAGCACAGCATGGG,0,sg3
AACACCAGTGAGTAGAGCGGAGG,AACACCAGTGGGTACCATGGAGG,0,sg1
GGGTGGGGGGAGTTTGCTCCTGG,GGGTGGGGGAGGCTTGGGCGTGG,0,sg8
AAATGAGAAGAAGAGGCACAGGG,TCATAAGAAAATGAGGCACAGAG,0,sg9
AACACCAGTGAGTAGAGCGGAGG,AACACCAGTGCATTATGCGGATG,0,sg1
CCAGTGAGTAGAGCGGAGGCAGG,CCAGTGAGTAGAGAAGATGAGGG,0,sg2
CCAGTGAGTAGAGCGGAGGCAGG,CGTTTGACAACAGCGGAGGCAGG,0,sg2
AAATGAGAAGAAGAGGCACAGGG,AAATGAGAAGCAAAGTCACATTT,0,sg9
CCTGCCTCCGCTCTACTCACTGG,CCTGCCTCCTCTCCAGTCTATTG,0,sg7
TGACATCAATTATTATACATCGG,TTACTTCAATTATTATCTATTGT,0,sg10
GAATCCTAAAAACTCTGCTTCGG,GAATGCAGTGAACTCTGCTTCGA,0,sg12
AAATGAGAAGAAGAGGCACAGGG,GAAGAAGAAGAAGAGGGCCAGGC,0,sg9
AATGACCACTACATCCTCAAGGG,AATAACCACTACATCCTCCACAA,0,sg5
AACACCAGTGAGTAGAGCGGAGG,ATCACCAGTGAGTAGGTGGGGAG,0,sg1
AAATGAGAAGAAGAGGCACAGGG,GAAAAGGAAGATGAGGCACAGAG,0,sg9
AACACCAGTGAGTAGAGCGGAGG,AACACCAGTCAGCTGAGGGAAAG,0,sg1
GACACCGAAGCAGAGTTTTTAGG,GCTACAGAAGCAGAGTTTAGTGG,0,sg11
TGACATCAATTATTATACATCGG,AAATATCAATTATTAAACATTAG,0,sg10
CCTGCCTCCGCTCTACTCACTGG,CCTGCCTCCCCTACACTAAGGGG,0,sg7
AAATGAGAAGAAGAGGCACAGGG,AAATGGGAAGAAGAGATACAATA,0,sg9
ATGAACACCAGTGAGTAGAGCGG,ACCAACACCAGTGTGTGGAGAGT,0,sg6
AAATGAGAAGAAGAGGCACAGGG,AGATGAGAAATGGAGGCACAGAA,0,sg9
CTTGCCCCACAGGGCAGTAACGG,CACACCCCACAGGGCATTACCTG,0,sg3
TGACATCAATTATTATACATCGG,TCACATATATTATTATACATTGT,0,sg10
TGACATCAATTATTATACATCGG,TGACATCAATTTTTTTAAATATA,0,sg10
CCAGTGAGTAGAGCGGAGGCAGG,CCAGTGAGTAGAAAAGAGAGATG,0,sg2
AATGACCACTACATCCTCAAGGG,AGGGAGCACTACATCCTGTTGGG,0,sg5
GAATCCTAAAAACTCTGCTTCGG,AAAACCAAAAAACTCTGCTCCGC,0,sg12
AATGACCACTACATCCTCAAGGG,CAATAGCTCTACATCCTCGAGGG,0,sg5
AAATGAGAAGAAGAGGCACAGGG,AAAGGAGATGTAGAGGCACAGGA,0,sg9
CCTGCCTCCGCTCTACTCACTGG,CCTGCCTCCCCACTGTCCCCTGG,0,sg7
GGGTGGGGGGAGTTTGCTCCTGG,GGGTGGGGGGCCTCAGCTCGTGC,0,sg8
CCTGCCTCCGCTCTACTCACTGG,CCTGCCTCCTCCCACCACACTGG,0,sg7
GGGTGGGGGGAGTTTGCTCCTGG,GGGTGGGGGCCGCAAGCTCCTGG,0,sg8
GGGTGGGGGGAGTTTGCTCCTGG,GGGTGGGGGGAGAAAGGTCTGGG,0,sg8
CCTGCCTCCGCTCTACTCACTGG,CCTGCCTCCCCTCTATAAACCGT,0,sg7
AAATGAGAAGAAGAGGCACAGGG,TAGAGAGAAGAAGAGTAACAGGG,0,sg9
GAATCCTAAAAACTCTGCTTCGG,GAATCCTCCTAGCTCTGCTTCAC,0,sg12
GGGTGGGGGGAGTTTGCTCCTGG,GGTTGGGGGGAGTTGTCCACTGT,0,sg8
GAATCCTAAAAACTCTGCTTCGG,GAATCCTAACAAATGTGTTTAGT,0,sg12
AAATGAGAAGAAGAGGCACAGGG,AAAGAAGAAGAAGAGGGAGAAGT,0,sg9
GAATCCTAAAAACTCTGCTTCGG,GCGTATTAAAAACTCTGCTGCAG,0,sg12
AAATGAGAAGAAGAGGCACAGGG,AAATGAGAAAATAAGGGACATCG,0,sg9
AAATGAGAAGAAGAGGCACAGGG,GACTGGGAGGCAGAGGCACAGAG,0,sg9
TGACATCAATTATTATACATCGG,TGACATCAATTTTTATCTGTCAT,0,sg10
AAATGAGAAGAAGAGGCACAGGG,GACGGTGAAGAAGAGACTCAGGG,0,sg9
CCTGCCTCCGCTCTACTCACTGG,CCTGCCTCCACTCACCTCACCCC,0,sg7
AAATGAGAAGAAGAGGCACAGGG,AAATGAGAAGGTGATTTACAGGT,0,sg9
AAATGAGAAGAAGAGGCACAGGG,ATATGAGAAGAACTGGCATCAGG,0,sg9
GACACCGAAGCAGAGTTTTTAGG,CCCCCAGAAGCAGAGTTTCTGGG,0,sg11
AAATGAGAAGAAGAGGCACAGGG,TTAATAGCAGAAGAGGCACTGGG,0,sg9
CTTGCCCCACAGGGCAGTAACGG,AGCACCCAACAGGGCAGTAAGGG,0,sg3
TGACATCAATTATTATACATCGG,TAACATGATCTATTATACATCAC,0,sg10
AAATGAGAAGAAGAGGCACAGGG,AAATGAGAAGCAGCTGCAGAAAG,0,sg9
AAATGAGAAGAAGAGGCACAGGG,GAATAACGAGAAGAGGCAAATGG,0,sg9
CTTGCCCCACAGGGCAGTAACGG,AGTGACCCACAGGGCACACACGG,0,sg3
GGGTGGGGGGAGTTTGCTCCTGG,GGGGAGGAGGACTTTGCTCCTCT,0,sg8
CCAGTGAGTAGAGCGGAGGCAGG,AAAGGGAAAAGAGCGGAGGAAGG,0,sg2
AAATGAGAAGAAGAGGCACAGGG,AAAGAAGAAGAGGAAGCAAAGGA,0,sg9
GGTCCTGCCGCTGCTTGTCATGG,GGTCCTGCCTCTCCCTGGAATGC,0,sg4
CTTGCCCCACAGGGCAGTAACGG,CTTGCCCCACAAGGTGGCATCAG,0,sg3
AAATGAGAAGAAGAGGCACAGGG,AAGGAAGAAGAGGAGGCAAAGAG,0,sg9
AAATGAGAAGAAGAGGCACAGGG,AAAAGAATAGACGAGGCACAGTG,0,sg9
AATGACCACTACATCCTCAAGGG,ACAGTCCCCTACATCCTCATGGG,0,sg5
GACACCGAAGCAGAGTTTTTAGG,GACTCTAAGGAAGAGTTTTTAGG,0,sg11
AAATGAGAAGAAGAGGCACAGGG,ACATGACCAGGAGAGGCACAGGG,0,sg9
AAATGAGAAGAAGAGGCACAGGG,TAATGTGTAGAAGAGGCACACTG,0,sg9
GGGTGGGGGGAGTTTGCTCCTGG,AAGAGGGGAGAGTTTGCTCCCTG,0,sg8
CCTGCCTCCGCTCTACTCACTGG,CCTGTCTCCTCTCCACTCACTGG,1,sg7
AACACCAGTGAGTAGAGCGGAGG,AACACCAGTGAGGATGGTGAAAG,0,sg1
CCAGTGAGTAGAGCGGAGGCAGG,CCAGTGAGTTGGGGAGAGCCAGG,0,sg2
GAATCCTAAAAACTCTGCTTCGG,GAATTCAAAGCACTCTGCTTCAA,0,sg12
GACACCGAAGCAGAGTTTTTAGG,CACACAGAAGCAGAGTGTACAGA,0,sg11
AATGACCACTACATCCTCAAGGG,AATGACCACTAAATAAGCAATGC,0,sg5
CCAGTGAGTAGAGCGGAGGCAGG,CCCGAGGTGAGCGCGGAGGCAGG,0,sg2
GACACCGAAGCAGAGTTTTTAGG,TTCACAGAAGCAGAGGTTTTAGC,0,sg11
CTTGCCCCACAGGGCAGTAACGG,AGAGCCCCACAGGGCTGTAACCA,0,sg3
CCTGCCTCCGCTCTACTCACTGG,CCTGCCTCCTCCCCACCCCCTCG,0,sg7
GACACCGAAGCAGAGTTTTTAGG,GACACCGAAGAATCGTATTTTTG,0,sg11
TGACATCAATTATTATACATCGG,TTAAATTAATTATTATACTTGGT,0,sg10
CCTGCCTCCGCTCTACTCACTGG,CCTGCCTCCGCTCAGCCTGCTGT,0,sg7
AAATGAGAAGAAGAGGCACAGGG,AAATGAGAATAACCAGCACAGAG,0,sg9
CCAGTGAGTAGAGCGGAGGCAGG,CTAGTGAGTAGAGGCAAAGCATG,0,sg2
TGACATCAATTATTATACATCGG,TCACTTTTATTATTATACATCAA,0,sg10
TGACATCAATTATTATACATCGG,TGACATCAACTATTTAAAAACGT,0,sg10
GGGTGGGGGGAGTTTGCTCCTGG,GGGTGGGGGCTGACTGCTCATGG,0,sg8
CCTGCCTCCGCTCTACTCACTGG,CCTGCCTCCGCTCCCCTCCCCTG,0,sg7
AAATGAGAAGAAGAGGCACAGGG,AAAGAAGAAGAAGAAGAAGAGGA,0,sg9
AAATGAGAAGAAGAGGCACAGGG,AGATGCGAAGAAGAGGTACCAGG,0,sg9
GGTCCTGCCGCTGCTTGTCATGG,GGTCCTGCCCCTTCCTAGCTTGG,0,sg4
CCTGCCTCCGCTCTACTCACTGG,CCTGCCTCCACACCGCTCACTCC,0,sg7
CCTGCCTCCGCTCTACTCACTGG,CCTGCCTCCTTTCTGCTGGCTGG,0,sg7
GAATCCTAAAAACTCTGCTTCGG,AAAACCTGAAAACTCTGCTACCT,0,sg12
AAATGAGAAGAAGAGGCACAGGG,AGAAGAGAAGGAGAGGAACACAG,0,sg9
GAATCCTAAAAACTCTGCTTCGG,ATACCCTAAAAACTCTGATTAGA,0,sg12
GACACCGAAGCAGAGTTTTTAGG,GGCACCAGGGCAGAGTTTTCTGG,0,sg11
AAATGAGAAGAAGAGGCACAGGG,AAATGAGAACCAGCGGCAGGGGG,0,sg9
CCAGTGAGTAGAGCGGAGGCAGG,TCAGGAAGTAGAGCGCGGTCAGG,0,sg2
AAATGAGAAGAAGAGGCACAGGG,AAATGAGAAAAACCAGCGCAGAG,0,sg9
GGGTGGGGGGAGTTTGCTCCTGG,GTTTGGTGGGAGTTTGCTAATGT,0,sg8
TGACATCAATTATTATACATCGG,TGACAACAATTATTATCCCCAGA,0,sg10
AAATGAGAAGAAGAGGCACAGGG,ATAAAAGAAAAAGAGGCACAGAC,0,sg9
CCTGCCTCCGCTCTACTCACTGG,CCTGAATCTCCACTACTCACTGG,0,sg7
GACACCGAAGCAGAGTTTTTAGG,TGAGCAGAAGCAGAGTTTTCAGG,0,sg11
CCTGCCTCCGCTCTACTCACTGG,CATGCCTCCGCTCAAAACAGTTG,0,sg7
ATGAACACCAGTGAGTAGAGCGG,ATTCAAAGCAGTGAGTAGAGGGA,0,sg6
GACACCGAAGCAGAGTTTTTAGG,GACTCTGAAGCAGAGTTCCTGGA,0,sg11
CCTGCCTCCGCTCTACTCACTGG,CATCCCTGCCCTCTACTCACTAG,0,sg7
GGGTGGGGGGAGTTTGCTCCTGG,GGGGTGGGGGACTGTTCTACTGG,0,sg8
AAATGAGAAGAAGAGGCACAGGG,GAAGGAGAAGAAGAGGAAGAAGA,0,sg9
AAATGAGAAGAAGAGGCACAGGG,AGAGAAGAAGAAGAGGAAAAAGG,0,sg9
AAATGAGAAGAAGAGGCACAGGG,CTATGAGAAGAAAAGGCAGTGGA,0,sg9
AAATGAGAAGAAGAGGCACAGGG,AAATGAGAACATAAGCCCCAGGC,0,sg9
GACACCGAAGCAGAGTTTTTAGG,CAACCCTAAGCAGAGTTTGCAGG,0,sg11
ATGAACACCAGTGAGTAGAGCGG,ATGAACACCCGTGATGTCAGCAG,0,sg6
GAATCCTAAAAACTCTGCTTCGG,GAATTAGAAAAACTCTGCTTAAT,0,sg12
AAATGAGAAGAAGAGGCACAGGG,AAATGAGAAAAAAAGGAAACGGT,0,sg9
ATGAACACCAGTGAGTAGAGCGG,ATTAGCACTAGTGAGTAGTCCGT,0,sg6
CCTGCCTCCGCTCTACTCACTGG,GCTGTTCCCCATCTACTCACTGG,0,sg7
GAATCCTAAAAACTCTGCTTCGG,GAAACCAAACAACTCTGCTTCCT,0,sg12
AAATGAGAAGAAGAGGCACAGGG,AAATGAGAAGAAAATGAAGAATG,0,sg9
GACACCGAAGCAGAGTTTTTAGG,GCCACAGAAGCAGAGCTTGGAGT,0,sg11
AAATGAGAAGAAGAGGCACAGGG,AAATGAGTTAAAGAGGCACAGAG,0,sg9
AAATGAGAAGAAGAGGCACAGGG,CAATGAGTAACTGAGGCACAGAG,0,sg9
GAATCCTAAAAACTCTGCTTCGG,TAACCCTAACACCTCTGCTTCCC,0,sg12
GACACCGAAGCAGAGTTTTTAGG,GACACCTGAGCAGAGTTTCAGGC,0,sg11
ATGAACACCAGTGAGTAGAGCGG,GTAATGACCAATGAGTAGAGCAG,0,sg6
CTTGCCCCACAGGGCAGTAACGG,TTTGTTCCCCAGGGCAGTGACTG,0,sg3
AAATGAGAAGAAGAGGCACAGGG,AATTGAGAAGAAATAGCAAAGGC,0,sg9
AAATGAGAAGAAGAGGCACAGGG,GAATAAGAAGAAGAAGAAGAGGA,0,sg9
GGGTGGGGGGAGTTTGCTCCTGG,GGGTGGGGGGAATGAGTTAATGG,0,sg8
GAATCCTAAAAACTCTGCTTCGG,TAATCCTAAAAAATCTTATAGGG,0,sg12
AAATGAGAAGAAGAGGCACAGGG,AAGTGAGCAGAAGAGGCACAGCG,0,sg9
GGGTGGGGGGAGTTTGCTCCTGG,GGGTGGGGGGAGGGAGGTCGAGG,0,sg8
AAATGAGAAGAAGAGGCACAGGG,GAAGAAGAAGAAGAGGGAGAGGG,0,sg9
AAATGAGAAGAAGAGGCACAGGG,AAATGAGAAGAAGGAAGGAAGGG,0,sg9
AAATGAGAAGAAGAGGCACAGGG,AAAAGGGATAAAGAGGCACAGAA,0,sg9
AAATGAGAAGAAGAGGCACAGGG,AACTGGGGAGAAGAGGCATTGAG,0,sg9
GGGTGGGGGGAGTTTGCTCCTGG,GTTGGGGGAGGCTTTGCTCCTGG,0,sg8
AATGACCACTACATCCTCAAGGG,AACTACAATTACATCCTCAAGTC,0,sg5
GGGTGGGGGGAGTTTGCTCCTGG,GGGTGGGGGTGGTTAGCCCCTGA,0,sg8
GGGTGGGGGGAGTTTGCTCCTGG,TGGTGGGGGGAGGGTGCTCGTTT,0,sg8
CCTGCCTCCGCTCTACTCACTGG,CCTGCCTCCCCTCCACACCCTTC,0,sg7
GGGTGGGGGGAGTTTGCTCCTGG,GGGTGGGGGAGGGTTGCTCTAGT,0,sg8
GACACCGAAGCAGAGTTTTTAGG,GTCACCGAAGCAGAGATCATATC,0,sg11
CTTGCCCCACAGGGCAGTAACGG,CCTTCCCAACAGGGCAGTCACAT,0,sg3
CCTGCCTCCGCTCTACTCACTGG,CCTGCCTCCACTTTTATCCATGG,0,sg7
CCTGCCTCCGCTCTACTCACTGG,CCTGCCTCCATTCTATTCAAAGT,0,sg7
TGACATCAATTATTATACATCGG,TCACAGCACTTATTATACAGTGT,0,sg10
AAATGAGAAGAAGAGGCACAGGG,CAGTGAAAGGAAGAGGCAAAGAG,0,sg9
AACACCAGTGAGTAGAGCGGAGG,TCTACCACTGTTTAGAGCGGAGG,0,sg1
GGGTGGGGGGAGTTTGCTCCTGG,GGAGGTTGGAAGTTTGCTCCTGT,0,sg8
CTTGCCCCACAGGGCAGTAACGG,CTTGCCCCATAGGGTAGAGGCAG,0,sg3
AAATGAGAAGAAGAGGCACAGGG,AAAGACCAAGAAGAGGCAGAGGA,0,sg9
AAATGAGAAGAAGAGGCACAGGG,TTGTGAGAAGAAGAGAGAAAGGG,0,sg9
GGGTGGGGGGAGTTTGCTCCTGG,GGGAGTGAGGAGTTTGCTGGTTG,0,sg8
AAATGAGAAGAAGAGGCACAGGG,ACATGGAATGCAGAGGCACAGTG,0,sg9
AAATGAGAAGAAGAGGCACAGGG,ACCTGGGAAGAAGAGGAACCGGA,0,sg9
AACACCAGTGAGTAGAGCGGAGG,ATAACCAGTGAGTAGAGCTTAGT,0,sg1
AAATGAGAAGAAGAGGCACAGGG,AAATGAGAACAAAGACTACAGGG,0,sg9
GAATCCTAAAAACTCTGCTTCGG,GAAAATTAAAAACTCTGCTTTTT,0,sg12
AAATGAGAAGAAGAGGCACAGGG,AATTTAAAAGAAGAGGCAAGGTG,0,sg9
AAATGAGAAGAAGAGGCACAGGG,AAATGTGAAGAAGAGGCTTGAGG,0,sg9
AAATGAGAAGAAGAGGCACAGGG,AAGAGAGAAGAAGAGGGACATCT,0,sg9
TGACATCAATTATTATACATCGG,TGTTTTTAATAATTATACATCAG,0,sg10
GACACCGAAGCAGAGTTTTTAGG,GACACCGAAGCACTGGATTTTTG,0,sg11
AAATGAGAAGAAGAGGCACAGGG,AAATGAGAAGAAGGAGAAGACAG,0,sg9
AAATGAGAAGAAGAGGCACAGGG,AAATGAGAAGAAAAAACAAAGAA,0,sg9
AAATGAGAAGAAGAGGCACAGGG,CAAAAAAATGCAGAGGCACAGGG,0,sg9
GGGTGGGGGGAGTTTGCTCCTGG,GGCTGGGGGGAGTTTGAATGTGG,0,sg8
GGGTGGGGGGAGTTTGCTCCTGG,GAGTGGGTGGAGTTTGCTACAGG,0,sg8
AACACCAGTGAGTAGAGCGGAGG,ACCATGAGTGAGTAGAGGGGTTG,0,sg1
AAATGAGAAGAAGAGGCACAGGG,GGATGAGAAGAAGAGAGAAAAGG,0,sg9
GGTCCTGCCGCTGCTTGTCATGG,CTTCCTGCCGCTGCTTCTGCTGA,0,sg4
AAATGAGAAGAAGAGGCACAGGG,AAATGAGAAGGGGAGGGTGTGGG,0,sg9
GACACCGAAGCAGAGTTTTTAGG,GAGCCTGAAGCAGAGTTTACATG,0,sg11
AACACCAGTGAGTAGAGCGGAGG,AACACCAGTGATAAGACAAGATG,0,sg1
AAATGAGAAGAAGAGGCACAGGG,GAAGGAGAAGAAGAGGAATAAGA,0,sg9
AAATGAGAAGAAGAGGCACAGGG,ACAAGAGAAGAAGAGGCTAGGAG,0,sg9
GGTCCTGCCGCTGCTTGTCATGG,TGTCACACCGCTGCTTGTCACCG,0,sg4
TGACATCAATTATTATACATCGG,TGGCATCAATTATAATAATTCTT,0,sg10
AAATGAGAAGAAGAGGCACAGGG,GAGTCAGGAGAAGAGGCAGAGAG,0,sg9
AAATGAGAAGAAGAGGCACAGGG,GATTGAGAAGAAAAGCCACAGAC,0,sg9
CCTGCCTCCGCTCTACTCACTGG,CCTGCCTCCTCTCCCCTCCCTCC,0,sg7
ATGAACACCAGTGAGTAGAGCGG,TTTGGCACCAGTGAGTTGAGCGG,0,sg6
CCTGCCTCCGCTCTACTCACTGG,GCCCCCTCCGCTCTACTCACCCC,0,sg7
AACACCAGTGAGTAGAGCGGAGG,AGAACCAGTGAGTAGTGCAGTTG,0,sg1
AAATGAGAAGAAGAGGCACAGGG,AAGAAAGAGGAAGAGGCACAGAC,0,sg9
AAATGAGAAGAAGAGGCACAGGG,GATTAGGAAGCGGAGGCACAGGG,0,sg9
AAATGAGAAGAAGAGGCACAGGG,AAATGAGAAGAAGCTGGGGAGGG,0,sg9
ATGAACACCAGTGAGTAGAGCGG,ATGAACACCAATGTCTAGATTGC,0,sg6
GACACCGAAGCAGAGTTTTTAGG,AACACAGGAGCAGAGTTTCTATG,0,sg11
GAATCCTAAAAACTCTGCTTCGG,GATTCATGAGAACTCTGCTTCTG,0,sg12
CTTGCCCCACAGGGCAGTAACGG,CATGTAGCACAGGGCAGTAAGAG,0,sg3
GAATCCTAAAAACTCTGCTTCGG,AATTACTTAAATCTCTGCTTCTG,0,sg12
AAATGAGAAGAAGAGGCACAGGG,GAGAGAGAGGAAGAGGCAGAGAG,0,sg9
AAATGAGAAGAAGAGGCACAGGG,AAATGAGAAATTGAGCTACAGAG,0,sg9
CCTGCCTCCGCTCTACTCACTGG,ACTCACTCCACTCTACTCACTCC,0,sg7
AAATGAGAAGAAGAGGCACAGGG,GCAGCAGAGGAAGAGGCACAGGG,0,sg9
GACACCGAAGCAGAGTTTTTAGG,GAGCCCGAAGCAGAGTGGTGAGG,0,sg11
GGTCCTGCCGCTGCTTGTCATGG,GGCCTTGGGGCTGCTTGTGCTGG,0,sg4
CTTGCCCCACAGGGCAGTAACGG,CTTGCCCCACAGGCAAATTGTGG,0,sg3
AACACCAGTGAGTAGAGCGGAGG,AGCACCAGTGAGTAGGGAGCCTG,0,sg1
AACACCAGTGAGTAGAGCGGAGG,AACATATGTGAGTAGAGCACAGC,0,sg1
GGTCCTGCCGCTGCTTGTCATGG,CTCCCTGGCTCTGCTTGTCATGG,0,sg4
GACACCGAAGCAGAGTTTTTAGG,TGGAACCATGCAGAGTTTTTAGG,0,sg11
GGGTGGGGGGAGTTTGCTCCTGG,GGGTGGGGGTAGTTTTCTGCAGG,0,sg8
GAATCCTAAAAACTCTGCTTCGG,AAAACAAAAAAACTCTGCTCCAG,0,sg12
CTTGCCCCACAGGGCAGTAACGG,TATTCCACACAGGGCAGTCAGGG,0,sg3
AAATGAGAAGAAGAGGCACAGGG,AAATGAGAAAATCAGGCTTAGGG,0,sg9
AAATGAGAAGAAGAGGCACAGGG,GAAGAAGAAGAAGAGGCAAAGAC,0,sg9
GGGTGGGGGGAGTTTGCTCCTGG,GAGGAGGGATAATTTGCTCCTGG,0,sg8
CCTGCCTCCGCTCTACTCACTGG,CCAGTGTCAGCTCTACTCCCTTG,0,sg7
TGACATCAATTATTATACATCGG,TGAAATTGTTTATTATACATTGT,0,sg10
AAATGAGAAGAAGAGGCACAGGG,AAAGGAAAAGCTGAGGCACAGAG,0,sg9
AAATGAGAAGAAGAGGCACAGGG,GGGTGAGAAGAAGTGGCATATGG,0,sg9
AAATGAGAAGAAGAGGCACAGGG,AAATGAGAACGCCAGGCACGGTG,0,sg9
CTTGCCCCACAGGGCAGTAACGG,CTGGCCCCACAGACCACTCACGA,0,sg3
GACACCGAAGCAGAGTTTTTAGG,GTATCCAAACCAGAGTTTTTATG,0,sg11
AAATGAGAAGAAGAGGCACAGGG,ATCTGGGAAGAAGAGGGGGAGGG,0,sg9
GGTCCTGCCGCTGCTTGTCATGG,GTTCCTGCCGCTGCCTGTGAGGT,0,sg4
AAATGAGAAGAAGAGGCACAGGG,CAGCGAAATGAAGAGGCACACGG,0,sg9
GGGTGGGGGGAGTTTGCTCCTGG,GTGGGGGTGGAGGTTGCTGCTGG,0,sg8
AATGACCACTACATCCTCAAGGG,GATGACCACTACTTCTTTAGGGA,0,sg5
GACACCGAAGCAGAGTTTTTAGG,GACAAATAAGCAGAGTTTTGGAG,0,sg11
AAATGAGAAGAAGAGGCACAGGG,CAATGAGAAGAAAATTAACAAGG,0,sg9
TGACATCAATTATTATACATCGG,TGTCACCAATTATTATTCTTCTT,0,sg10
AAATGAGAAGAAGAGGCACAGGG,AAATGAGAAACTGAGGCACAGAG,0,sg9
GGGTGGGGGGAGTTTGCTCCTGG,GGGGGTGGGGGGGTTACTCCTGT,0,sg8
CCTGCCTCCGCTCTACTCACTGG,CCTGCCTCCTTTGTGTTCCCTGG,0,sg7
TGACATCAATTATTATACATCGG,TCTCTTCAATTATTATACTGCCG,0,sg10
GGGTGGGGGGAGTTTGCTCCTGG,GGGTGGGGGGGAGATGCAACTGG,0,sg8
CCTGCCTCCGCTCTACTCACTGG,CCTGCCTCCCACCTCCCCACGGG,0,sg7
CCTGCCTCCGCTCTACTCACTGG,CCTGCCTCCCTTCCCCTCACTCT,0,sg7
TGACATCAATTATTATACATCGG,TAACATCAATTAGTAAACATTTA,0,sg10
GAATCCTAAAAACTCTGCTTCGG,TTTTACTATAATCTCTGCTTCGG,0,sg12
AAATGAGAAGAAGAGGCACAGGG,AAAAAGTAAGAAGAGGCACAGGA,0,sg9
ATGAACACCAGTGAGTAGAGCGG,AAGATGATGAGTGAGTAGAGCTG,0,sg6
CTTGCCCCACAGGGCAGTAACGG,CCTGCCCCACAGGGAGGCAGCTG,0,sg3
GGGTGGGGGGAGTTTGCTCCTGG,GGGTGGGGGGAGATCCCTCCCCC,0,sg8
GGGTGGGGGGAGTTTGCTCCTGG,GGGTGGGGGAATGGTGGTCCTGG,0,sg8
AAATGAGAAGAAGAGGCACAGGG,AATCCAGGAGAAGAGGCAGAGGT,0,sg9
AAATGAGAAGAAGAGGCACAGGG,AAATGAGAAGAAAACGAATATAG,0,sg9
AAATGAGAAGAAGAGGCACAGGG,AGAGGACAGGAAGAGGCAGAGGG,0,sg9
ATGAACACCAGTGAGTAGAGCGG,TCCCACACCAGTGAGCAGAGCAG,0,sg6
GACACCGAAGCAGAGTTTTTAGG,GGCTGGGGTGCAGAGTTTTTAGG,0,sg11
GGGTGGGGGGAGTTTGCTCCTGG,GCCTGTGTGGAGTTTGCTCGTGG,0,sg8
AATGACCACTACATCCTCAAGGG,GACTTCCAGTTCATCCTCAAGGG,0,sg5
AACACCAGTGAGTAGAGCGGAGG,AGAAGCAGTGAGTAGAATGGTGG,0,sg1
AACACCAGTGAGTAGAGCGGAGG,AACTCCAGTGAGTAGAGGCTTAG,0,sg1
CTTGCCCCACAGGGCAGTAACGG,CTTGCCCCACAGGGAGGTAATGA,0,sg3
CCAGTGAGTAGAGCGGAGGCAGG,AAAGTGATGGAAGCGGAGGCAGG,0,sg2
AATGACCACTACATCCTCAAGGG,CATGCTCACTTCATCCTCAAGCT,0,sg5
AAATGAGAAGAAGAGGCACAGGG,AAGTGAGAAGAAGAGGGATAGAT,0,sg9
CCAGTGAGTAGAGCGGAGGCAGG,CCAGTGAGTACAGCTGGAGAAAG,0,sg2
AAATGAGAAGAAGAGGCACAGGG,AAATGGGGAGAAGAGGCACATTT,0,sg9
GAATCCTAAAAACTCTGCTTCGG,CACTCCTCAAACCTCTGCTTCAA,0,sg12
AACACCAGTGAGTAGAGCGGAGG,AACACCAGTGAGTTGATTGCATT,0,sg1
GGGTGGGGGGAGTTTGCTCCTGG,GGGGGTGGGGAGTTGGTTTCAGG,0,sg8
AAATGAGAAGAAGAGGCACAGGG,AAATGAGAAGAAGAAATACAGAA,0,sg9
AAATGAGAAGAAGAGGCACAGGG,AAATGAGAAGACCAGGAATAGCA,0,sg9
TGACATCAATTATTATACATCGG,TCAACTCAATTATTATTTATAGG,0,sg10
GGGTGGGGGGAGTTTGCTCCTGG,CAGTGGGGGGAGGCTGCCTCTGG,0,sg8
AAATGAGAAGAAGAGGCACAGGG,AAAAGAGAAAATGAAGAAGAGGG,0,sg9
CCAGTGAGTAGAGCGGAGGCAGG,CTAGAGAGAACAGCGGAGGCAAA,0,sg2
AAATGAGAAGAAGAGGCACAGGG,AAATGAGAAGCTCAGACAAAGTG,0,sg9
CTTGCCCCACAGGGCAGTAACGG,TTGGTCCCACAGGGCAGTATCCC,0,sg3
GGGTGGGGGGAGTTTGCTCCTGG,GGGTGGGGGGTGTGTGGAGCTGA,0,sg8
GGGTGGGGGGAGTTTGCTCCTGG,GAAAGAGGGGAGTTTGCTTCTGG,0,sg8
GAATCCTAAAAACTCTGCTTCGG,AAATACTAATGACTCTGCTTCTG,0,sg12
AAATGAGAAGAAGAGGCACAGGG,AGATGAAAAAGTGAGGCACAGGC,0,sg9
AACACCAGTGAGTAGAGCGGAGG,GACACCTGTGAGTAGAGCCCCAG,0,sg1
AACACCAGTGAGTAGAGCGGAGG,AACACCAGTTAGTATATCACAGA,0,sg1
AAATGAGAAGAAGAGGCACAGGG,AAAAGGAAGGAAGAGGCACTCGG,0,sg9
AATGACCACTACATCCTCAAGGG,AACTACAACAAAATCCTCAAGGG,0,sg5
GGGTGGGGGGAGTTTGCTCCTGG,GGGTGGGGGGCTCTCGGTCCTGG,0,sg8
GAATCCTAAAAACTCTGCTTCGG,GATCACTCACACCTCTGCTTCGG,0,sg12
AAATGAGAAGAAGAGGCACAGGG,AGATGAGAAGAATGCTTACAGGG,0,sg9
AAATGAGAAGAAGAGGCACAGGG,GGATGAGAAGAATTGACACAGAG,0,sg9
AAATGAGAAGAAGAGGCACAGGG,AAGGGAGAAGAAGAGGGAATGGA,0,sg9
AAATGAGAAGAAGAGGCACAGGG,AGATGAGGAAACGAGGCACAGGG,0,sg9
GACACCGAAGCAGAGTTTTTAGG,AAAACTGAAGCAGAGGTTAGAGG,0,sg11
CCTGCCTCCGCTCTACTCACTGG,CCTGCCTCCGCCCTCCTGAGTAG,0,sg7
AAATGAGAAGAAGAGGCACAGGG,TAAGAAGAAGAAGAGACACAAGA,0,sg9
AACACCAGTGAGTAGAGCGGAGG,AACACCAGTGAGTGTAGCAGGTA,0,sg1
CTTGCCCCACAGGGCAGTAACGG,CTGAGCCCACAGGGCAGCAGAGG,0,sg3
AAATGAGAAGAAGAGGCACAGGG,GAAGCAGAAGAAGAGGAGGAGGG,0,sg9
AAATGAGAAGAAGAGGCACAGGG,AAATGAGAAGATTGGGACCAAGG,0,sg9
AAATGAGAAGAAGAGGCACAGGG,AAGAGACAAACGGAGGCACAGGG,0,sg9
GACACCGAAGCAGAGTTTTTAGG,GACTCAGAAGCAGAGAGCTGAGG,0,sg11
AAATGAGAAGAAGAGGCACAGGG,AAATGAGAAAAAGTAGGAGAGAG,0,sg9
CCTGCCTCCGCTCTACTCACTGG,CCTGCCTCCGGTCTCCCGAGTAG,0,sg7
AAATGAGAAGAAGAGGCACAGGG,AAGTGAGAAGAAGGGAGGAAGGG,0,sg9
CCTGCCTCCGCTCTACTCACTGG,CCTGCCTCCACCCTCCTGAGTAG,0,sg7
GGGTGGGGGGAGTTTGCTCCTGG,GGGTGGGGGTTGTTTGTTCAGGA,0,sg8
ATGAACACCAGTGAGTAGAGCGG,ATGAACACCAGTGTACTGGGTGG,0,sg6
AAATGAGAAGAAGAGGCACAGGG,AAATGGAAGGAAGAGGCAAAAGC,0,sg9
AAATGAGAAGAAGAGGCACAGGG,AAATGAGAACGAAAGCCAGAGAG,0,sg9
AACACCAGTGAGTAGAGCGGAGG,AAAACCAGTGAGTGGGGCCTGGG,0,sg1
AAATGAGAAGAAGAGGCACAGGG,ACAGGAGAAGAAGAGAAACAAGG,0,sg9
AACACCAGTGAGTAGAGCGGAGG,CAGACCAGTGAGTTGAAGAGAGG,0,sg1
GACACCGAAGCAGAGTTTTTAGG,TTCACAGAAGCAGAGTATTCAGA,0,sg11
GGGTGGGGGGAGTTTGCTCCTGG,GGACAGAGGGCCTTTGCTCCTGG,0,sg8
GGGTGGGGGGAGTTTGCTCCTGG,GGGTGGGGGGAGAATGTTGCATG,0,sg8
GACACCGAAGCAGAGTTTTTAGG,ATCATAGAAGCAGAGCTTCTAGG,0,sg11
GGGTGGGGGGAGTTTGCTCCTGG,GGGTGGGGGCTGTTTCCTCACCG,0,sg8
AAATGAGAAGAAGAGGCACAGGG,AAATGAGAAGATGAAACAGTGGC,0,sg9
AACACCAGTGAGTAGAGCGGAGG,AAAAACAGTGAGTAGAGGAGCAG,0,sg1
GGTCCTGCCGCTGCTTGTCATGG,GGGCTTGCCGCTGCTGCTGATGT,0,sg4
AAATGAGAAGAAGAGGCACAGGG,CAAAGAGAAGAAGAGACACCAGA,0,sg9
AAATGAGAAGAAGAGGCACAGGG,ACATGAGAAGAATTAGTACTGGG,0,sg9
GAATCCTAAAAACTCTGCTTCGG,GAATCCTAATAACTTTTTTTTGA,0,sg12
AAATGAGAAGAAGAGGCACAGGG,ATATGAGAAGAAGTGACATAAAG,0,sg9
GAATCCTAAAAACTCTGCTTCGG,AATCCCTATAAACTCTGCCTAGG,0,sg12
AAATGAGAAGAAGAGGCACAGGG,AAAACTGAAGAAGAGAAACAGGG,0,sg9
GACACCGAAGCAGAGTTTTTAGG,GAAATCTAAGCAGAGTTTTAAAC,0,sg11
CCAGTGAGTAGAGCGGAGGCAGG,GGAGTGAGTAGAGGTGAGGAATG,0,sg2
ATGAACACCAGTGAGTAGAGCGG,CTGACCACCAGTGAGCCGGGCAG,0,sg6
GGGTGGGGGGAGTTTGCTCCTGG,GATTGAGGGGAGTTTGGTGATGG,0,sg8
GGGTGGGGGGAGTTTGCTCCTGG,GGGTGGGGGGAGTTTGGAATCAG,0,sg8
GACACCGAAGCAGAGTTTTTAGG,AAAATTGCAGCAGAGTTTTTACG,0,sg11
AAATGAGAAGAAGAGGCACAGGG,TAATGAGAAGAAGATGGAGATGA,0,sg9
GGTCCTGCCGCTGCTTGTCATGG,GGTCCTGCCGCTGCTGGCCCCAA,0,sg4
GGGTGGGGGGAGTTTGCTCCTGG,GGGTGGGGGGACGTTGCCCGGGT,0,sg8
ATGAACACCAGTGAGTAGAGCGG,ATGAACACCACTGAGTGCGCCAG,0,sg6
AAATGAGAAGAAGAGGCACAGGG,AAATGAGAACAAGAAGCACTATT,0,sg9
TGACATCAATTATTATACATCGG,AGACATCAATTATGACTCATCTT,0,sg10
AAATGAGAAGAAGAGGCACAGGG,AAAGAAGAAGAAGAGGTGAAGGA,0,sg9
GAATCCTAAAAACTCTGCTTCGG,CAATGCCACACACTCTGCTTCTG,0,sg12
CTTGCCCCACAGGGCAGTAACGG,CATTATCCACAGGGCAGCAACAG,0,sg3
TGACATCAATTATTATACATCGG,GGACATCAATTAATTTTTATCAG,0,sg10
TGACATCAATTATTATACATCGG,TGGTTTCATTTATTATACTTCAG,0,sg10
CCTGCCTCCGCTCTACTCACTGG,CCTGCCTCCACCCAAACCCCTGG,0,sg7
GAATCCTAAAAACTCTGCTTCGG,GAGACCTAAAAACTCAGATTCCA,0,sg12
CCTGCCTCCGCTCTACTCACTGG,AGTGCCTAATCTCTACTCACTGC,0,sg7
CCTGCCTCCGCTCTACTCACTGG,CCTGCCTCCTCTGAACTCACTCA,0,sg7
GGTCCTGCCGCTGCTTGTCATGG,GGTCCTGCCCCTGCTGGTCCTCA,0,sg4
GGGTGGGGGGAGTTTGCTCCTGG,GGGTGGGGGGAGTCTGGGCTTCA,0,sg8
GACACCGAAGCAGAGTTTTTAGG,GAGGGGGAAGCAGAGTTCTCAGG,0,sg11
GGGTGGGGGGAGTTTGCTCCTGG,GGGTGGGGGCAAAATGCCACTGG,0,sg8
GGGTGGGGGGAGTTTGCTCCTGG,GGGTGGGGGGAGGTGTTTTCTTG,0,sg8
AACACCAGTGAGTAGAGCGGAGG,AGCATCAGTGAGTAGAGCTTGGG,0,sg1
TGACATCAATTATTATACATCGG,TGTAACAAATTATTATACATTAG,0,sg10
TGACATCAATTATTATACATCGG,TTAAGTAAATTATTATACATTAG,0,sg10
GAATCCTAAAAACTCTGCTTCGG,CAATCCTGCAAACTCTGCTTCCA,0,sg12
AAATGAGAAGAAGAGGCACAGGG,ACATGTGGAGTTGAGGCACAGAG,0,sg9
CTTGCCCCACAGGGCAGTAACGG,CTGGGCCCACAGGGCAATCCCGG,0,sg3
GAATCCTAAAAACTCTGCTTCGG,GGGTGCTGAAAACTCTGCTTAGT,0,sg12
GACACCGAAGCAGAGTTTTTAGG,GACCAGGAAGCAGAGTTTTCCCG,0,sg11
AATGACCACTACATCCTCAAGGG,AATGACCACAGCAGCCTCTGGAG,0,sg5
CCTGCCTCCGCTCTACTCACTGG,TCTGCCTCCGCTTATCCCACTGA,0,sg7
AAATGAGAAGAAGAGGCACAGGG,AAATGAGAAGTAATAGCACAGTG,0,sg9
AAATGAGAAGAAGAGGCACAGGG,ATAACAAAAGAAGAGGCACACGA,0,sg9
AAATGAGAAGAAGAGGCACAGGG,AAATGAGAAACACAGGAAAAAGG,0,sg9
GAATCCTAAAAACTCTGCTTCGG,TAATGACAATAACTCTGCTTCTG,0,sg12
GGGTGGGGGGAGTTTGCTCCTGG,GGGTGGGGGAGGTGTGCTGTTGC,0,sg8
AACACCAGTGAGTAGAGCGGAGG,TGAACCAGTGAGTAGAGCGTAGG,0,sg1
AAATGAGAAGAAGAGGCACAGGG,AGAGGAGAAGAAGAGGAGGAGGG,0,sg9
AAATGAGAAGAAGAGGCACAGGG,CAATGGGATAAGGAGGCACAGGG,0,sg9
AAATGAGAAGAAGAGGCACAGGG,TATTGGGAAGCTGAGGCACAGAG,0,sg9
AATGACCACTACATCCTCAAGGG,ATTAAACAACACATCCTCAAGGG,0,sg5
TGACATCAATTATTATACATCGG,TGACAAGAATCATTATACATCAA,0,sg10
CCTGCCTCCGCTCTACTCACTGG,CCTGCCTCCCCACTCCACCCTGC,0,sg7
GAATCCTAAAAACTCTGCTTCGG,TAATCCTAAAAACACTCCTGGGA,0,sg12
AAATGAGAAGAAGAGGCACAGGG,AAATGAGAAAGGGAGGCACTTGT,0,sg9
GAATCCTAAAAACTCTGCTTCGG,GAATCCTAAATACTGTGATTGGA,0,sg12
CCTGCCTCCGCTCTACTCACTGG,CCTGCCTCCTCCCTCCTCCCTCC,0,sg7
CCTGCCTCCGCTCTACTCACTGG,CCTGCCTCCTCTTTGCTCATTTA,0,sg7
AAATGAGAAGAAGAGGCACAGGG,AAATGAGAAGAAGGGAAAAAAGT,0,sg9
CTTGCCCCACAGGGCAGTAACGG,TTGGTGCAACAGGGCAGTAACTG,0,sg3
AAATGAGAAGAAGAGGCACAGGG,AAATAAAAAGAAGAGGCACATGT,0,sg9
AAATGAGAAGAAGAGGCACAGGG,AAATGAGAAGGAGAGAGAGGGGC,0,sg9
AACACCAGTGAGTAGAGCGGAGG,AACACCAGTAAACAGAGGTGGGG,0,sg1
AAATGAGAAGAAGAGGCACAGGG,AAATGTGGAGAAGAGGCAAATCT,0,sg9
AAATGAGAAGAAGAGGCACAGGG,AAATGAGAAGAAAAGGAAAGGAA,0,sg9
AATGACCACTACATCCTCAAGGG,AATGACCACTAGATACAATATGG,0,sg5
CCTGCCTCCGCTCTACTCACTGG,CCTGCCTGAGCTCTACTCTCACA,0,sg7
AACACCAGTGAGTAGAGCGGAGG,AACACTAGTGAGTAGACAGCAAG,0,sg1
CCTGCCTCCGCTCTACTCACTGG,CCTGCCTCCCTCATACTCCCAGG,0,sg7
GAATCCTAAAAACTCTGCTTCGG,TATTCTTAAAAACTCTGCTCCCT,0,sg12
AAATGAGAAGAAGAGGCACAGGG,TCGTGAGAAGAAGAGGCAAGGCG,0,sg9
GGGTGGGGGGAGTTTGCTCCTGG,GGGTGGGGGGAGCTGGGGCGGGG,0,sg8
AAATGAGAAGAAGAGGCACAGGG,TCATGAGAAGAATTGGGACTGGG,0,sg9
TGACATCAATTATTATACATCGG,TAAATTTAATTATTATACAATGG,0,sg10
GACACCGAAGCAGAGTTTTTAGG,AAAACCCCAGCAGAGTTTTTTGT,0,sg11
AAATGAGAAGAAGAGGCACAGGG,AAATGAAAAAAAAAGGAAGAGGC,0,sg9
CCAGTGAGTAGAGCGGAGGCAGG,TCCGTATGTAAAGCGGAGGCATG,0,sg2
AAATGAGAAGAAGAGGCACAGGG,AAATGAGAAGAAGTAACAGATGG,0,sg9
GGGTGGGGGGAGTTTGCTCCTGG,GGCGTGGTGGGATTTGCTCCTGG,0,sg8
AAATGAGAAGAAGAGGCACAGGG,ACATGAGCAGAAGAGGCATGAAG,0,sg9
AATGACCACTACATCCTCAAGGG,AAACATCGCTACATCCTCAATGT,0,sg5
AAATGAGAAGAAGAGGCACAGGG,AAATGAGAACAATAGACACTGGG,0,sg9
AAATGAGAAGAAGAGGCACAGGG,AAATAACAAAATGAGAAACAGGG,0,sg9
GGGTGGGGGGAGTTTGCTCCTGG,AGGTGGCAGCATTTTGCTCCTGG,0,sg8
GGGTGGGGGGAGTTTGCTCCTGG,GGGTGGGGGGCGCGGGCGGCTGG,0,sg8
TGACATCAATTATTATACATCGG,TGACATCAATTTTTAGAGAGCGT,0,sg10
AAATGAGAAGAAGAGGCACAGGG,AAATATATAAAAGAGGCACAGAG,0,sg9
AAATGAGAAGAAGAGGCACAGGG,ACTCGGGAAAAGGAGGCACAGGG,0,sg9
AAATGAGAAGAAGAGGCACAGGG,ATAAAAGAAAAAGAGGCACAGAT,0,sg9
AATGACCACTACATCCTCAAGGG,AATGACCACAACCTCTTCAGTAG,0,sg5
GAATCCTAAAAACTCTGCTTCGG,GAATCCTAAAACCAGTACTTCTA,0,sg12
AATGACCACTACATCCTCAAGGG,AACAACCACAATATCCTCAAGTC,0,sg5
CCAGTGAGTAGAGCGGAGGCAGG,ACTGTGAGTAGAGCAGAGTGAGT,0,sg2
GAATCCTAAAAACTCTGCTTCGG,GATTCCTAAAAATTCTGATGTGC,0,sg12
AAATGAGAAGAAGAGGCACAGGG,AAATGAGAAGAAGAGCCAGGCAC,0,sg9
AAATGAGAAGAAGAGGCACAGGG,GAAGAGGAAGAAGAGGAAGAGGG,0,sg9
CTTGCCCCACAGGGCAGTAACGG,CTAGCCCCACAGGGGAGGCACTT,0,sg3
AAATGAGAAGAAGAGGCACAGGG,AAATGAGAAAAGGAGGAAGAGGA,0,sg9
TGACATCAATTATTATACATCGG,TGTGTTTAATTATTATACATAGC,0,sg10
AAATGAGAAGAAGAGGCACAGGG,CAAGTAGAAAAAGAGGCACAGAA,0,sg9
GACACCGAAGCAGAGTTTTTAGG,GACACATTAGCAGAGTTTATTTG,0,sg11
CCAGTGAGTAGAGCGGAGGCAGG,CCAGTGAGTATTGGGATGGCAGT,0,sg2
CTTGCCCCACAGGGCAGTAACGG,CTTGCCCCATGGGGACTTAATGG,0,sg3
AAATGAGAAGAAGAGGCACAGGG,AAATGAGAAGAGGGGGCTGGGTG,0,sg9
AAATGAGAAGAAGAGGCACAGGG,AAATGAGAAGAAGTAATACAGAA,0,sg9
GGGTGGGGGGAGTTTGCTCCTGG,GGGTGGGGGGAGGTTCATCCTCA,0,sg8
TGACATCAATTATTATACATCGG,TGACATCAATTATCAACTCTTGG,0,sg10
AAATGAGAAGAAGAGGCACAGGG,AGATGAGAAGAAAAGACAGGGGC,0,sg9
GAATCCTAAAAACTCTGCTTCGG,TACTCATAAAAACTCTACTCCAG,0,sg12
AAATGAGAAGAAGAGGCACAGGG,GGATGAGAAGAATAGGTTCAGGA,0,sg9
AAATGAGAAGAAGAGGCACAGGG,AAATGTCCAGAAGAGGCAAAGCC,0,sg9
AACACCAGTGAGTAGAGCGGAGG,CAGACCAGTGAGAGGAGGGCAGG,0,sg1
GAATCCTAAAAACTCTGCTTCGG,GGTTGCCAAAAACTCTGCTCTGG,0,sg12
CTTGCCCCACAGGGCAGTAACGG,AGTGCCCCACAGAGCAGGCAGGG,0,sg3
AACACCAGTGAGTAGAGCGGAGG,TACATCTGGGAGTAGAGCAGAGG,0,sg1
CTTGCCCCACAGGGCAGTAACGG,CTTTCTCCACAGGGCCCTAACCC,0,sg3
AAATGAGAAGAAGAGGCACAGGG,AAATGAGAAGAATCTGCAAAAGC,0,sg9
GACACCGAAGCAGAGTTTTTAGG,AACATCGAAGCAGAGTTCTGAAA,0,sg11
AAATGAGAAGAAGAGGCACAGGG,AAATGAGAAGATGAAGCTTAAAG,0,sg9
AAATGAGAAGAAGAGGCACAGGG,ATATAAGAAGAAGAGTCCCATGT,0,sg9
AAATGAGAAGAAGAGGCACAGGG,AAATGAGAACAAGAGAAATAAAG,0,sg9
GGGTGGGGGGAGTTTGCTCCTGG,GGGTGGGGGCGGCGTTCCCCTGG,0,sg8
TGACATCAATTATTATACATCGG,TGACATCAATTACAATGCATCCA,0,sg10
AATGACCACTACATCCTCAAGGG,AATGACCACATCAACCTGAAGGT,0,sg5
AATGACCACTACATCCTCAAGGG,AATGAAGTATACATCCTCATAGG,0,sg5
AAATGAGAAGAAGAGGCACAGGG,AGATGAGAAGAAGAAAAATAAGG,0,sg9
GGGTGGGGGGAGTTTGCTCCTGG,ATGCGGAAGGAGTTTGCTCCTGT,0,sg8
GAATCCTAAAAACTCTGCTTCGG,GGATCCAAACAGCTCTGCTTCTG,0,sg12
AAATGAGAAGAAGAGGCACAGGG,GAAACAGAAGAAGAGGTTAAGGG,0,sg9
GAATCCTAAAAACTCTGCTTCGG,GAATGATAAACTCTCTGCTTCTC,0,sg12
ATGAACACCAGTGAGTAGAGCGG,ATGAACACCAGTGTGACCAGTGT,0,sg6
AAATGAGAAGAAGAGGCACAGGG,AAAGGCAAAGGAGAGGCACAGAA,0,sg9
CCAGTGAGTAGAGCGGAGGCAGG,GGACTGAGGACAGCGGAGGCAGA,0,sg2
GACACCGAAGCAGAGTTTTTAGG,CAGTCGGGAGCAGAGTTTTTAAG,0,sg11
AAATGAGAAGAAGAGGCACAGGG,AAACAAGAAGAAGAGCCTCAGGT,0,sg9
AAATGAGAAGAAGAGGCACAGGG,AAAAAAGAAGAAGAGGCCAGGTG,0,sg9
AAATGAGAAGAAGAGGCACAGGG,GAAAGAGCTAAAGAGGCACAGGG,0,sg9
GAATCCTAAAAACTCTGCTTCGG,GAGTTCTTAAAACTCTGCCTAGG,0,sg12
AAATGAGAAGAAGAGGCACAGGG,AAATGAGAAGAGGTGCCAAATTG,0,sg9
TGACATCAATTATTATACATCGG,TGATTTCAATTATTAAAAATTTG,0,sg10
GGGTGGGGGGAGTTTGCTCCTGG,GGGTGGGGGGCGGGTGGGGCTGG,0,sg8
GGGTGGGGGGAGTTTGCTCCTGG,GGGTGGGGGGAGCGTGGGGGTGG,0,sg8
CCAGTGAGTAGAGCGGAGGCAGG,CCAGTGAGTATAGGGACAGCATG,0,sg2
GAATCCTAAAAACTCTGCTTCGG,GTATCCTTGAAACTCTGCTTCAG,0,sg12
AAATGAGAAGAAGAGGCACAGGG,AAATAGGAAGAAGAGAGAAAAGG,0,sg9
AACACCAGTGAGTAGAGCGGAGG,AAAACACATGAGTAGAGCTAAGG,0,sg1
AAATGAGAAGAAGAGGCACAGGG,AAAAAGGGAGAAGAGGCACACCG,0,sg9
ATGAACACCAGTGAGTAGAGCGG,GTGGACACCAGTGAGGAGCCTGG,0,sg6
AATGACCACTACATCCTCAAGGG,AAAATCAAATCCATCCTCAAGGG,0,sg5
TGACATCAATTATTATACATCGG,TGACTGCAATTATTAAACATGTC,0,sg10
CCTGCCTCCGCTCTACTCACTGG,CCTGCCTCCTGGCTCCACACTGT,0,sg7
GACACCGAAGCAGAGTTTTTAGG,GAGACCGAAGCAAATTTTAGAGC,0,sg11
AATGACCACTACATCCTCAAGGG,AATGACCACTGTCTACTCATGGG,0,sg5
GGGTGGGGGGAGTTTGCTCCTGG,GGGTGGGGGGGGGGCGATGCTGG,0,sg8
GGGTGGGGGGAGTTTGCTCCTGG,GCCTGCCTGGAGTTTGCTCCTGC,0,sg8
AAATGAGAAGAAGAGGCACAGGG,GAAGAATAAGCAGAGGCACAGTG,0,sg9
AACACCAGTGAGTAGAGCGGAGG,AACACCAGTGAATAGGACCAGGG,0,sg1
AAATGAGAAGAAGAGGCACAGGG,GAATGAGAAGAAATGCCACAAGT,0,sg9
GGGTGGGGGGAGTTTGCTCCTGG,GGGTGGGGGGTGCTTGCCCCCAA,0,sg8
AAATGAGAAGAAGAGGCACAGGG,AAATGAGAAAAAAAGAACCATGG,0,sg9
TGACATCAATTATTATACATCGG,TGAAAACAAATATTATACATCAT,0,sg10
GGGTGGGGGGAGTTTGCTCCTGG,GGGTGGGGGGATTTGGTTTCTGG,0,sg8
AAATGAGAAGAAGAGGCACAGGG,AAATGAGAATGATATTCCCAGGG,0,sg9
TGACATCAATTATTATACATCGG,TGACATCAATTATTTTACAGATC,0,sg10
GACACCGAAGCAGAGTTTTTAGG,CACAATGAAGCAGAGATTTTATT,0,sg11
GAATCCTAAAAACTCTGCTTCGG,GCATCCTAAAAATTAAACTTTGG,0,sg12
GGGTGGGGGGAGTTTGCTCCTGG,GGGTGGGGGGAGGTAGCTGATTT,0,sg8
GGTCCTGCCGCTGCTTGTCATGG,GCTGCTGCCGCTGCTGCTGATGA,0,sg4
AAATGAGAAGAAGAGGCACAGGG,TAGTCAGAGAAAGAGGCACAGCG,0,sg9
GGGTGGGGGGAGTTTGCTCCTGG,GTATGGGGGGAGTGTGCGTCTGT,0,sg8
GAATCCTAAAAACTCTGCTTCGG,GAATCCTAAATACTCAGTTTCCC,0,sg12
CCTGCCTCCGCTCTACTCACTGG,CTTTCATACCCACTACTCACTGG,0,sg7
GGTCCTGCCGCTGCTTGTCATGG,GCTGCTGGTGCTGCTTGTCTGGG,0,sg4
GAATCCTAAAAACTCTGCTTCGG,AAATCCTAAAAACTACTCTTCTA,0,sg12
TGACATCAATTATTATACATCGG,TGACATCAAGTAATATAAGACTG,0,sg10
AAATGAGAAGAAGAGGCACAGGG,AAATGGGAAGAAGAAGAGCAAGG,0,sg9
GGGTGGGGGGAGTTTGCTCCTGG,GGGTGGGGGCAGGACCCTCCTGC,0,sg8
TGACATCAATTATTATACATCGG,TGACATCAACTTTTTTAAATTAG,0,sg10
CCAGTGAGTAGAGCGGAGGCAGG,CCAGTGAGCAGAGAGGAAGCTGG,1,sg2
GAATCCTAAAAACTCTGCTTCGG,CAATCCTAAAAAGTATGCTTACT,0,sg12
GGGTGGGGGGAGTTTGCTCCTGG,GGGTGGGGGCAGGTCTGTACTGG,0,sg8
AAATGAGAAGAAGAGGCACAGGG,AAATGAGAAAAATATGCACTGTG,0,sg9
GAATCCTAAAAACTCTGCTTCGG,GAAAACTAAAAACTCAGCTGCAC,0,sg12
TGACATCAATTATTATACATCGG,AAAACTCGATTATTATACATTGG,0,sg10
GGGTGGGGGGAGTTTGCTCCTGG,GGGTGGGGGGAATGTGCAATAGG,0,sg8
CCAGTGAGTAGAGCGGAGGCAGG,CCAGTGAGTTCAGAGGTGGGATG,0,sg2
AATGACCACTACATCCTCAAGGG,AATGACCACAGTGTCCCCAAGGA,0,sg5
AAATGAGAAGAAGAGGCACAGGG,AAATGAGAAACAGAGTCTCAGGA,0,sg9
AAATGAGAAGAAGAGGCACAGGG,CCATGAGAAGAAAAGGGACACTG,0,sg9
CTTGCCCCACAGGGCAGTAACGG,CTGGCCCCACAGGCCAGGAAATG,0,sg3
AATGACCACTACATCCTCAAGGG,AATGACCACTACAGGCTAATTGT,0,sg5
AAATGAGAAGAAGAGGCACAGGG,CACTGAGAAGAAATGGCCCAGGA,0,sg9
AAATGAGAAGAAGAGGCACAGGG,AAATGAGAAGAAATTACAGAGGA,0,sg9
GAATCCTAAAAACTCTGCTTCGG,TAATGTTAAAAACTCTGTTGCTG,0,sg12
AACACCAGTGAGTAGAGCGGAGG,CAAACCAGTGAGAGGTGCAGAGG,0,sg1
AAATGAGAAGAAGAGGCACAGGG,AAATGAAAAACTGAGGCACAGAA,0,sg9
AAATGAGAAGAAGAGGCACAGGG,AAGTGATGAGAAGAGGCAAAGGA,0,sg9
ATGAACACCAGTGAGTAGAGCGG,ATTAAGACCAGTGAGTGGAAGGC,0,sg6
AAATGAGAAGAAGAGGCACAGGG,AAATGAGAAAAAGAAGCAAAGAG,0,sg9
GGGTGGGGGGAGTTTGCTCCTGG,GGGTGGGGGAAGCCTGCTCCCAG,0,sg8
AACACCAGTGAGTAGAGCGGAGG,ATGACCAGTGAGCAGAGAGGAGC,0,sg1
GAATCCTAAAAACTCTGCTTCGG,GCTTACTAAAACCTCTGCTTCCT,0,sg12
TGACATCAATTATTATACATCGG,TGCCATATTTTATTATACATCTG,0,sg10
CCAGTGAGTAGAGCGGAGGCAGG,CCAGTGAGTAGAGCAGAAACTAT,0,sg2
TGACATCAATTATTATACATCGG,TGACATCAATTCTTAAATGTGGT,0,sg10
AATGACCACTACATCCTCAAGGG,AATGACCACTTCAAACCCATGGC,0,sg5
GGGTGGGGGGAGTTTGCTCCTGG,GGGTGGGGGGGATTGGTTACAGG,0,sg8
TGACATCAATTATTATACATCGG,GGACATCAATTATCACATATAGT,0,sg10
CCTGCCTCCGCTCTACTCACTGG,CCTGCCTCCTATCCTCTCCCTGA,0,sg7
AAATGAGAAGAAGAGGCACAGGG,GAAGAAGAAGAAGAGGCACAGCT,0,sg9
AAATGAGAAGAAGAGGCACAGGG,AAATGAGAACAAGACACAGACTG,0,sg9
AAATGAGAAGAAGAGGCACAGGG,AAATGAGAATAACATGTACAAAG,0,sg9
AATGACCACTACATCCTCAAGGG,AGTCACCAAAGGATCCTCAAGGG,0,sg5
TGACATCAATTATTATACATCGG,GAACACAAATAATTATACATCTG,0,sg10
AAATGAGAAGAAGAGGCACAGGG,AAATGAGAAGCGTATGAACATGG,0,sg9
ATGAACACCAGTGAGTAGAGCGG,TTGAATACCAGTGAGAATAAAGG,0,sg6
AAATGAGAAGAAGAGGCACAGGG,CGAGCAGAAGAAGAGGAACTGGG,0,sg9
CCTGCCTCCGCTCTACTCACTGG,CCTGCCTCCCCTGAACTGCCTGG,0,sg7
AAATGAGAAGAAGAGGCACAGGG,AAATGAGAAAAATAAGAACAGAG,0,sg9
CTTGCCCCACAGGGCAGTAACGG,GTTGCCCCACAGCGCAGCCCTGG,0,sg3
ATGAACACCAGTGAGTAGAGCGG,TTGAGAACCACTGAGTAGAGCAT,0,sg6
GGGTGGGGGGAGTTTGCTCCTGG,GGGGGTGGGGGGTCTGCTTCTGA,0,sg8
CCAGTGAGTAGAGCGGAGGCAGG,GGAGTGAGTAGAGGGAAGGGTGG,0,sg2
GGGTGGGGGGAGTTTGCTCCTGG,GGGTGGGGGAGCTTTGCTCACAG,0,sg8
AAATGAGAAGAAGAGGCACAGGG,AAATGAGAAGATAATGCACATAA,0,sg9
GGGTGGGGGGAGTTTGCTCCTGG,GGTGGGGGTGTGTGTGCTACTGG,0,sg8
AAATGAGAAGAAGAGGCACAGGG,AAATGAGAAAAAGAGGCCAGGCA,0,sg9
ATGAACACCAGTGAGTAGAGCGG,AGGAAAACCAGTGAGTAGGCTGT,0,sg6
AATGACCACTACATCCTCAAGGG,CTTTACCACTGAATCCTCAAGGC,0,sg5
GAATCCTAAAAACTCTGCTTCGG,GAAAACTGAAAACTCTGCTCCCA,0,sg12
GAATCCTAAAAACTCTGCTTCGG,TAATCCTAAAAAGGTTGCTTAAG,0,sg12
AAATGAGAAGAAGAGGCACAGGG,AAATGAGAATCTGTGGCACAGAA,0,sg9
GGGTGGGGGGAGTTTGCTCCTGG,TGGGGGGGGTTGTGTGCTCCTGG,0,sg8
TGACATCAATTATTATACATCGG,TGACATCAATTTTGCTTTATCAG,0,sg10
AAATGAGAAGAAGAGGCACAGGG,CAAAGAGAAGAAGAGAAACAGTA,0,sg9
ATGAACACCAGTGAGTAGAGCGG,ATGAGGACCAGTGAGCACAGGAG,0,sg6
CCAGTGAGTAGAGCGGAGGCAGG,CCAGTGAGTAACATGGTGGCAGT,0,sg2
CCAGTGAGTAGAGCGGAGGCAGG,CCAGTGAGTATATCAGAGACACT,0,sg2
CCAGTGAGTAGAGCGGAGGCAGG,CCAGTGAGTTGAGGAGATGGAGC,0,sg2
GAATCCTAAAAACTCTGCTTCGG,AAATCCTAAAAAATCTGTTTCAA,0,sg12
CCTGCCTCCGCTCTACTCACTGG,CCTGCCTCCTGCCTCCTCCCTAG,0,sg7
AAATGAGAAGAAGAGGCACAGGG,TAAGGAGAAGAAGAGGATAAGGA,0,sg9
CCTGCCTCCGCTCTACTCACTGG,CCTGCCTCCATGCTAGTCTTTGG,0,sg7
CTTGCCCCACAGGGCAGTAACGG,CAAGACCCACAGGGCAGGACAGG,0,sg3
AAATGAGAAGAAGAGGCACAGGG,AAAGATGGAGAGGAGGCACAGGA,0,sg9
AAATGAGAAGAAGAGGCACAGGG,CAGTTATTAGAAGAGGCACAGAG,0,sg9
GAATCCTAAAAACTCTGCTTCGG,TTATCCTAAAAAAGCTGCTTCCA,0,sg12
AAATGAGAAGAAGAGGCACAGGG,AAAAAAAAAGAAGAGGCATAAGG,0,sg9
CCAGTGAGTAGAGCGGAGGCAGG,CCTGTGAGTAGAGAGGAAACACA,0,sg2
AAATGAGAAGAAGAGGCACAGGG,AGGTGAGAAAAAGAAGAAGAGGG,0,sg9
GACACCGAAGCAGAGTTTTTAGG,ACCTAGGAAGCAGAGTTATTAGG,0,sg11
AAATGAGAAGAAGAGGCACAGGG,ATATGAGAGAAAGAGGCACAGTT,0,sg9
GAATCCTAAAAACTCTGCTTCGG,AACTTCTTTAAACTCTGCTTGGG,0,sg12
AAATGAGAAGAAGAGGCACAGGG,GAATAAGTAGAAGAGGCACACTC,0,sg9
GAATCCTAAAAACTCTGCTTCGG,GAACTCTTGAAACTCTGCCTCAG,0,sg12
GGGTGGGGGGAGTTTGCTCCTGG,GGGTGGGGGCCATCACCTCCTGG,0,sg8
CTTGCCCCACAGGGCAGTAACGG,CCTGCCCCACAGGGAAGTGGCTG,0,sg3
AAATGAGAAGAAGAGGCACAGGG,CATTTAGAAGAAGAGAGAAAGGG,0,sg9
CCTGCCTCCGCTCTACTCACTGG,CCTGCCTCCATTCTTACCACTGA,0,sg7
TGACATCAATTATTATACATCGG,TGACATCAAGAAATATACAGAGG,0,sg10
ATGAACACCAGTGAGTAGAGCGG,ATAAACATCAGTGAGTAGGGCAG,0,sg6
AAATGAGAAGAAGAGGCACAGGG,AAATGAGAAGTAGAAGCAGAAGT,0,sg9
GGTCCTGCCGCTGCTTGTCATGG,AGTCTGGCTGCTGCTTGTCAGGT,0,sg4
CCAGTGAGTAGAGCGGAGGCAGG,ACAGTGAGTAGAGACTGGCCAGG,0,sg2
TGACATCAATTATTATACATCGG,TGAGATCAATTATTATATGTTGA,0,sg10
TGACATCAATTATTATACATCGG,TTACAACAATTATTATTCATTAC,0,sg10
ATGAACACCAGTGAGTAGAGCGG,AACTACAGGAGTGAGTAGAGCCG,0,sg6
AATGACCACTACATCCTCAAGGG,AATGACCACTTCATCAACTAGTT,0,sg5
AACACCAGTGAGTAGAGCGGAGG,AACTCCAGTGAGGAGAGGGGTGG,1,sg1
TGACATCAATTATTATACATCGG,AGAGATCAATTATTATACTTGAT,0,sg10
AAATGAGAAGAAGAGGCACAGGG,AAATGGGAAGAAGAGGAATCAGA,0,sg9
GACACCGAAGCAGAGTTTTTAGG,AAAAACTAAGCAGAGTTTTCAGC,0,sg11
AAATGAGAAGAAGAGGCACAGGG,GACTGTGAAGAAGAGGTTCAGGG,0,sg9
GAATCCTAAAAACTCTGCTTCGG,TAATCCTAAAAACTTATTTTAGG,0,sg12
AAATGAGAAGAAGAGGCACAGGG,AAATGAGAAGACATGGCAAAATG,0,sg9
AAATGAGAAGAAGAGGCACAGGG,AACTGGGAAGAAGAGGCAGAGAA,0,sg9
TGACATCAATTATTATACATCGG,TGACATCAATTCTGAGAAAGCGA,0,sg10
AAATGAGAAGAAGAGGCACAGGG,GAGTGAGAAACTGAGGCACAGTG,0,sg9
CCTGCCTCCGCTCTACTCACTGG,CCTGCCTCCGCGCCACTTCGAGG,0,sg7
GAATCCTAAAAACTCTGCTTCGG,AAACACTAACTTCTCTGCTTCGG,0,sg12
CCAGTGAGTAGAGCGGAGGCAGG,CCAGTGAGTGGTGGGCAGTCAGA,0,sg2
CCAGTGAGTAGAGCGGAGGCAGG,CCAGTGAGTCCCATGGAGGAAGG,0,sg2
GGGTGGGGGGAGTTTGCTCCTGG,GGGTGGGGGGGGTTCGGCCATGG,0,sg8
GAATCCTAAAAACTCTGCTTCGG,GAATTCCTAAAAATCTGCTTCAG,0,sg12
AACACCAGTGAGTAGAGCGGAGG,ACCACCAGTGAGCCGGGCGGAAC,0,sg1
AAATGAGAAGAAGAGGCACAGGG,GATGAAGAAAACGAGGCACAGGG,0,sg9
AAATGAGAAGAAGAGGCACAGGG,CAAAGGAAAGAAGAGGCACTAGG,0,sg9
AAATGAGAAGAAGAGGCACAGGG,AAATGAGAAAAAGAGACAGCAGA,0,sg9
CCAGTGAGTAGAGCGGAGGCAGG,CTAGAGGGAGGGGCGGAGGCAGG,0,sg2
TGACATCAATTATTATACATCGG,TAAAGTAAATTATTATACATCTT,0,sg10
GGGTGGGGGGAGTTTGCTCCTGG,GGCTGAGGGGTCTTTGCTCCTAG,0,sg8
AAATGAGAAGAAGAGGCACAGGG,TAAGAAGAAGAAGAGACACACGG,0,sg9
AAATGAGAAGAAGAGGCACAGGG,AAATGAGAAGAACAAAAAGAGGA,0,sg9
AAATGAGAAGAAGAGGCACAGGG,AAAAAAGAAGAAGAGTCCCAGCA,0,sg9
CCAGTGAGTAGAGCGGAGGCAGG,ACAGCAGGCTGAGCGGAGGCAGG,0,sg2
GGGTGGGGGGAGTTTGCTCCTGG,GGGTGGGGGGAGATGGTTTCAGG,0,sg8
AAATGAGAAGAAGAGGCACAGGG,AAAAAAGAAGAAGAGGCAGCTGC,0,sg9
AAATGAGAAGAAGAGGCACAGGG,AAAGCATGAAAAGAGGCACAGTG,0,sg9
CCAGTGAGTAGAGCGGAGGCAGG,GTGGTGAGTAGAGCAGGGACAGG,0,sg2
AAATGAGAAGAAGAGGCACAGGG,AAGTGGGAAGAAGAGTCTCAGAG,0,sg9
GGTCCTGCCGCTGCTTGTCATGG,AGTCCTGCCGCTGCTATCCGTAG,0,sg4
TGACATCAATTATTATACATCGG,TAAAATTAATTATTATACACTGA,0,sg10
TGACATCAATTATTATACATCGG,TGTGATCCATTTTTATACATCCC,0,sg10
GGGTGGGGGGAGTTTGCTCCTGG,GGGTGGGGGGAGGGGCATCATGG,0,sg8
GGGTGGGGGGAGTTTGCTCCTGG,GGGTGGGGGTGATTTGCTCTGAG,0,sg8
GAATCCTAAAAACTCTGCTTCGG,GCATGCGGAATACTCTGCTTCAG,0,sg12
CCTGCCTCCGCTCTACTCACTGG,CCTGCCTCCCCTCTTACCACCGA,0,sg7
GGGTGGGGGGAGTTTGCTCCTGG,GGGTGGGGGGAGAAACCTGGTGG,0,sg8
AAATGAGAAGAAGAGGCACAGGG,AATTGAGAAGAAGCAGCACATCA,0,sg9
AAATGAGAAGAAGAGGCACAGGG,GAAGGTGAAGAGGAGGCACAGGA,0,sg9
AACACCAGTGAGTAGAGCGGAGG,ACATCCAGTGAGTAGGGGGGAGT,0,sg1
CCTGCCTCCGCTCTACTCACTGG,CCTGCCTCCTCACTCCTCACAGG,1,sg7
AAATGAGAAGAAGAGGCACAGGG,AAATGAGAAGAGGAGGGAAGGGA,0,sg9
GGTCCTGCCGCTGCTTGTCATGG,AATGTTGCCGCTGCTGGTCCTGG,0,sg4
AAATGAGAAGAAGAGGCACAGGG,ATACAAGGAGAAGAGGCACAGAG,0,sg9
AAATGAGAAGAAGAGGCACAGGG,GGATGAGAAGAAAGGAGACAGGG,0,sg9
AAATGAGAAGAAGAGGCACAGGG,AAATGAGAAGGAAAGGAGAAGGG,0,sg9
ATGAACACCAGTGAGTAGAGCGG,CAGTACACCAGTGAGCACAGCAG,0,sg6
AAATGAGAAGAAGAGGCACAGGG,AAATGAGAAGAGGAGGAGTATGT,0,sg9
CCAGTGAGTAGAGCGGAGGCAGG,CCAGTGAGTAGAGGCCAGGGATG,0,sg2
AAATGAGAAGAAGAGGCACAGGG,GAAAGTGATGGAGAGGCACAGGC,0,sg9
AAATGAGAAGAAGAGGCACAGGG,AAATGAGAAAAGGAGACTTAGAG,0,sg9
GGGTGGGGGGAGTTTGCTCCTGG,GGGAGGGGAGAGTCATCTCCTGT,0,sg8
AAATGAGAAGAAGAGGCACAGGG,AAAAGAGAAGAAGAGACACGACT,0,sg9
GACACCGAAGCAGAGTTTTTAGG,GACTGGGGATCAGAGTTTTTAAG,0,sg11
GACACCGAAGCAGAGTTTTTAGG,GGCAGCTAAGCAGAGTTTCCTGG,0,sg11
CCTGCCTCCGCTCTACTCACTGG,CTTGCTTCAGCTCTACTCACAGA,0,sg7
CCAGTGAGTAGAGCGGAGGCAGG,AAAGTGAGTAGATCGGATGCAGT,0,sg2
AAATGAGAAGAAGAGGCACAGGG,AAATGAGAAAAAAAGGCAAAAGA,0,sg9
GGGTGGGGGGAGTTTGCTCCTGG,GGGGGTGGGGGGTATGCTCCTGA,0,sg8
GAATCCTAAAAACTCTGCTTCGG,GGTTTCTAAAAACTCTGCATTGC,0,sg12
CCAGTGAGTAGAGCGGAGGCAGG,CCAGTGAGTGTAGATGAGGATGG,0,sg2
GGGTGGGGGGAGTTTGCTCCTGG,TAGTTTGGGGAGTTTGCTCCGGA,0,sg8
GGGTGGGGGGAGTTTGCTCCTGG,GGGTGGGGGGCGTTGGGGGCAGG,0,sg8
GGGTGGGGGGAGTTTGCTCCTGG,GGGTGGGGGTGCTTTGAGCCTGG,0,sg8
AAATGAGAAGAAGAGGCACAGGG,AAATGAGAAGAGGCAGGAAATGG,0,sg9
GGGTGGGGGGAGTTTGCTCCTGG,GGCTGGGGTGGGGGTGGTCCTGG,0,sg8
CCAGTGAGTAGAGCGGAGGCAGG,CAGGTGAGTAGACCCCAGCCAGG,0,sg2
AACACCAGTGAGTAGAGCGGAGG,AACACCAGTCAGAGGTGCACAGG,0,sg1
GACACCGAAGCAGAGTTTTTAGG,TTCACAGATGCAGAGTTTTTTTG,0,sg11
AAATGAGAAGAAGAGGCACAGGG,AGATGAGAAATTGAGGCACAGAA,0,sg9
GGGTGGGGGGAGTTTGCTCCTGG,GGGTGGGGGGAGGTAGCTGGCAG,0,sg8
GACACCGAAGCAGAGTTTTTAGG,TAAAGGGAAGGAGAGTTTTTAAG,0,sg11
GAATCCTAAAAACTCTGCTTCGG,GAATCCTAAGGACTCTGCATCCT,0,sg12
ATGAACACCAGTGAGTAGAGCGG,ATGAACACCAGGAAGCAGGGCTC,0,sg6
GGGTGGGGGGAGTTTGCTCCTGG,GGGTGGGGGTAGTTTAAGCCTAT,0,sg8
CTTGCCCCACAGGGCAGTAACGG,CTCTGGCCACAGGGCAGCAGCGG,0,sg3
GGGTGGGGGGAGTTTGCTCCTGG,GGGTGGGGGAGATTGGCCCCAGG,0,sg8
GAATCCTAAAAACTCTGCTTCGG,GAATCCTAAACACTGTACATAGA,0,sg12
AAATGAGAAGAAGAGGCACAGGG,AAAGCAGAAGAAGAGGTATAAAG,0,sg9
CTTGCCCCACAGGGCAGTAACGG,CTTGCCCCACAGGTCAAGAACCC,0,sg3
AATGACCACTACATCCTCAAGGG,CAGTACAACTACATCCTCAATGT,0,sg5
AAATGAGAAGAAGAGGCACAGGG,CAAGTAGAAGAAGAGGCACCAAG,0,sg9
CCAGTGAGTAGAGCGGAGGCAGG,CAAGAGGAGAGAGCGGAGGCAGG,0,sg2
GGGTGGGGGGAGTTTGCTCCTGG,GGGTGGGGGAAGCTTAGGCATGG,0,sg8
TGACATCAATTATTATACATCGG,TGACATCAATTATTTGGCATTTT,0,sg10
AAATGAGAAGAAGAGGCACAGGG,AGTAGGGAAGAAGAGGGAGAGGG,0,sg9
GAATCCTAAAAACTCTGCTTCGG,GCTTCTTAAAAACTCTACTTTTG,0,sg12
AAATGAGAAGAAGAGGCACAGGG,AAAAGAAGGGAAGAGGCAGAGTG,0,sg9
CTTGCCCCACAGGGCAGTAACGG,ACAGCCCCACAGGGCATAAACGG,0,sg3
AAATGAGAAGAAGAGGCACAGGG,ACATGAGAAGAAGTTGAAAAGTG,0,sg9
CTTGCCCCACAGGGCAGTAACGG,CTGTCACCACAGGGCAGTGAAGA,0,sg3
AAATGAGAAGAAGAGGCACAGGG,AAGTGAGGAGAAGAGGCAGAAAT,0,sg9
GAATCCTAAAAACTCTGCTTCGG,CAAAATTAAAAACTCTGCATCGA,0,sg12
AAATGAGAAGAAGAGGCACAGGG,CAAAGATAAGGAGAGGCACAGAA,0,sg9
AAATGAGAAGAAGAGGCACAGGG,AAAGGAAAAGAAGAAGAAGAGGA,0,sg9
TGACATCAATTATTATACATCGG,TGACAACAATTATTACTGAACAG,0,sg10
GGGTGGGGGGAGTTTGCTCCTGG,GGGTGAGTTCTGTTTGCTCCTTG,0,sg8
CCTGCCTCCGCTCTACTCACTGG,CCTGCCTCCAACCTACTTAGAGG,0,sg7
GAATCCTAAAAACTCTGCTTCGG,GAAGTTTAAAAACTCTAGTTTGG,0,sg12
GGTCCTGCCGCTGCTTGTCATGG,GCTCCTGCCGCTCCTTTTCAGGG,0,sg4
TGACATCAATTATTATACATCGG,TGACATCAAATATTATGTATTTT,0,sg10
AAATGAGAAGAAGAGGCACAGGG,AAATGAGAAAAATAAGCTCAAGA,0,sg9
TGACATCAATTATTATACATCGG,TGAGAACAATTATTATACAGTGC,0,sg10
GGTCCTGCCGCTGCTTGTCATGG,GGTCCTGCCCTTGTCCGTCATCG,0,sg4
GAATCCTAAAAACTCTGCTTCGG,TAATCCTAAAAATCTTGCTCTGG,0,sg12
GAATCCTAAAAACTCTGCTTCGG,AAATCAAAATAACTCTGCTTCTA,0,sg12
AAATGAGAAGAAGAGGCACAGGG,AAAGGGGAAGAAGAGGGAATGGG,0,sg9
GACACCGAAGCAGAGTTTTTAGG,AAAAGAGAAGCAGAGTTTCTGGG,0,sg11
AAATGAGAAGAAGAGGCACAGGG,ATATGAGAAGAATATACAGAGTG,0,sg9
AAATGAGAAGAAGAGGCACAGGG,AGACGTCAAGGAGAGGCACAGGC,0,sg9
CCTGCCTCCGCTCTACTCACTGG,CCTGCCTCCGTTCGTACCACAGG,0,sg7
AAATGAGAAGAAGAGGCACAGGG,AAATGAGAAACACAGAGACAGAG,0,sg9
GGGTGGGGGGAGTTTGCTCCTGG,CAGGGGCTGGACTTTGCTCCTGG,0,sg8
AAATGAGAAGAAGAGGCACAGGG,AACAGAACAGAAGAGGCACTTGG,0,sg9
AAATGAGAAGAAGAGGCACAGGG,AGATGAGAAGAACAGGTACACAA,0,sg9
CCTGCCTCCGCTCTACTCACTGG,TTTGCATTCACTCTACTCACTGT,0,sg7
AAATGAGAAGAAGAGGCACAGGG,AAAGAAAAAATTGAGGCACAGGG,0,sg9
GGGTGGGGGGAGTTTGCTCCTGG,GGTTGGAGGGAGTTTGCTTTTCT,0,sg8
GACACCGAAGCAGAGTTTTTAGG,GAGGCCGAAGCAGAGATTTAACC,0,sg11
AAATGAGAAGAAGAGGCACAGGG,AAATGAGAACAAAGGAAACAGGG,0,sg9
CTTGCCCCACAGGGCAGTAACGG,CTGCACCCACAGGGCAGTGACGC,0,sg3
CCTGCCTCCGCTCTACTCACTGG,CCTGCCTCCAATACATTTACTGG,0,sg7
ATGAACACCAGTGAGTAGAGCGG,TTGAAAACCAGTGAGCAGAGAGC,0,sg6
AAATGAGAAGAAGAGGCACAGGG,AATGAAGAAAACGAGGCACAGAG,0,sg9
GGGTGGGGGGAGTTTGCTCCTGG,GGGTGGGGGGAGCTTGGAGTTGG,0,sg8
CTTGCCCCACAGGGCAGTAACGG,CTTGCCCCACAGCCCAGTGACTG,0,sg3
AAATGAGAAGAAGAGGCACAGGG,AAATGAGAAGAATCAGGGCAGGG,0,sg9
AAATGAGAAGAAGAGGCACAGGG,GAAAGAGAAGAAGAGGGATGGGA,0,sg9
AAATGAGAAGAAGAGGCACAGGG,AAATGAGAATAAAGGGAGGAGGG,0,sg9
AAATGAGAAGAAGAGGCACAGGG,CATTGAGAAGAAGTGACAGAAGG,0,sg9
AAATGAGAAGAAGAGGCACAGGG,AGATGAACAGCAGAGGCACAGAG,0,sg9
AAATGAGAAGAAGAGGCACAGGG,AAATGAGTGGCTGAGGCACAGGT,0,sg9
AAATGAGAAGAAGAGGCACAGGG,GATTGTGAAGAAGAGGCAGAGAC,0,sg9
AAATGAGAAGAAGAGGCACAGGG,AGGTGAAAAAAAGAGGCACAGGT,0,sg9
TGACATCAATTATTATACATCGG,TGACATCAATTTTATTATCTCAG,0,sg10
GGGTGGGGGGAGTTTGCTCCTGG,GGTGGGTGGGGGTGTGCTCCTGC,0,sg8
TGACATCAATTATTATACATCGG,GGATATAATTTATTATACATCAT,0,sg10
AAATGAGAAGAAGAGGCACAGGG,AAATGAGAACAAGAGGTATTTGG,0,sg9
GGTCCTGCCGCTGCTTGTCATGG,GGTCCTGCCTCTGGGCCTGATGG,0,sg4
CCTGCCTCCGCTCTACTCACTGG,GATGCCTGGGCTCTACTCACAGA,0,sg7
TGACATCAATTATTATACATCGG,TCATATCATTTATTATACATTTT,0,sg10
TGACATCAATTATTATACATCGG,TCACAAACATTCTTATACATCAG,0,sg10
AAATGAGAAGAAGAGGCACAGGG,TGGGATGAAGAAGAGGCACAGGG,0,sg9
AAATGAGAAGAAGAGGCACAGGG,AAGGAAGAAGAAGAGGAAGAGGA,0,sg9
GGGTGGGGGGAGTTTGCTCCTGG,GGGTGGGGGGGGTGGGGGCCTGT,0,sg8
GACACCGAAGCAGAGTTTTTAGG,AGCACTGAAGCAGAGCTTATTGG,0,sg11
AATGACCACTACATCCTCAAGGG,ATGGATAACTGCATCCTCAAGGA,0,sg5
AATGACCACTACATCCTCAAGGG,ACTGACCACTACTTGCTAAAAGT,0,sg5
GAATCCTAAAAACTCTGCTTCGG,CATCCTTTAAAACTCTGCTTGGG,0,sg12
GGGTGGGGGGAGTTTGCTCCTGG,GGGAGGGGGGAGTTTGTTTTAGA,0,sg8
AAATGAGAAGAAGAGGCACAGGG,AGAGGGGAAGAAGAGACCCAGGC,0,sg9
GGGTGGGGGGAGTTTGCTCCTGG,GGGTGGGGGGAGACTGCACCCAG,0,sg8
AAATGAGAAGAAGAGGCACAGGG,AAAGGGAAAGAAGAAGAAGAGGG,0,sg9
AATGACCACTACATCCTCAAGGG,AAATCCCATTACATCCTCTAGGA,0,sg5
AAATGAGAAGAAGAGGCACAGGG,AAATTGGCAAAGGAGGCACAGGG,0,sg9
CCTGCCTCCGCTCTACTCACTGG,CCTCCCTCCCTTCTACTCTCCAG,0,sg7
AAATGAGAAGAAGAGGCACAGGG,ATGTTAGTAGAAGAGGCACATCG,0,sg9
GAATCCTAAAAACTCTGCTTCGG,GAATCCTAAAAAATACGCCCCAG,0,sg12
GACACCGAAGCAGAGTTTTTAGG,TATATAAAAGCTGAGTTTTTAGG,0,sg11
AAATGAGAAGAAGAGGCACAGGG,AAAGGAGAGGCTGAGGCACAGAG,0,sg9
GGGTGGGGGGAGTTTGCTCCTGG,GGGTGGGGGATGTTTGAGCGAGG,0,sg8
AACACCAGTGAGTAGAGCGGAGG,CAGGTCAGTGAGTAGTGCAGAGG,0,sg1
TGACATCAATTATTATACATCGG,CTGTATCAATTATTATGCATCGT,0,sg10
AAATGAGAAGAAGAGGCACAGGG,AAATAAGAAGAAGAAGAGCAAGT,0,sg9
AAATGAGAAGAAGAGGCACAGGG,AAACAACTAGTAGAGGCACAGTG,0,sg9
AAATGAGAAGAAGAGGCACAGGG,AATGGAGAGGAAGAGGCAGAGAA,0,sg9
GGGTGGGGGGAGTTTGCTCCTGG,GGGTGGGGGGTGGCTCTTCCAGG,0,sg8
AAATGAGAAGAAGAGGCACAGGG,AAAAAAAATGGGGAGGCACAGGG,0,sg9
AACACCAGTGAGTAGAGCGGAGG,AAAACCAGTGAGTGGTTTGGAAG,0,sg1
GGGTGGGGGGAGTTTGCTCCTGG,GGGTGGGGGGAACTATCTTTTGG,0,sg8
CCAGTGAGTAGAGCGGAGGCAGG,CCAGTGAGTAGAGCCACGCCTGG,0,sg2
CTTGCCCCACAGGGCAGTAACGG,CTTGCCCCAAAGCACACTAGGGG,0,sg3
CCTGCCTCCGCTCTACTCACTGG,CCTGCCTCCACTCCACTCCCTGA,0,sg7
AAATGAGAAGAAGAGGCACAGGG,AAATGAGAAGAAGAGGATGCAGG,0,sg9
AAATGAGAAGAAGAGGCACAGGG,AAATGAGAACCATGGACACAGCG,0,sg9
AACACCAGTGAGTAGAGCGGAGG,AATACTTTTGAGTAGAGCAGAGG,0,sg1
AAATGAGAAGAAGAGGCACAGGG,AAATGAGAAGAGGCTGGGCAGGA,0,sg9
AAATGAGAAGAAGAGGCACAGGG,AACAGTGGAGAAGAGGCACAGAC,0,sg9
GGGTGGGGGGAGTTTGCTCCTGG,GGGTGGGGGGCCTTGGCTGCTAA,0,sg8
GACACCGAAGCAGAGTTTTTAGG,GAGAACCATGCAGAGTTTTTAAA,0,sg11
GGGTGGGGGGAGTTTGCTCCTGG,GGGTGGGGGGCGTGTGCCGCTCG,0,sg8
CCAGTGAGTAGAGCGGAGGCAGG,GGAGTGGGTAGAGCGGAGGGGAG,0,sg2
GAATCCTAAAAACTCTGCTTCGG,GAATCCTAAAACTCCAGCTCCGC,0,sg12
AAATGAGAAGAAGAGGCACAGGG,CAGTGAGATGCAGAGGCACAGGA,0,sg9
AAATGAGAAGAAGAGGCACAGGG,AAAGGACAAGGCGAGGCACAGCC,0,sg9
AAATGAGAAGAAGAGGCACAGGG,AACTGAGAAGAAGAGGGACAGGA,0,sg9
GGGTGGGGGGAGTTTGCTCCTGG,GGGTGGGGGGCGTCTGTCCTTTG,0,sg8
AAATGAGAAGAAGAGGCACAGGG,GAATGAGAAGAAGAGTGTCAATG,0,sg9
GGGTGGGGGGAGTTTGCTCCTGG,GGTGGGGTGGATTTTGCTCCTCT,0,sg8
TGACATCAATTATTATACATCGG,TTACATCAATTACCATATATTTG,0,sg10
TGACATCAATTATTATACATCGG,TCAATTTAATTATTATACATCCT,0,sg10
GAATCCTAAAAACTCTGCTTCGG,TAATCCTAAAAAAGCTGCTTAAC,0,sg12
GAATCCTAAAAACTCTGCTTCGG,GACTTCTCTAAACTCTGCTTTGA,0,sg12
AAATGAGAAGAAGAGGCACAGGG,CAATGAAGTGAAGAGGCAGAGAG,0,sg9
ATGAACACCAGTGAGTAGAGCGG,ACGAGCCTCAGTGAGTAGAGCAG,0,sg6
CTTGCCCCACAGGGCAGTAACGG,CTTGCCCCATGGGGCAGGACCTC,0,sg3
AAATGAGAAGAAGAGGCACAGGG,AAATGAGAAACTGACTCTCAGGG,0,sg9
GACACCGAAGCAGAGTTTTTAGG,GAGAACGAGGGAGAGTTTTTATT,0,sg11
AAATGAGAAGAAGAGGCACAGGG,ATACTAAATGCAGAGGCACAGGG,0,sg9
AAATGAGAAGAAGAGGCACAGGG,AAGGAAGAAGAAGAGGAAAAGGA,0,sg9
AAATGAGAAGAAGAGGCACAGGG,AAATAAGAGGCAGAGGCACAGGA,0,sg9
GGGTGGGGGGAGTTTGCTCCTGG,GGGTGGTGGGCGTTTGCAGGGGG,0,sg8
AAATGAGAAGAAGAGGCACAGGG,TACAGGGAACCAGAGGCACAGGG,0,sg9
GAATCCTAAAAACTCTGCTTCGG,CAATAGACAAAACTCTGCTTCAG,0,sg12
ATGAACACCAGTGAGTAGAGCGG,ATGTGCACCAGTGAGTATGTGGG,0,sg6
AAATGAGAAGAAGAGGCACAGGG,AAATGAGAAAGAAAGACACCTGG,0,sg9
AAATGAGAAGAAGAGGCACAGGG,AATTTAATAGAAGAGGCATATGG,0,sg9
AAATGAGAAGAAGAGGCACAGGG,AAATGAGAAAAAGAGATAAAAGG,0,sg9
AAATGAGAAGAAGAGGCACAGGG,AGACGAGAAACTGAGGCACAGAG,0,sg9
TGACATCAATTATTATACATCGG,TGACATCAAATCTTCTTCATAGT,0,sg10
TGACATCAATTATTATACATCGG,TCAGATTATTTATTATACATCAA,0,sg10
AAATGAGAAGAAGAGGCACAGGG,CTCTGAGAAGAACAGGAACAGTG,0,sg9
AAATGAGAAGAAGAGGCACAGGG,AAATTGGATGAAGAGGCATAGAG,0,sg9
CCTGCCTCCGCTCTACTCACTGG,CCTGGCCAGTCTCTACTCACTGT,0,sg7
TGACATCAATTATTATACATCGG,GCACATCAATTATTCCACCTCAG,0,sg10
GAATCCTAAAAACTCTGCTTCGG,TGATTCTAAATACTCTGCTTCCT,0,sg12
AAATGAGAAGAAGAGGCACAGGG,CAACCAGAAGAAGAGATAGAGGG,0,sg9
AAATGAGAAGAAGAGGCACAGGG,AAATGAGAAAATGAGGCCCAGAG,0,sg9
AACACCAGTGAGTAGAGCGGAGG,AAAACCAGTGAGATGATTGGAGA,0,sg1
GGTCCTGCCGCTGCTTGTCATGG,GGTCCTGCCGCTCCCTGGCTTCT,0,sg4
AAATGAGAAGAAGAGGCACAGGG,AAATGAGAAGGAAAGTCATAAGC,0,sg9
CTTGCCCCACAGGGCAGTAACGG,CTGGGCCCACAGGGCAGTGGCTC,0,sg3
AAATGAGAAGAAGAGGCACAGGG,TAGAGAAAAGAAGAGGCAAAGAG,0,sg9
CCAGTGAGTAGAGCGGAGGCAGG,CTGGTGAGTAGAACTGAGGCCTG,0,sg2
CTTGCCCCACAGGGCAGTAACGG,CTTGCCCCACAGGGCAGTGCTGT,0,sg3
GGGTGGGGGGAGTTTGCTCCTGG,GTGGGGGTGGAGGTTACTCTTGG,0,sg8
AAATGAGAAGAAGAGGCACAGGG,GAAGAAGAAGAAGAGGAAGAAGG,0,sg9
GGTCCTGCCGCTGCTTGTCATGG,TGTCTTGCCGCTGCTTGGGCCGG,0,sg4
AACACCAGTGAGTAGAGCGGAGG,AACTAGAATGAGTAGAGCCGAAG,0,sg1
AAATGAGAAGAAGAGGCACAGGG,AAATGAGAAAAAAAGGAAAATGT,0,sg9
TGACATCAATTATTATACATCGG,TTACATCAATTATGATACAGTGG,1,sg10
GGGTGGGGGGAGTTTGCTCCTGG,GGGTGGGGGGTGCTTTCTCCTCG,0,sg8
CCTGCCTCCGCTCTACTCACTGG,GCTCCCTACGCTCTACTCACACC,0,sg7
AAATGAGAAGAAGAGGCACAGGG,TAATGAGAAGAAAAAGCACTGCA,0,sg9
GGGTGGGGGGAGTTTGCTCCTGG,GGGTGGGGGAAGCTGGGGCCTGG,0,sg8
TGACATCAATTATTATACATCGG,TGACATCAATTATTTCAAATTTT,0,sg10
CCTGCCTCCGCTCTACTCACTGG,CATCCCTGGCCTCTACTCACTGG,0,sg7
GGGTGGGGGGAGTTTGCTCCTGG,TGACGGGGGGAGTTTGCTCTGGT,0,sg8
AACACCAGTGAGTAGAGCGGAGG,AAAGCCAGTGAGTAGTAGAGAGG,0,sg1
AAATGAGAAGAAGAGGCACAGGG,AAATGAGAATAGGAGGAAAGGAG,0,sg9
TGACATCAATTATTATACATCGG,TCACAAGCATTCTTATACATCGA,0,sg10
ATGAACACCAGTGAGTAGAGCGG,ATGTAAACAAGTGAGTAGAAATG,0,sg6
AATGACCACTACATCCTCAAGGG,ACTGAGCGTGACATCCTCAAGGT,0,sg5
TGACATCAATTATTATACATCGG,TGACATCATTTATTATACTAATT,0,sg10
GAATCCTAAAAACTCTGCTTCGG,AAATGAGAAAGACTCTGCTTCTG,0,sg12
ATGAACACCAGTGAGTAGAGCGG,TTGATTAAGAGTGAGTAGAGAGG,0,sg6
CTTGCCCCACAGGGCAGTAACGG,CTGTCCCCACAGGGCCTTGACAG,0,sg3
ATGAACACCAGTGAGTAGAGCGG,TAGAACACCAGTGAGTAAAGAAA,0,sg6
AAATGAGAAGAAGAGGCACAGGG,AAATGAGAATTAGAGCAAAAGGA,0,sg9
AAATGAGAAGAAGAGGCACAGGG,AGGGGAGAAGAAGAGGGAAGGGG,0,sg9
AAATGAGAAGAAGAGGCACAGGG,AAATTAGAAGAAGAGAGAAAAGA,0,sg9
CCAGTGAGTAGAGCGGAGGCAGG,GCACTTGGTGAAGCGGAGGCAGG,0,sg2
GACACCGAAGCAGAGTTTTTAGG,GACTCCTGACTTGAGTTTTTAGG,0,sg11
AAATGAGAAGAAGAGGCACAGGG,AAATGAGAAGAAAAAGTTAAGAG,0,sg9
GGGTGGGGGGAGTTTGCTCCTGG,AGGGGTTGGGAGTTTGCTTCTTG,0,sg8
GAATCCTAAAAACTCTGCTTCGG,GAATACTATAAACTCTGCACAGA,0,sg12
AAATGAGAAGAAGAGGCACAGGG,AAGTAAGAAGAAGAGGAAGTGGA,0,sg9
GACACCGAAGCAGAGTTTTTAGG,TACCACGAGGCAGAGTTTCTTGG,0,sg11
GGGTGGGGGGAGTTTGCTCCTGG,GGGTGGGGGGAAAAGCCTGCTGG,0,sg8
AAATGAGAAGAAGAGGCACAGGG,AAGAGAGAAGAAGAGCACCATGG,0,sg9
AAATGAGAAGAAGAGGCACAGGG,AAAGAAGAAGAAGAGACACCAGA,0,sg9
AAATGAGAAGAAGAGGCACAGGG,AAATGAGAAGAAAAGAGAGAAGA,0,sg9
AAATGAGAAGAAGAGGCACAGGG,AAACTGAAAGAAGAGGCAAAGAG,0,sg9
CCTGCCTCCGCTCTACTCACTGG,CCTGCCTCCCCTCTACTCTGATG,0,sg7
TGACATCAATTATTATACATCGG,TTACATCAATTATTATTCTTACT,0,sg10
GGGTGGGGGGAGTTTGCTCCTGG,GGGTGGGGGGCCTTTGCTGGGGA,0,sg8
AAATGAGAAGAAGAGGCACAGGG,AATTGTGAAGAAGAGGAAACGAG,0,sg9
GAATCCTAAAAACTCTGCTTCGG,GAACCCTCAAAACTCTGTTTGGG,1,sg12
AAATGAGAAGAAGAGGCACAGGG,AAGAAAGAAGAAGAGGCAGAGAA,0,sg9
GGGTGGGGGGAGTTTGCTCCTGG,AGTTGGAGGGTCTTTGCTCCTTG,0,sg8
GAATCCTAAAAACTCTGCTTCGG,GGGTCATAAAAACTCTGATTCAC,0,sg12
AATGACCACTACATCCTCAAGGG,CATTACCACTACATCACCAAGGC,0,sg5
AAATGAGAAGAAGAGGCACAGGG,GGAGGAGAAGAAGAGGAAGAAGG,0,sg9
CCTGCCTCCGCTCTACTCACTGG,CCTGCCTCCATTTTACTCCTGGG,0,sg7
GGGTGGGGGGAGTTTGCTCCTGG,GGGAGAGGGGAGTTTCCTCTTAT,0,sg8
GGGTGGGGGGAGTTTGCTCCTGG,GGGTGGGGGGAGGTTGCAGTGAG,0,sg8
GGGTGGGGGGAGTTTGCTCCTGG,GGGTGGGGGCAGTGAGCTGCAGT,0,sg8
GAATCCTAAAAACTCTGCTTCGG,CACTTCTAGAAACTCTGCTTGGT,0,sg12
GGGTGGGGGGAGTTTGCTCCTGG,GGGTGGGGGGATTATGCTTGAGC,0,sg8
AAATGAGAAGAAGAGGCACAGGG,AGACAATAGGAAGAGGCACAGGA,0,sg9
ATGAACACCAGTGAGTAGAGCGG,AGGAACACCAGTTAGGAGAGACA,0,sg6
CCAGTGAGTAGAGCGGAGGCAGG,CCAGTGAGTTGAGCAGAGGGGTT,0,sg2
ATGAACACCAGTGAGTAGAGCGG,AAGAGTAGCAGTGAGTAGAGAGA,0,sg6
AAATGAGAAGAAGAGGCACAGGG,AAATGAGAATAAAAGATACAAGA,0,sg9
AAATGAGAAGAAGAGGCACAGGG,AGATGGAGAGTAGAGGCACAGGA,0,sg9
CTTGCCCCACAGGGCAGTAACGG,CTTCCTCCACAGGGCAGTTAGAA,0,sg3
GACACCGAAGCAGAGTTTTTAGG,AAAATCCCAGCAGAGTTTTTTGG,0,sg11
ATGAACACCAGTGAGTAGAGCGG,TTGAACACCAGTAAATAGATGGC,0,sg6
GGGTGGGGGGAGTTTGCTCCTGG,GTGTGGGGGGAGTTTGGGGGTGG,0,sg8
AATGACCACTACATCCTCAAGGG,AATGCTCACTACATCCTCTGGCA,0,sg5
CTTGCCCCACAGGGCAGTAACGG,CTTGCCCCATGGGGCCCTAAATG,0,sg3
TGACATCAATTATTATACATCGG,TGACATCAACTCTTATTTTTCCG,0,sg10
CTTGCCCCACAGGGCAGTAACGG,CCTGGTCCACAGGGCAGTGGCGG,0,sg3
ATGAACACCAGTGAGTAGAGCGG,TTGAGAAACAGTGAGTAGAGCGG,0,sg6
GACACCGAAGCAGAGTTTTTAGG,GTCACCAAATCAGAGTTTTTATT,0,sg11
ATGAACACCAGTGAGTAGAGCGG,GTAAACACCAGTGAGTACAGTAT,0,sg6
GAATCCTAAAAACTCTGCTTCGG,ATATTTTAAAATCTCTGCTTCTG,0,sg12
AAATGAGAAGAAGAGGCACAGGG,AACTCCAAAGGAGAGGCACAGGG,0,sg9
AATGACCACTACATCCTCAAGGG,CATAACTCCCAAATCCTCAAGGG,0,sg5
ATGAACACCAGTGAGTAGAGCGG,CTGAACCACAGTGAGTAGCTCAG,0,sg6
AAATGAGAAGAAGAGGCACAGGG,AAATGAGAAGACAAGTCACAGAC,0,sg9
CTTGCCCCACAGGGCAGTAACGG,CCAGCCCCACAGGGCTGTCACAG,0,sg3
AAATGAGAAGAAGAGGCACAGGG,AAAGAAGAAGAGGAGGAAGAGGA,0,sg9
AATGACCACTACATCCTCAAGGG,AAACCACAATAAATCCTCAAGGG,0,sg5
AAATGAGAAGAAGAGGCACAGGG,AAGGAAGAAGAGGAGGAAAAGGG,0,sg9
AAATGAGAAGAAGAGGCACAGGG,AAATGAGAAGAACTGAAACATGC,0,sg9
TGACATCAATTATTATACATCGG,TGACATCAAATATTCAAAATGTG,0,sg10
GGGTGGGGGGAGTTTGCTCCTGG,TGGGGAGGGGAGTTTGCCTCTGG,0,sg8
GGTCCTGCCGCTGCTTGTCATGG,GGACCTGCCGCTGAGGGTCCTGT,0,sg4
AAATGAGAAGAAGAGGCACAGGG,CAATGAGAAGAAAAGGCAAAAGA,0,sg9
AAATGAGAAGAAGAGGCACAGGG,AAATGAGAAAGGGTGGATCAGGG,0,sg9
GGGTGGGGGGAGTTTGCTCCTGG,GGCTTGAGTGAATTTGCTCCTTG,0,sg8
AAATGAGAAGAAGAGGCACAGGG,AAAGAGAAAGAAGAGGCACAGGT,0,sg9
GGTCCTGCCGCTGCTTGTCATGG,GGTCCTGCCGCAGCTTCAGGCGG,0,sg4
AATGACCACTACATCCTCAAGGG,CAGGACGACTCCATCCTCAAGGT,0,sg5
AAATGAGAAGAAGAGGCACAGGG,AAATGAGAAGCATAGGAAAAAGG,0,sg9
CTTGCCCCACAGGGCAGTAACGG,CATGCCCCACAGTGTAATATCTG,0,sg3
CTTGCCCCACAGGGCAGTAACGG,CCTGAACCACAGGGCAGTGTGGG,0,sg3
TGACATCAATTATTATACATCGG,TGTCATCAATTATTACCCATCTG,0,sg10
GGGTGGGGGGAGTTTGCTCCTGG,GTGGGGGGAGAGGGTGCTACTGG,0,sg8
GGGTGGGGGGAGTTTGCTCCTGG,GGGTGGGGGGTGGTGGCTCCTTT,0,sg8
AACACCAGTGAGTAGAGCGGAGG,AGCGGCAGTGAGTAGAGGGCAGG,0,sg1
CCTGCCTCCGCTCTACTCACTGG,CCTGCCTCCATTGTGCTCATTGC,0,sg7
GGGTGGGGGGAGTTTGCTCCTGG,GGGTGGGGGAGGTTTTCTCCTGC,0,sg8
GGGTGGGGGGAGTTTGCTCCTGG,CTTTGGGGGGAGTGTGGTCCTGC,0,sg8
AAATGAGAAGAAGAGGCACAGGG,GATGGAGAAACAGAGGCACAGGG,0,sg9
GGGTGGGGGGAGTTTGCTCCTGG,TGGTGGGGGGAGATTGTGCACGG,0,sg8
TGACATCAATTATTATACATCGG,TGACATCAACTCTTAAATATCAT,0,sg10
AATGACCACTACATCCTCAAGGG,ATTGACCACTACATTCAAAAACG,0,sg5
TGACATCAATTATTATACATCGG,TAACTTCAATTATTATACTTAAT,0,sg10
AAATGAGAAGAAGAGGCACAGGG,AGATCACATCTAGAGGCACAGGG,0,sg9
GAATCCTAAAAACTCTGCTTCGG,GAATCCTAAAATCTCTGAGACAA,0,sg12
AAATGAGAAGAAGAGGCACAGGG,GAGGGAGAAACAGAGGCACAGGG,0,sg9
AAATGAGAAGAAGAGGCACAGGG,AAATGAGAAAAACAGTAAAAGGA,0,sg9
GAATCCTAAAAACTCTGCTTCGG,TGATCCTAAAAACTCTTATCCAG,0,sg12
TGACATCAATTATTATACATCGG,ACACATAAGTTTTTATACATCAG,0,sg10
AACACCAGTGAGTAGAGCGGAGG,CACAGCCGTGAGTAGAGCCCAGG,0,sg1
TGACATCAATTATTATACATCGG,CTATTTCAATTATTATCCATGGG,0,sg10
CCTGCCTCCGCTCTACTCACTGG,CCTGCCTCCCACCTGCTCACTGT,0,sg7
ATGAACACCAGTGAGTAGAGCGG,ATGAACACCAGTGCATGGAGCCA,0,sg6
TGACATCAATTATTATACATCGG,TGACATCAAAAATTATAAATGCA,0,sg10
AAATGAGAAGAAGAGGCACAGGG,TCATGAGAAGAAAATGCACAAGC,0,sg9
GACACCGAAGCAGAGTTTTTAGG,AAATCACAAGCAGAGTTTTTATG,0,sg11
AAATGAGAAGAAGAGGCACAGGG,AATTGAGAAGAAATTGCAAAGAG,0,sg9
AAATGAGAAGAAGAGGCACAGGG,AAAGATGGAAATGAGGCACAGGG,0,sg9
AAATGAGAAGAAGAGGCACAGGG,AAAGGAGAAGAAGAGAGAGAGTC,0,sg9
AAATGAGAAGAAGAGGCACAGGG,AAATGAGAAGCAGATGGACACTT,0,sg9
AAATGAGAAGAAGAGGCACAGGG,ACTTGGGAGGCTGAGGCACAGGG,0,sg9
AAATGAGAAGAAGAGGCACAGGG,AAATAAGAAAATGAGGCACAGAA,0,sg9
CTTGCCCCACAGGGCAGTAACGG,CTTGCCCCAGAGGCCCCTCACTG,0,sg3
CCAGTGAGTAGAGCGGAGGCAGG,CCAGTGAGTGAAGGGGAAGCTGG,0,sg2
AAATGAGAAGAAGAGGCACAGGG,AGTTGAGAAGAAGGCTCACAAGG,0,sg9
TGACATCAATTATTATACATCGG,TGGTTTCCATTATTATACATAGT,0,sg10
AAATGAGAAGAAGAGGCACAGGG,AAATGAGAAGAGGATTAAAGGGG,0,sg9
GAATCCTAAAAACTCTGCTTCGG,AAATCCTAAAAATACTGTTTAGA,0,sg12
GGGTGGGGGGAGTTTGCTCCTGG,CTGTGGGAGGAGTTTGCTTCTGT,0,sg8
AATGACCACTACATCCTCAAGGG,AATGACCACTCCGTGCTCCAGGC,0,sg5
GAATCCTAAAAACTCTGCTTCGG,GAAACCTGAAAACTCTGCCTCAA,0,sg12
AAATGAGAAGAAGAGGCACAGGG,GAATACCTGGAAGAGGCACAGGG,0,sg9
AAATGAGAAGAAGAGGCACAGGG,AAATGAGAAATATAGTCACCAGG,0,sg9
GGGTGGGGGGAGTTTGCTCCTGG,GGGTGGGGGAATTTTGTTCCCAC,0,sg8
AAATGAGAAGAAGAGGCACAGGG,AAAGGGGAAGAAGAGGAAGAGAA,0,sg9
TGACATCAATTATTATACATCGG,AAAGAACAAATATTATACATCAG,0,sg10
AAATGAGAAGAAGAGGCACAGGG,GAAGGAGAAGAAGAGACAAATGA,0,sg9
TGACATCAATTATTATACATCGG,AGATATCAATTATTATACTTGCT,0,sg10
AAATGAGAAGAAGAGGCACAGGG,AAAGGCAAAGAAGAGGCACAGGG,0,sg9
AAATGAGAAGAAGAGGCACAGGG,AAGTCAGGTGAGGAGGCACAGGT,0,sg9
CCTGCCTCCGCTCTACTCACTGG,CCTGCCTCCTCTATTTTCACATG,0,sg7
GGGTGGGGGGAGTTTGCTCCTGG,GGGTGGGGGGTGGTTCCAGCTGC,0,sg8
AAATGAGAAGAAGAGGCACAGGG,AAATGAGAAGAAGGGGCTCCAAA,0,sg9
ATGAACACCAGTGAGTAGAGCGG,ATGAACACCTGTAAGCATAGCAA,0,sg6
CTTGCCCCACAGGGCAGTAACGG,ATTGCCCCACAGGGCATTCATTA,0,sg3
TGACATCAATTATTATACATCGG,TTAAAGCAATTATTATAAATATG,0,sg10
AATGACCACTACATCCTCAAGGG,AATGACCACGAACTCCTGAAGGA,0,sg5
AAATGAGAAGAAGAGGCACAGGG,AAAAGCAATGATGAGGCACAGTG,0,sg9
CCAGTGAGTAGAGCGGAGGCAGG,CCAGTGAGTACAGGGAGGCCAGT,0,sg2
AAATGAGAAGAAGAGGCACAGGG,AGGCACGAAGACGAGGCACAGGG,0,sg9
AAATGAGAAGAAGAGGCACAGGG,AAATACGACAGAGAGGCACAGAG,0,sg9
AAATGAGAAGAAGAGGCACAGGG,ACCTCAGAAGAAGAGATATAGGG,0,sg9
GGTCCTGCCGCTGCTTGTCATGG,TGTCTGGGCGCTGCTTGTGGTGG,0,sg4
AACACCAGTGAGTAGAGCGGAGG,AACACCAGTGACTAGTCCAGGAG,0,sg1
GGTCCTGCCGCTGCTTGTCATGG,GATGCTGATGCTGCTTGTCCTAG,0,sg4
GGGTGGGGGGAGTTTGCTCCTGG,GGCTGGGGGGAGTGTGGTGATGG,0,sg8
ATGAACACCAGTGAGTAGAGCGG,ATGAAGGGTAGTGAGTAGAGAGT,0,sg6
AATGACCACTACATCCTCAAGGG,AAGGATGGCTAGATCCTCAAGGT,0,sg5
GAATCCTAAAAACTCTGCTTCGG,CAAGCTTGCAAACTCTGCTTCAG,0,sg12
CCTGCCTCCGCTCTACTCACTGG,CTTCCCTCCGCTCTACACATTGC,0,sg7
GGGTGGGGGGAGTTTGCTCCTGG,GGGTGGGGGGAGCCCTCTCCTGC,0,sg8
AAATGAGAAGAAGAGGCACAGGG,ATATGAGAAGAAGATGCAGACTT,0,sg9
CCTGCCTCCGCTCTACTCACTGG,CCTGCCTCCTCTCTGCCCCGTGC,0,sg7
AAATGAGAAGAAGAGGCACAGGG,AAGTAAGAAGAAGAGGGAAATAG,0,sg9
AACACCAGTGAGTAGAGCGGAGG,GACACAGGAGAGTAGAGCTGTGG,0,sg1
AAATGAGAAGAAGAGGCACAGGG,AATGGGGAAGCTGAGGCACAGAG,0,sg9
GGGTGGGGGGAGTTTGCTCCTGG,GGGGTGGGGGAGGGTGTTCCTGA,0,sg8
AAATGAGAAGAAGAGGCACAGGG,ACATGAGAGGAGGAAGAAGAGGG,0,sg9
AACACCAGTGAGTAGAGCGGAGG,AACACCAGTGAGTTCATTGAAGC,0,sg1
AAATGAGAAGAAGAGGCACAGGG,AAACTATCAAAGGAGGCACAGGG,0,sg9
AAATGAGAAGAAGAGGCACAGGG,AAAGCAGAAGGGGAGGCACAGGG,0,sg9
AAATGAGAAGAAGAGGCACAGGG,GAAGGAGAAGAAGAGAAAGAGGA,0,sg9
ATGAACACCAGTGAGTAGAGCGG,ATGGCCCCCATGGAGTAGAGCAG,0,sg6
GAATCCTAAAAACTCTGCTTCGG,GATTCCTAAAAACACTGCAAGGA,0,sg12
AATGACCACTACATCCTCAAGGG,GTTAACCACTTCATCCTCAAGAA,0,sg5
AAATGAGAAGAAGAGGCACAGGG,AAAGAGGAAGAAGAGGAAGAGGA,0,sg9
CCTGCCTCCGCTCTACTCACTGG,CCAGCTCCAGCTCTACTCTCTGC,0,sg7
CCTGCCTCCGCTCTACTCACTGG,CCCTCCCCAGCCCTACTCACTAG,0,sg7
AAATGAGAAGAAGAGGCACAGGG,ACATGAGCAAAGGAGGCACAGCT,0,sg9
AACACCAGTGAGTAGAGCGGAGG,GGCAACAATGAGTAGAGCTGAGT,0,sg1
CTTGCCCCACAGGGCAGTAACGG,CGGGCCTCTCAGGGCAGTAAGGA,0,sg3
CTTGCCCCACAGGGCAGTAACGG,TCTCACCAACAGGGCAGTAAAGG,0,sg3
CCTGCCTCCGCTCTACTCACTGG,CCTGCCTCAAGCCAACTCACTGC,0,sg7
TGACATCAATTATTATACATCGG,TGACATGTATTATTATACTCTGT,0,sg10
GACACCGAAGCAGAGTTTTTAGG,GACACCGAAGGAGTCTTTTTTAA,0,sg11
GGTCCTGCCGCTGCTTGTCATGG,GGTCCTGCCCCGGCTTGCGAAAG,0,sg4
ATGAACACCAGTGAGTAGAGCGG,TTGAGCACCAGTGAGGGCAGTGG,0,sg6
CTTGCCCCACAGGGCAGTAACGG,ATTGCCCCACAGGTCACTAATAT,0,sg3
GACACCGAAGCAGAGTTTTTAGG,GTTCTAGAAGCAGAGTTCTTAGG,0,sg11
AAATGAGAAGAAGAGGCACAGGG,ATATGGGAAGAAGAGTTAGAGGA,0,sg9
TGACATCAATTATTATACATCGG,TGACATCAATAATTAAAAATGAA,0,sg10
GGGTGGGGGGAGTTTGCTCCTGG,GAGTGGGGGGAGGTTGGCCATGG,0,sg8
ATGAACACCAGTGAGTAGAGCGG,ACCAACACCAGTGAGGAAAGGGC,0,sg6
GAATCCTAAAAACTCTGCTTCGG,GTCTCCTAAAAACTCTGTCTCCA,0,sg12
AATGACCACTACATCCTCAAGGG,ATTGACACAGGCATCCTCAAGGG,0,sg5
GGGTGGGGGGAGTTTGCTCCTGG,GGTGGGGGTGGGGTCGCTCCTGG,0,sg8
CCAGTGAGTAGAGCGGAGGCAGG,GCAGTGAGTAGAGATGAGGCCAC,0,sg2
AACACCAGTGAGTAGAGCGGAGG,TGCACCAGTGAGTATAGAGTATG,0,sg1
TGACATCAATTATTATACATCGG,ATACATAAATTATTATACATTAT,0,sg10
GGTCCTGCCGCTGCTTGTCATGG,GGTCCTGCCAATGCTGGTGAATG,0,sg4
GACACCGAAGCAGAGTTTTTAGG,AACCCGGGAGCAGAGTTTTCAGT,0,sg11
CCTGCCTCCGCTCTACTCACTGG,CATCCCTGAGCTCTACTCACCAG,0,sg7
CTTGCCCCACAGGGCAGTAACGG,CAAAGCCCACAGGGCAGTAGCAG,0,sg3
CCTGCCTCCGCTCTACTCACTGG,CCTGCCTCCACTCCCCCCACTCC,0,sg7
AATGACCACTACATCCTCAAGGG,ACTTAACATAACATCCTCAAGGT,0,sg5
AATGACCACTACATCCTCAAGGG,AATGACCACTACATCACTAGGCC,0,sg5
AAATGAGAAGAAGAGGCACAGGG,AAAGTAGAAGAAGAGAAACTGAG,0,sg9
AAATGAGAAGAAGAGGCACAGGG,AATCAAGGAGAAGAGGCACAAGA,0,sg9
TGACATCAATTATTATACATCGG,TGACATCAATAATCACAAATAGA,0,sg10
GGGTGGGGGGAGTTTGCTCCTGG,GTGTGGGGGGAGTCTGCGGCCGG,0,sg8
GAATCCTAAAAACTCTGCTTCGG,TACTTTGAAAAACTCTGCTTCAG,0,sg12
CCTGCCTCCGCTCTACTCACTGG,CCTCTCTGGCCTCTACTCACTGG,0,sg7
CTTGCCCCACAGGGCAGTAACGG,CAAGAAACACAGGGCAGTAATGG,0,sg3
AACACCAGTGAGTAGAGCGGAGG,AACACCAGTGAGAAGAGCTGTGG,1,sg1
CTTGCCCCACAGGGCAGTAACGG,TTAGCCCCACAGAGCAGGGATGG,0,sg3
GAATCCTAAAAACTCTGCTTCGG,AAATCCTAAAAACTCTGCTGAAA,0,sg12
AAATGAGAAGAAGAGGCACAGGG,AAAGAAGAAGAAGAGGCATATCA,0,sg9
GGGTGGGGGGAGTTTGCTCCTGG,TGGGTGGGGGTGTTTGGTCATGG,0,sg8
GACACCGAAGCAGAGTTTTTAGG,GCTAGAGAAGCAGAGTTTTTATA,0,sg11
CCTGCCTCCGCTCTACTCACTGG,CCTGCCTCCTCCCTACACCCCCG,0,sg7
GACACCGAAGCAGAGTTTTTAGG,TTCAATGAAGCAGAGTTGTTAGG,0,sg11
AAATGAGAAGAAGAGGCACAGGG,AAATGAGAAAAATGGGCTCATTG,0,sg9
CCTGCCTCCGCTCTACTCACTGG,CCTGCCTCCACTCTCCTCAAAGA,0,sg7
AATGACCACTACATCCTCAAGGG,AATGACCACTGTGCCCTCCAGAG,0,sg5
AACACCAGTGAGTAGAGCGGAGG,AAGACCATGGAGTAGAGCAGTGC,0,sg1
CCTGCCTCCGCTCTACTCACTGG,CCTGCCTCCACTCCAGACCCTGT,0,sg7
GGGTGGGGGGAGTTTGCTCCTGG,GGGTGGGGGAAGTTTTCTTTTGT,0,sg8
AAATGAGAAGAAGAGGCACAGGG,AAATGATATTAGGAGGCACAGGA,0,sg9
AAATGAGAAGAAGAGGCACAGGG,AAATCTGTAGATGAGGCACAGGT,0,sg9
AAATGAGAAGAAGAGGCACAGGG,AGAGTAGAAGATGAGGCACAGGT,0,sg9
AAATGAGAAGAAGAGGCACAGGG,AAATGAGGTGAAGAGGCAGGGAG,0,sg9
AAATGAGAAGAAGAGGCACAGGG,AAATGAGAATAAGTTACACAGGA,0,sg9
CCTGCCTCCGCTCTACTCACTGG,CCTGCCTCCACTCTCCTCCCCTC,0,sg7
AAATGAGAAGAAGAGGCACAGGG,ATTTCTGAAGAAGAGGCACACAG,0,sg9
AATGACCACTACATCCTCAAGGG,CATAATAGATACATCCTCAAGGG,0,sg5
CCTGCCTCCGCTCTACTCACTGG,CCTGCCTCCCCTCCACTCCCCTT,0,sg7
GACACCGAAGCAGAGTTTTTAGG,AAAAAAAAATCAGAGTTTTTAGG,0,sg11
AACACCAGTGAGTAGAGCGGAGG,ATCATCAGTGAGTAGTTCAAAGG,0,sg1
AACACCAGTGAGTAGAGCGGAGG,TAAAAGAGTGAGTAGACAGGAGG,0,sg1
CCTGCCTCCGCTCTACTCACTGG,CCCTTCTCCCCACTACTCACTGT,0,sg7
GAATCCTAAAAACTCTGCTTCGG,GGGTCCTAAAAACACTACTTTAG,0,sg12
GACACCGAAGCAGAGTTTTTAGG,AAGACCGAAGCAAAGTTCTCAAG,0,sg11
CCTGCCTCCGCTCTACTCACTGG,CCCACCCCAGCTCTACTCTCTCG,0,sg7
CCTGCCTCCGCTCTACTCACTGG,CCTGCCTCCGCTCCTCTAGGTGA,0,sg7
TGACATCAATTATTATACATCGG,TGACATTAACTATTATACATCCA,0,sg10
GAATCCTAAAAACTCTGCTTCGG,CAATCATGGAAACTCTGCCTCTG,0,sg12
GGTCCTGCCGCTGCTTGTCATGG,GGTCCTGCCACAGCTTAGCCTGG,0,sg4
GGGTGGGGGGAGTTTGCTCCTGG,GGGTGGGGGGTGCTTGTTCCCCA,0,sg8
GAATCCTAAAAACTCTGCTTCGG,AAATCCTAAAAATTCCTCTTTGC,0,sg12
GGGTGGGGGGAGTTTGCTCCTGG,GGGTGGGTGGGGGATGCTCACGG,0,sg8
CTTGCCCCACAGGGCAGTAACGG,CTTGCCCCACAGGGCTGTGTGGA,0,sg3
AAATGAGAAGAAGAGGCACAGGG,AAATGAGAAACTGAGGTTCAGGG,0,sg9
TGACATCAATTATTATACATCGG,AGAGATCAATTATTAGTTATGGG,0,sg10
AATGACCACTACATCCTCAAGGG,AGCAACCTCTACATCCTCACGGG,0,sg5
AAATGAGAAGAAGAGGCACAGGG,ACTCCAGAAGAAGAGGGAAAGGG,0,sg9
CCAGTGAGTAGAGCGGAGGCAGG,GCAGTGAGTAGAGATCAGCCAGT,0,sg2
AAATGAGAAGAAGAGGCACAGGG,AAATGAGAAGAGAAGATACAGGA,0,sg9
ATGAACACCAGTGAGTAGAGCGG,GAGAACTTCATTGAGTAGAGCTG,0,sg6
GACACCGAAGCAGAGTTTTTAGG,GACACCGAAACAGACCTCATAGC,0,sg11
GAATCCTAAAAACTCTGCTTCGG,TAATTATAGAATCTCTGCTTCAG,0,sg12
AAATGAGAAGAAGAGGCACAGGG,CAAAGAGAAGAAGAGAAATGGGG,0,sg9
AAATGAGAAGAAGAGGCACAGGG,CCCTTACAAGAAGAGGCACAGAG,0,sg9
CCAGTGAGTAGAGCGGAGGCAGG,CCTGTGAGATCAGCGGAGGCATG,0,sg2
AAATGAGAAGAAGAGGCACAGGG,AAGAGGGAAAAAGAGGCACAGCG,0,sg9
CTTGCCCCACAGGGCAGTAACGG,ATAGCCCCACAGGGCAGGTTAGG,0,sg3
AACACCAGTGAGTAGAGCGGAGG,AACACCAGTGATTACAGGGATGT,0,sg1
AAATGAGAAGAAGAGGCACAGGG,AAATGTGAAGAAGAGCATGAGAG,0,sg9
ATGAACACCAGTGAGTAGAGCGG,AGGAAAAACAGTGAGTAGAGATT,0,sg6
GGTCCTGCCGCTGCTTGTCATGG,GATGCTGATGCTGCTTGTCCAGG,0,sg4
GAATCCTAAAAACTCTGCTTCGG,AAATCCTAAAAACCCACCTTCTC,0,sg12
CCTGCCTCCGCTCTACTCACTGG,CCTGCCTCCAAGATTCTCACAGG,0,sg7
ATGAACACCAGTGAGTAGAGCGG,CAGAACACCAGTCAGTTGAGAGG,0,sg6
AATGACCACTACATCCTCAAGGG,AAAGATCAGTAGATCCTCAAGAT,0,sg5
AAATGAGAAGAAGAGGCACAGGG,AAATGAGAAGAACAGGGAAAATT,0,sg9
AACACCAGTGAGTAGAGCGGAGG,AAAACAAGTGAGTAGAGCAAAGC,0,sg1
TGACATCAATTATTATACATCGG,TGACATCAATTTTTTTGGATTTG,0,sg10
AAATGAGAAGAAGAGGCACAGGG,AGATGAGAAGAAGCGGAGGAGGA,0,sg9
TGACATCAATTATTATACATCGG,TCCCATCAATTATTAGATGTCTG,0,sg10
GGGTGGGGGGAGTTTGCTCCTGG,GGGTGGGGGAAACTCTCTCCTGC,0,sg8
AAATGAGAAGAAGAGGCACAGGG,GCCTGAGAAGAAAAGCCATAGGG,0,sg9
AAATGAGAAGAAGAGGCACAGGG,AATTGAGAAGAAGATAGCCAGGC,0,sg9
GAATCCTAAAAACTCTGCTTCGG,GAATCCTAAGAACTACTCTTTTG,0,sg12
AAATGAGAAGAAGAGGCACAGGG,AAATGAGGCACAGAGACACAGGA,0,sg9
AATGACCACTACATCCTCAAGGG,TATACTAAGTACATCCTCAAGGG,0,sg5
AAATGAGAAGAAGAGGCACAGGG,AATTTTGATGTAGAGGCACAGTG,0,sg9
AAATGAGAAGAAGAGGCACAGGG,AAACAAGAAGAAGAGGAAGAAGA,0,sg9
TGACATCAATTATTATACATCGG,TGGCATGAATTATTATACAACAG,0,sg10
CCTGCCTCCGCTCTACTCACTGG,CCTCCCTCCACCCTACTCACTCC,0,sg7
CTTGCCCCACAGGGCAGTAACGG,CCTGCCCCACAGGCCTGCCACTG,0,sg3
CTTGCCCCACAGGGCAGTAACGG,CGTGGCACACAGGGCAGTCACCG,0,sg3
AAATGAGAAGAAGAGGCACAGGG,AAATGAGAAAACTAGGCACACAG,0,sg9
CTTGCCCCACAGGGCAGTAACGG,CTTCCTACACAGGGCAGTGGGGG,0,sg3
CCAGTGAGTAGAGCGGAGGCAGG,CCAGTGAGTGTAGCTGGGGAAGA,0,sg2
CCTGCCTCCGCTCTACTCACTGG,CCAACCTCCGCTCTAGTCTCTTA,0,sg7
CCAGTGAGTAGAGCGGAGGCAGG,GTAATGAGTAGAGCGGAGACAAA,0,sg2
GGGTGGGGGGAGTTTGCTCCTGG,AGCTGTGGGTTGTTTGCTCCTGG,0,sg8
GACACCGAAGCAGAGTTTTTAGG,TAAACAGAGGCAGAGTTTTAAGG,0,sg11
CTTGCCCCACAGGGCAGTAACGG,TCTTCTCCACAGGGCAGCCACGG,0,sg3
TGACATCAATTATTATACATCGG,TCTCATCAATTATTAAATAGAGG,0,sg10
GGTCCTGCCGCTGCTTGTCATGG,GGTCCTGCCCCTGCTGCCCTTGA,0,sg4
CTTGCCCCACAGGGCAGTAACGG,CATGACCAGGAGGGCAGTAACTG,0,sg3
TGACATCAATTATTATACATCGG,AGACATCAATTAATATACGTAAG,0,sg10
AAATGAGAAGAAGAGGCACAGGG,AAATCATATGAAGAGGCACAAGG,1,sg9
AAATGAGAAGAAGAGGCACAGGG,AAATGAGAAGATGGGTCCCAGAC,0,sg9
GGGTGGGGGGAGTTTGCTCCTGG,GGGTGGGGGGGGTGTTATTCTGT,0,sg8
AAATGAGAAGAAGAGGCACAGGG,AAGTGAGTGGAAGAGGCACAGCA,0,sg9
TGACATCAATTATTATACATCGG,TGACAGCATTCTTTATACATCAC,0,sg10
AAATGAGAAGAAGAGGCACAGGG,AGAGAAGAAGAAGAGGTACATGG,0,sg9
GACACCGAAGCAGAGTTTTTAGG,GACAGGTAAGCAGAGTTTTTTAT,0,sg11
AATGACCACTACATCCTCAAGGG,AACCACCATTATATCCTCAAGGT,0,sg5
AAATGAGAAGAAGAGGCACAGGG,AAGAAGGAAGAAGAGGGACAGTG,0,sg9
AACACCAGTGAGTAGAGCGGAGG,AACACCAGTGAGCAGCTCGCCGC,0,sg1
TGACATCAATTATTATACATCGG,AGTCATCAATTATTATTCGTAGC,0,sg10
AAATGAGAAGAAGAGGCACAGGG,AAATGCCAAGAAGAGGCAGAAAT,0,sg9
TGACATCAATTATTATACATCGG,TTACATCAATTATTTTACTTGGA,0,sg10
GAATCCTAAAAACTCTGCTTCGG,AAATTTTAAAAACTCTGGTTCTG,0,sg12
AAATGAGAAGAAGAGGCACAGGG,AAGGCAGAAGAAGAGACAGAGGC,0,sg9
AATGACCACTACATCCTCAAGGG,TATGAAATGTACATCCTCCAGGG,0,sg5
GAATCCTAAAAACTCTGCTTCGG,GAAAACTAAAAACTCACCTTCCT,0,sg12
AACACCAGTGAGTAGAGCGGAGG,AACACCAGTGAATAGATGTAAGT,0,sg1
GGGTGGGGGGAGTTTGCTCCTGG,GGGTGGGGGTGCTCTGCTCCTCG,0,sg8
GGGTGGGGGGAGTTTGCTCCTGG,CGTTGAGGGGAGTTTGCTGCCTG,0,sg8
AATGACCACTACATCCTCAAGGG,AATGACCACAGCATCCTCAGTGG,1,sg5
AACACCAGTGAGTAGAGCGGAGG,GAGAGCAGAGAGTAGAGCGGAAG,0,sg1
AAATGAGAAGAAGAGGCACAGGG,GAAGGAGAGTTTGAGGCACAGGG,0,sg9
TGACATCAATTATTATACATCGG,TGAGTTCAATTATTATAGATTCT,0,sg10
GAATCCTAAAAACTCTGCTTCGG,GAATCCTAATATTTCTGCTGCCC,0,sg12
TGACATCAATTATTATACATCGG,TGAAATCAATTATTACAAATGCT,0,sg10
CCTGCCTCCGCTCTACTCACTGG,CCTGCCTCCTCCCTCCTCACACA,0,sg7
TGACATCAATTATTATACATCGG,TTATTTAAAATATTATACATCGT,0,sg10
TGACATCAATTATTATACATCGG,TTTCACCAATTATTAGACATCTT,0,sg10
AAATGAGAAGAAGAGGCACAGGG,ACAGGAGAAGAAGAAGAGGAGGG,0,sg9
AAATGAGAAGAAGAGGCACAGGG,AAGGCTGAGGAAGAGGCAAAGGG,0,sg9
GGGTGGGGGGAGTTTGCTCCTGG,GGGTGGGGGCACTTTTCTCCCCG,0,sg8
TGACATCAATTATTATACATCGG,TGACATCAAACATTTTAAATGAG,0,sg10
GAATCCTAAAAACTCTGCTTCGG,CAATACTAAAAACTCTCCCTTGG,0,sg12
AAATGAGAAGAAGAGGCACAGGG,ACATAAGAAGAAGAGGGAGTAGG,0,sg9
GAATCCTAAAAACTCTGCTTCGG,GGATGCCAGAAACTCTGCTTGGT,0,sg12
AAATGAGAAGAAGAGGCACAGGG,AAGGCAGAAGAAGAGACAGAGGT,0,sg9
GAATCCTAAAAACTCTGCTTCGG,GAATCCTAAAAAGTCTAACTCAT,0,sg12
AAATGAGAAGAAGAGGCACAGGG,GAATGAGCTGAAGAGGCAAGGAG,0,sg9
GGTCCTGCCGCTGCTTGTCATGG,AGGCCTGCCGCTGCTATTCAGGG,0,sg4
CTTGCCCCACAGGGCAGTAACGG,CTTACCGTAAAAGGCAGTAACTG,0,sg3
GGGTGGGGGGAGTTTGCTCCTGG,GGGTGGGGGGAGATTTGTGCAGG,0,sg8
CTTGCCCCACAGGGCAGTAACGG,CTTACCTCACAGGGCAGTGAGAG,0,sg3
AAATGAGAAGAAGAGGCACAGGG,AAAAGAGGAGAAGAGGCAGAAAA,0,sg9
TGACATCAATTATTATACATCGG,TTACATCAATTATATTAAATATG,0,sg10
AATGACCACTACATCCTCAAGGG,AATTACCACTACATCCCCAATTC,0,sg5
GACACCGAAGCAGAGTTTTTAGG,GAGACCAGAGCAGAGTTTGTCGA,0,sg11
AAATGAGAAGAAGAGGCACAGGG,CATGGAGAAGAAGAGGCAGCCGG,0,sg9
CCTGCCTCCGCTCTACTCACTGG,CCTGCCTCCTCTCTACTTCCCCA,0,sg7
AAATGAGAAGAAGAGGCACAGGG,AAGTGAGAAGAAGAGACCCAGAA,0,sg9
TGACATCAATTATTATACATCGG,TCACCTGATTTATTATACTTTGG,0,sg10
ATGAACACCAGTGAGTAGAGCGG,GTGAGGACCAGTGAGTGGAGGGA,0,sg6
CTTGCCCCACAGGGCAGTAACGG,CTTGCCCCACAGGGCAAAGGCCC,0,sg3
AAATGAGAAGAAGAGGCACAGGG,GTACCAGAAGAAGAGGGGCAGGG,0,sg9
ATGAACACCAGTGAGTAGAGCGG,ATGAACACCCCTGAAGAGACCTG,0,sg6
TGACATCAATTATTATACATCGG,TGGTTTCTATTATTATACATCTT,0,sg10
AAATGAGAAGAAGAGGCACAGGG,AAGGGAGAAGAAGAGGAAAAAGG,0,sg9
AAATGAGAAGAAGAGGCACAGGG,AAGGGAGAAGAAGAGGGAGAGGG,0,sg9
AAATGAGAAGAAGAGGCACAGGG,ACATCAGGAGAAGAGGCACTTTG,0,sg9
AAATGAGAAGAAGAGGCACAGGG,AAATGGGCTCCAGAGGCACAGGC,0,sg9
AAATGAGAAGAAGAGGCACAGGG,TACTTACAAGAAGAGGCACAAGG,0,sg9
GAATCCTAAAAACTCTGCTTCGG,GAATCCTAACATTTCTGATCTGG,0,sg12
AACACCAGTGAGTAGAGCGGAGG,TAGCTCAGTTGGTAGAGCGGAGG,0,sg1
CTTGCCCCACAGGGCAGTAACGG,CCAGCCCCACAGTGCATTAACAA,0,sg3
AAATGAGAAGAAGAGGCACAGGG,GAACAAGAAAGAGAGGCACAGAG,0,sg9
GGGTGGGGGGAGTTTGCTCCTGG,GGGAGTGGGGAGTTTGTTACAGC,0,sg8
TGACATCAATTATTATACATCGG,TTAAAACAATTATTACACATTTG,0,sg10
GAATCCTAAAAACTCTGCTTCGG,TTGTCCAAAAAACTCTGCTTAGA,0,sg12
AAATGAGAAGAAGAGGCACAGGG,AAATGAGAAAAGGAAGCTCTGTG,0,sg9
GACACCGAAGCAGAGTTTTTAGG,GACACAGAAGCAGAGATAATGGT,0,sg11
TGACATCAATTATTATACATCGG,TGACATCAATTTATAGCCATCCC,0,sg10
AAATGAGAAGAAGAGGCACAGGG,AGAAGAGGAGAAGAAGAAGAGGG,0,sg9
AAATGAGAAGAAGAGGCACAGGG,AAGTGAGAAGAAGTGGAAAACTG,0,sg9
AAATGAGAAGAAGAGGCACAGGG,AAATGAGAAGACAAGACACAGAG,0,sg9
AACACCAGTGAGTAGAGCGGAGG,ATTACTAGTGAGTAGAGGCCAGG,0,sg1
GAATCCTAAAAACTCTGCTTCGG,AAGTCCTAAAAATTAGGCTTCAG,0,sg12
AACACCAGTGAGTAGAGCGGAGG,AACACCAGTCAGTAGAGTGTTTC,0,sg1
AAATGAGAAGAAGAGGCACAGGG,CAAGGTGAAGAAGAGGAACAGAA,0,sg9
AAATGAGAAGAAGAGGCACAGGG,ACATGGGCAGAAGAGGCAGAAAG,0,sg9
TGACATCAATTATTATACATCGG,TGACACCAATTATTATTGTTCCA,0,sg10
AAATGAGAAGAAGAGGCACAGGG,AAAGAGGAAGAAGAAGAAGAGGG,0,sg9
GGGTGGGGGGAGTTTGCTCCTGG,AGGTGAGGGGAGTTTGCAGATGT,0,sg8
GACACCGAAGCAGAGTTTTTAGG,AACACAGAAGCAGAGATTGCAGT,0,sg11
AAATGAGAAGAAGAGGCACAGGG,AAAGCATAAGAAGAGGCACACAG,0,sg9
AACACCAGTGAGTAGAGCGGAGG,AACAACAGTGAGTAGTCACGTGG,0,sg1
GGGTGGGGGGAGTTTGCTCCTGG,GGGTGGGGGCAGTGTTGTTCTAG,0,sg8
GAATCCTAAAAACTCTGCTTCGG,GAATAGTTTCAACTCTGCTTCAG,0,sg12
AATGACCACTACATCCTCAAGGG,ACTTAGCAAGATATCCTCAAGGG,0,sg5
ATGAACACCAGTGAGTAGAGCGG,AGAAACCCTAGGGAGTAGAGCTG,0,sg6
AAATGAGAAGAAGAGGCACAGGG,AGATGGGAAGAAGAGAGACGGGA,0,sg9
AAATGAGAAGAAGAGGCACAGGG,AAGCTGGCAGAAGAGGCAGAGGG,0,sg9
TGACATCAATTATTATACATCGG,TGTTATACATTATTATACATTAG,0,sg10
AAATGAGAAGAAGAGGCACAGGG,AAATAAGAGGAATAGGAAGAGGC,0,sg9
GAATCCTAAAAACTCTGCTTCGG,AAATCCTATGGACTCTGCTTCAA,0,sg12
GACACCGAAGCAGAGTTTTTAGG,GAAAAGGTAGAAGAGTTTTTAGG,0,sg11
CCTGCCTCCGCTCTACTCACTGG,CCTGATACCAAGCTACTCACTGG,0,sg7
AATGACCACTACATCCTCAAGGG,TATGACAGCTCCATCCTCAAGGC,0,sg5
GAATCCTAAAAACTCTGCTTCGG,GATTACTAAAAACTCCACTTTGG,0,sg12
CCTGCCTCCGCTCTACTCACTGG,CCTGCCTCCGCCCTCCGCCCTCG,0,sg7
CCTGCCTCCGCTCTACTCACTGG,CCTGCCTCCACTCTACAGTGGGG,0,sg7
GGGTGGGGGGAGTTTGCTCCTGG,GCTTTGGGGGAGTTTGCTCAAGG,0,sg8
AAATGAGAAGAAGAGGCACAGGG,AGATGAGAGAGTGAGGCACAGAG,0,sg9
AAATGAGAAGAAGAGGCACAGGG,TCAGGAGAAGTAGAGGCACAGCC,0,sg9
AAATGAGAAGAAGAGGCACAGGG,AAATGAGAAAAAGTGTCAAGTGG,0,sg9
AAATGAGAAGAAGAGGCACAGGG,TAAAGAGAAGAAGAGAGAAAGGA,0,sg9
AAATGAGAAGAAGAGGCACAGGG,AAATGAGAAAAAGAAGCTCACAG,0,sg9
TGACATCAATTATTATACATCGG,TCACCTCATTTATTATACAAATG,0,sg10
GGGTGGGGGGAGTTTGCTCCTGG,TGGTGGGGGGAGCTTTCTCCTGC,0,sg8
TGACATCAATTATTATACATCGG,TGTCATTAATTATTATACATACT,0,sg10
CCAGTGAGTAGAGCGGAGGCAGG,CCAGTGAGTCAGTGGCAGGCAGG,0,sg2
TGACATCAATTATTATACATCGG,TGACATCAACTATTCTATTTCAT,0,sg10
ATGAACACCAGTGAGTAGAGCGG,ATGAAAACCAGTGAGCACATGGA,0,sg6
TGACATCAATTATTATACATCGG,TGACATCAAATAATGTATAACAG,0,sg10
AAATGAGAAGAAGAGGCACAGGG,AAATGAGAAGAAAATACACAAGT,0,sg9
CCAGTGAGTAGAGCGGAGGCAGG,CCAGTGAGTGGAGCAGAGGACCT,0,sg2
GGTCCTGCCGCTGCTTGTCATGG,GATCTCACCGATGCTTGTCATTG,0,sg4
AACACCAGTGAGTAGAGCGGAGG,AGGGCCAGTGAGTAGAACCAAGG,0,sg1
AAATGAGAAGAAGAGGCACAGGG,GAAGAAGAAGAGGAGGGAGAGGG,0,sg9
AAATGAGAAGAAGAGGCACAGGG,ATACAAGAAGAAGAGGCAAAGGA,0,sg9
GACACCGAAGCAGAGTTTTTAGG,AGGACAGAGGCAGAGTTTTTAGA,0,sg11
GAATCCTAAAAACTCTGCTTCGG,GAATCCTAAAAGAGCTGTTCTGG,0,sg12
AAATGAGAAGAAGAGGCACAGGG,AGAAGAGAAACTGAGGCACAGAG,0,sg9
AAATGAGAAGAAGAGGCACAGGG,TAATGAGAAGAATAGGCTGAGAT,0,sg9
AAATGAGAAGAAGAGGCACAGGG,AAATGAGAAGAAAGTGCATATTG,0,sg9
TGACATCAATTATTATACATCGG,TGACATCAATAGTATTACATATG,0,sg10
GGGTGGGGGGAGTTTGCTCCTGG,GGTTGCCAAGATTTTGCTCCTGG,0,sg8
CCAGTGAGTAGAGCGGAGGCAGG,ACAGTGAGTAGACAGGAGAAAGC,0,sg2
AAATGAGAAGAAGAGGCACAGGG,GAGGGGGAAGAAGAGGAAGAGGG,0,sg9
GAATCCTAAAAACTCTGCTTCGG,GATTCCTAAAAATTCAGTTTCCT,0,sg12
GGGTGGGGGGAGTTTGCTCCTGG,GGGTGGGGGATGTTTCCCCAGGG,0,sg8
AAATGAGAAGAAGAGGCACAGGG,AAGAAAGAAGAAGAGGGAGATGG,0,sg9
CTTGCCCCACAGGGCAGTAACGG,CTGGCCCCACAGCCCAGGAGCTG,0,sg3
AAATGAGAAGAAGAGGCACAGGG,AAAGAAAAGGAAGAGGCACAGAG,0,sg9
AAATGAGAAGAAGAGGCACAGGG,AAATTTGAAGAAGAGGAAGGGGA,0,sg9
AAATGAGAAGAAGAGGCACAGGG,AACTGAGAAGAAAGAGCACAATG,0,sg9
GGTCCTGCCGCTGCTTGTCATGG,GGTCCTGCCTCTTCCTGGCCCGG,0,sg4
GAATCCTAAAAACTCTGCTTCGG,GAAGTCATCAAACTCTGCTTCTG,0,sg12
GGTCCTGCCGCTGCTTGTCATGG,TGACCTGGCGCTGCTTGTCTTCC,0,sg4
AATGACCACTACATCCTCAAGGG,AGTCACCACTACATCCTCAAACC,0,sg5
TGACATCAATTATTATACATCGG,TACTATGAATTATTATACATCAA,0,sg10
AAATGAGAAGAAGAGGCACAGGG,AAGTGAGAAGAACAGACACTGAG,0,sg9
AAATGAGAAGAAGAGGCACAGGG,AAGGCAGAAGAAGAGGAAAAGAG,0,sg9
ATGAACACCAGTGAGTAGAGCGG,TGGCAGACCAGTGAGGTGAGCGG,0,sg6
GGGTGGGGGGAGTTTGCTCCTGG,GGGTGGGGGGAGTTGTCTCTCTT,0,sg8
AAATGAGAAGAAGAGGCACAGGG,ACGTGTGGAGGAGAGGCACAGGA,0,sg9
GGGTGGGGGGAGTTTGCTCCTGG,AGTTTCGGGGAGTTTTCTCCTGA,0,sg8
AAATGAGAAGAAGAGGCACAGGG,AGGTGAGAAGAATAGGCAGAGAT,0,sg9
GACACCGAAGCAGAGTTTTTAGG,GTCACAGAATTAGAGTTTTTAAA,0,sg11
AAATGAGAAGAAGAGGCACAGGG,ACCTGAGAAGAACAGTGAAAGGG,0,sg9
AAATGAGAAGAAGAGGCACAGGG,AAATGAGAAGCAATGACAGAGTG,0,sg9
AAATGAGAAGAAGAGGCACAGGG,AAACAAGAAGAAGAGGGTCTGAG,0,sg9
GGGTGGGGGGAGTTTGCTCCTGG,TGGTGGGGGGAGGCTGCAGGTGG,0,sg8
AATGACCACTACATCCTCAAGGG,AATGCATATTACATCCTCAATGA,0,sg5
TGACATCAATTATTATACATCGG,TATTATCAATTATTAAACATCAA,0,sg10
AAATGAGAAGAAGAGGCACAGGG,GAAGGAGAAGAAGAGGAGGAGGT,0,sg9
GACACCGAAGCAGAGTTTTTAGG,GGCCCGGGAGCAGAGTTTTTAAG,0,sg11
GGGTGGGGGGAGTTTGCTCCTGG,GGGTGGGGGGAGTTTCATTTTCT,0,sg8
GAATCCTAAAAACTCTGCTTCGG,AAATCCTAAAAACTGGGATTAGG,0,sg12
GGGTGGGGGGAGTTTGCTCCTGG,GTCTGTAGGCACTTTGCTCCTGG,0,sg8
CCTGCCTCCGCTCTACTCACTGG,CCTGCCTCCCGCATCCTCACTTG,0,sg7
TGACATCAATTATTATACATCGG,TTCCATCTATTATTATACCACTG,0,sg10
TGACATCAATTATTATACATCGG,TGACATCAACATTTATTAATCGA,0,sg10
AACACCAGTGAGTAGAGCGGAGG,ATTACCAGTGAGCAGTGCTGAGA,0,sg1
CCTGCCTCCGCTCTACTCACTGG,CCTGCCTCCCAGCTGCCCACTGC,0,sg7
ATGAACACCAGTGAGTAGAGCGG,TTGATGACAAGTGAGTAGAGCTC,0,sg6
AAATGAGAAGAAGAGGCACAGGG,AAAGAAAAAGAAGAGGCAAAGAT,0,sg9
AACACCAGTGAGTAGAGCGGAGG,ATTTGCAGTGAGTAGAGATGAGG,0,sg1
AACACCAGTGAGTAGAGCGGAGG,AACACCAGTGAGGACAGAGGCAG,0,sg1
GGGTGGGGGGAGTTTGCTCCTGG,GGGTGGGGGAGGGAAGCTCCGGG,0,sg8
CCAGTGAGTAGAGCGGAGGCAGG,CCAGTGAGTCCTCAGGAGACAGG,0,sg2
GAATCCTAAAAACTCTGCTTCGG,GAATACTAAGGACTCTGCTTCTG,0,sg12
TGACATCAATTATTATACATCGG,TGAAAGAAATGATTATACATCTC,0,sg10
AAATGAGAAGAAGAGGCACAGGG,AAACAGGAAGAAGAGGTAGAAGG,0,sg9
GAATCCTAAAAACTCTGCTTCGG,AAATGCTAAAGTCTCTGCTTCCA,0,sg12
CCAGTGAGTAGAGCGGAGGCAGG,CAGGTGAGTAGAGGGGGAGCTGG,0,sg2
AAATGAGAAGAAGAGGCACAGGG,AAATGAGAAGGCTAGGCTCAAGC,0,sg9
CTTGCCCCACAGGGCAGTAACGG,ATTGCTCAACAGGGCAGTGACTC,0,sg3
GGGTGGGGGGAGTTTGCTCCTGG,GGGTGGGGGAAGTTTATGTCTAG,0,sg8
AAATGAGAAGAAGAGGCACAGGG,GAATGAGAAGAACGCCTACAGGG,0,sg9
AAATGAGAAGAAGAGGCACAGGG,AAAAAAAAAAAAGAGGCACAGAC,0,sg9
AAATGAGAAGAAGAGGCACAGGG,AGACAGGAAGAAGAGGAACAGGC,0,sg9
CTTGCCCCACAGGGCAGTAACGG,CCTCTCCCACAGGGCAGTAAAGG,0,sg3
TGACATCAATTATTATACATCGG,TGCCATCAATTATGAAAAATCAA,0,sg10
TGACATCAATTATTATACATCGG,TGTCATCAATTATTGTACTAGGT,0,sg10
CCTGCCTCCGCTCTACTCACTGG,CCTGCCTCCGGAAGCCTCTCTGG,0,sg7
GGGTGGGGGGAGTTTGCTCCTGG,GGGTGGGGGAATTTTCATCCATG,0,sg8
AAATGAGAAGAAGAGGCACAGGG,GAGTGGGAAGGGGAGGCACAGAG,0,sg9
AAATGAGAAGAAGAGGCACAGGG,AGATGGGAAACTGAGGCACAGAG,0,sg9
GAATCCTAAAAACTCTGCTTCGG,TAAGCCTGAAAACTCTGCTCATG,0,sg12
ATGAACACCAGTGAGTAGAGCGG,GAGAACACCAGTGGGTGTAGCTG,0,sg6
AAATGAGAAGAAGAGGCACAGGG,AGATAGGAAACTGAGGCACAGGG,0,sg9
GACACCGAAGCAGAGTTTTTAGG,GACACCGAAGGATACTATTCAGT,0,sg11
ATGAACACCAGTGAGTAGAGCGG,ATGAAATCTAGTGAGTAGAGACC,0,sg6
AAATGAGAAGAAGAGGCACAGGG,AAATGAGAACAATGGGAACAGAA,0,sg9
ATGAACACCAGTGAGTAGAGCGG,AGGAAGACCAGTGAGGAGGCTGG,0,sg6
GGGTGGGGGGAGTTTGCTCCTGG,GGGTGGGGGCGCCTGGCCCCTGG,0,sg8
GAATCCTAAAAACTCTGCTTCGG,TATTCCTAAAAACTTTCCTTCAC,0,sg12
AAATGAGAAGAAGAGGCACAGGG,GATGGAGAAGCTGAGGCACAGAG,0,sg9
GGGTGGGGGGAGTTTGCTCCTGG,GGGTGGGGGGAGTTAGGGCCAGG,0,sg8
AAATGAGAAGAAGAGGCACAGGG,GAATGAGAAGAAGGTTCTCAGGA,0,sg9
GAATCCTAAAAACTCTGCTTCGG,AAAACCTAAAAACTCTCCTTACA,0,sg12
AAATGAGAAGAAGAGGCACAGGG,AAAGAAAAATAAGAGGCACAGTT,0,sg9
GGGTGGGGGGAGTTTGCTCCTGG,GCCTGAGGGGAGTTTTCTCCTCT,0,sg8
AAATGAGAAGAAGAGGCACAGGG,ATATGAAAGGAAGAGGCATGGAG,0,sg9
GAATCCTAAAAACTCTGCTTCGG,CCATGCTAAAAACTCTACTTTTG,0,sg12
GGGTGGGGGGAGTTTGCTCCTGG,TAGTTGGGAAAGTTTGCTCCTGA,0,sg8
AATGACCACTACATCCTCAAGGG,AATGACCACCCCCTCCTCCAGCC,0,sg5
AATGACCACTACATCCTCAAGGG,AGTGACCACTACATCCTGCACCC,0,sg5
GACACCGAAGCAGAGTTTTTAGG,AATACCTACTAAGAGTTTTTAGG,0,sg11
CCTGCCTCCGCTCTACTCACTGG,ACTGCCTTCTCTCTACTCACTCT,0,sg7
AAATGAGAAGAAGAGGCACAGGG,AATTGAGAAGAAGGTATAAAGGG,0,sg9
AAATGAGAAGAAGAGGCACAGGG,AAATGAGAAGCAGAGGAAGAGAC,0,sg9
GACACCGAAGCAGAGTTTTTAGG,GAGACAGAAGCAGAGGATGGAGG,0,sg11
CTTGCCCCACAGGGCAGTAACGG,GTGGCCCCACAGGGCCATCAGGG,0,sg3
AATGACCACTACATCCTCAAGGG,AATGACCACATCTTCCACCAGTG,0,sg5
AAATGAGAAGAAGAGGCACAGGG,AAATGAGAATTAAAATCACAGAG,0,sg9
CTTGCCCCACAGGGCAGTAACGG,ACTGCCCCACAGGGGAGGTTCGG,0,sg3
TGACATCAATTATTATACATCGG,TGACATCAAATTTTAAAAATAGA,0,sg10
GACACCGAAGCAGAGTTTTTAGG,GAGATGGAAGCAGAGTAGTGAGG,0,sg11
AAATGAGAAGAAGAGGCACAGGG,TAATGAGAAGAAGTGTCCCAGTG,0,sg9
CCTGCCTCCGCTCTACTCACTGG,CCTGCCTCCAATCTATCCACCTG,0,sg7
AAATGAGAAGAAGAGGCACAGGG,AAATGAGAATATGCCTCTCAGGG,0,sg9
AAATGAGAAGAAGAGGCACAGGG,AGATGATATGAAGAGGCACAGGG,0,sg9
TGACATCAATTATTATACATCGG,TGATACCAAATGTTATACATCTT,0,sg10
GACACCGAAGCAGAGTTTTTAGG,GAAACCGAAGCAGAGAAACTAAG,0,sg11
ATGAACACCAGTGAGTAGAGCGG,ATAAACACCAGTAAGTAAAGACA,0,sg6
GGTCCTGCCGCTGCTTGTCATGG,GCTCCGGGGGCTGCTTGTCAGGA,0,sg4
ATGAACACCAGTGAGTAGAGCGG,ATGAACACCAGTGAACACATCAC,0,sg6
AAATGAGAAGAAGAGGCACAGGG,CCATGTGAAGAAGAGGCAGAGAC,0,sg9
GACACCGAAGCAGAGTTTTTAGG,GTAAATGAAGCAGAGTATTTAGA,0,sg11
AATGACCACTACATCCTCAAGGG,ATGCACCACTACATCCTCAAGTG,0,sg5
TGACATCAATTATTATACATCGG,TGTAATCCCTTATTATACAGGGG,0,sg10
GGGTGGGGGGAGTTTGCTCCTGG,CGGTGGGGGGTGGGGGGTCCTGG,0,sg8
CCAGTGAGTAGAGCGGAGGCAGG,CCAGTGAGTTTTGAGCAGGGAGG,0,sg2
GACACCGAAGCAGAGTTTTTAGG,GAGACCGAAGCAAGTTTTTGAGC,0,sg11
AAATGAGAAGAAGAGGCACAGGG,AAATATGAAGAAGAGCTACACTG,0,sg9
CTTGCCCCACAGGGCAGTAACGG,CTGGACCCACAGGGCAGTGGCCT,0,sg3
CTTGCCCCACAGGGCAGTAACGG,CCTGCCCCACAGGGAGGTAGCTG,0,sg3
AAATGAGAAGAAGAGGCACAGGG,AAATGAGAACATGTGGTACAGGT,0,sg9
AAATGAGAAGAAGAGGCACAGGG,GAGTGAGAAGAACAAGCATAAGG,0,sg9
AAATGAGAAGAAGAGGCACAGGG,ACATAAGAAGAAGAGACAGAGAC,0,sg9
GGTCCTGCCGCTGCTTGTCATGG,GGTCCTGCTGCTGCTTGTCTGGG,1,sg4
CTTGCCCCACAGGGCAGTAACGG,AGAGCCTCTCAGGGCAGTAACTG,0,sg3
GACACCGAAGCAGAGTTTTTAGG,GACACCGAAGGAGGGTTGGTCTG,0,sg11
GACACCGAAGCAGAGTTTTTAGG,AACTCGGAAGCAGAGGTTGTAGT,0,sg11
GGGTGGGGGGAGTTTGCTCCTGG,GCGTGTCCGGAGTTTGCTCCTTC,0,sg8
AAATGAGAAGAAGAGGCACAGGG,AAGGGAGAAGAAGAGGGAGTGGA,0,sg9
GGGTGGGGGGAGTTTGCTCCTGG,GGGTGAGGGGTGGGGGCTCCGGG,0,sg8
CTTGCCCCACAGGGCAGTAACGG,CCTGGGCCTCAGGGCAGTCTCGG,0,sg3
AAATGAGAAGAAGAGGCACAGGG,AAATGAGAACAAAATGGAAAGGG,0,sg9
ATGAACACCAGTGAGTAGAGCGG,ATGAACTCCAGTGAGTAGAAATG,0,sg6
ATGAACACCAGTGAGTAGAGCGG,TTGATCACCAGTGAGAAGACTGA,0,sg6
AACACCAGTGAGTAGAGCGGAGG,AAATCCAGTGAGTAGTAAGGTGG,0,sg1
GACACCGAAGCAGAGTTTTTAGG,AAAAAAGAAACAGAGTTTTTATG,0,sg11
CTTGCCCCACAGGGCAGTAACGG,CTTTTCTCCCAGGGCAGTAGAGG,0,sg3
AAATGAGAAGAAGAGGCACAGGG,AAAGGAGAAGAAGAGGGACTCTT,0,sg9
CTTGCCCCACAGGGCAGTAACGG,GTAGTCCCACAGGGCAGTGGCTG,0,sg3
AAATGAGAAGAAGAGGCACAGGG,TTAAAAGAAGAAGAGACACAGGA,0,sg9
AAATGAGAAGAAGAGGCACAGGG,AAATGAGAAAAGGCTGCACTGTG,0,sg9
AAATGAGAAGAAGAGGCACAGGG,AACTGGGGAGAGGAGGCACAGCT,0,sg9
AATGACCACTACATCCTCAAGGG,AATGACCACTGGATCCAGGAGGG,0,sg5
AACACCAGTGAGTAGAGCGGAGG,TAAACGAATGAGTAGAGCTGAGT,0,sg1
ATGAACACCAGTGAGTAGAGCGG,ACCAAAACCATGGAGTAGAGCTG,0,sg6
AAATGAGAAGAAGAGGCACAGGG,AGGGGAGAAGAAGAGGAGCAGGG,0,sg9
GGGTGGGGGGAGTTTGCTCCTGG,GGGTGGGGGCAGTTTACCCACAG,0,sg8
AAATGAGAAGAAGAGGCACAGGG,AAATGAGAAGAATCTGCAGATGT,0,sg9
GGGTGGGGGGAGTTTGCTCCTGG,GAGTGGGGGGAGCCTGCCCGGGG,0,sg8
AAATGAGAAGAAGAGGCACAGGG,GAATGGGAAGAAGAGACATAGAT,0,sg9
AAATGAGAAGAAGAGGCACAGGG,GAAAGGGAAGAAGAGGAACAGAA,0,sg9
CTTGCCCCACAGGGCAGTAACGG,GTGGTCCCACAGGGCTGTCAGGG,0,sg3
AACACCAGTGAGTAGAGCGGAGG,AGCACCAGTGAGTGGGGCCGACT,0,sg1
AAATGAGAAGAAGAGGCACAGGG,AAATGAGAACAGGAGCTACTGGG,0,sg9
AAATGAGAAGAAGAGGCACAGGG,AGTTGAGAAGAATAAGCAATGGG,0,sg9
GACACCGAAGCAGAGTTTTTAGG,ACCACCAAGGAAGAGTTTTTATG,0,sg11
CTTGCCCCACAGGGCAGTAACGG,CCCTTCCCACAGGGCAGTATCTG,0,sg3
AATGACCACTACATCCTCAAGGG,AGTGAGCTTCCCATCCTCAAGGG,0,sg5
AATGACCACTACATCCTCAAGGG,TACCAGCACTACATCTACAAGGG,0,sg5
GAATCCTAAAAACTCTGCTTCGG,GACTCCTAAAAACACATCTTTGC,0,sg12
GGGTGGGGGGAGTTTGCTCCTGG,GGGTGGGGGGATGGTGTTTATGG,0,sg8
AAATGAGAAGAAGAGGCACAGGG,AAATGAGAAGAAGTGCCTCGTGG,0,sg9
AAATGAGAAGAAGAGGCACAGGG,CAAGGCAAAACAGAGGCACAGGG,0,sg9
AACACCAGTGAGTAGAGCGGAGG,AGAACCAGTGAGCAGAGCAGGAG,0,sg1
GAATCCTAAAAACTCTGCTTCGG,GATTCCAAAAAACTCTGCACCGC,0,sg12
AACACCAGTGAGTAGAGCGGAGG,AACATCACAGAGTAGAGCTGAAA,0,sg1
AAATGAGAAGAAGAGGCACAGGG,AAAAAAGAAGAAGAGGGAGAGAG,0,sg9
CCTGCCTCCGCTCTACTCACTGG,CCTGCCTCCACCCTACCCAGCAG,0,sg7
GGTCCTGCCGCTGCTTGTCATGG,GGTCCTGCCCCTCCTTGCCACCA,0,sg4
AACACCAGTGAGTAGAGCGGAGG,AACACCAGTGAGGAGGTTGGGAG,0,sg1
GACACCGAAGCAGAGTTTTTAGG,GATAAGGAAGCAGAGTTTTAAGG,0,sg11
GGGTGGGGGGAGTTTGCTCCTGG,CTGTGGGTTTAGTTTGCTCCTGT,0,sg8
ATGAACACCAGTGAGTAGAGCGG,ATGAACACCTGTGAAAGGAAAGG,0,sg6
CTTGCCCCACAGGGCAGTAACGG,CTTGCATCACAGGGCAGTGAGTG,0,sg3
CCTGCCTCCGCTCTACTCACTGG,CCTGCCTCCACCCAGCTCCCGGG,0,sg7
CCAGTGAGTAGAGCGGAGGCAGG,CTAGTGAGTAGAGACTAGGGATG,0,sg2
GGGTGGGGGGAGTTTGCTCCTGG,AGTTGGGGGGAGCTGGTGCCTGG,0,sg8
AATGACCACTACATCCTCAAGGG,AATCTGCAATACATCCTCCAGTG,0,sg5
TGACATCAATTATTATACATCGG,TATCATCAATTATTATATTTCCT,0,sg10
GGGTGGGGGGAGTTTGCTCCTGG,GTGTGGGGGGAGCTTGCAGAAGG,0,sg8
GGTCCTGCCGCTGCTTGTCATGG,GGGCCTGCCGCTGCTGGCCCTCC,0,sg4
GGGTGGGGGGAGTTTGCTCCTGG,GGGTGGGGGGAGAATGCGTCTTC,0,sg8
GGGTGGGGGGAGTTTGCTCCTGG,GGGTGGGGGGAGTTGGCTGGAGG,0,sg8
AAATGAGAAGAAGAGGCACAGGG,AAATGAGAAGATACGACACAGAC,0,sg9
CCAGTGAGTAGAGCGGAGGCAGG,AGATTAAGCTGAGCGGAGGCAGG,0,sg2
AAATGAGAAGAAGAGGCACAGGG,AAATGAGAAAACGAGGTCTAGGG,0,sg9
CTTGCCCCACAGGGCAGTAACGG,CTTGCCCCACACCCCCGAAAAGG,0,sg3
AAATGAGAAGAAGAGGCACAGGG,AAATGAGAAGCAAAAGATCATGG,0,sg9
GGGTGGGGGGAGTTTGCTCCTGG,TGGTGGGGGGAGGTTGTTGCTTT,0,sg8
AAATGAGAAGAAGAGGCACAGGG,AAATGAGAAGAGGAGATTCGGGT,0,sg9
AAATGAGAAGAAGAGGCACAGGG,CAAGGTTAAGGAGAGGCACAGTG,0,sg9
GAATCCTAAAAACTCTGCTTCGG,GAATGATAGAAACTCTGCTGGTG,0,sg12
ATGAACACCAGTGAGTAGAGCGG,AGGAACACCAGTAACTCAAGTGG,0,sg6
AAATGAGAAGAAGAGGCACAGGG,AAATGAGAAAACCAGCCACAGTC,0,sg9
AAATGAGAAGAAGAGGCACAGGG,AAGAAAAAAGAAGAGGCACAGAA,0,sg9
AAATGAGAAGAAGAGGCACAGGG,ACATGGGAAGAAGAGGCAGAATC,0,sg9
TGACATCAATTATTATACATCGG,ATACATCAATTAAAAGACATCAG,0,sg10
AATGACCACTACATCCTCAAGGG,AATGACCACGTCATCCTTTAAGT,0,sg5
TGACATCAATTATTATACATCGG,TGAGAACAATTATTATCAATAGA,0,sg10
GAATCCTAAAAACTCTGCTTCGG,CAATCTGAATAACTCTGCTTCAG,0,sg12
TGACATCAATTATTATACATCGG,TGGAAACAATTATTATGTATCTG,0,sg10
GGGTGGGGGGAGTTTGCTCCTGG,GTGTGGGGGGAGTGTTCTCCCCC,0,sg8
ATGAACACCAGTGAGTAGAGCGG,ATGAACACCAGTAAGAAAGGTGC,0,sg6
AAATGAGAAGAAGAGGCACAGGG,AACGAAGAAACAGAGGCACAGTG,0,sg9
AATGACCACTACATCCTCAAGGG,TATGTCCACTACATCGTCAGTGA,0,sg5
ATGAACACCAGTGAGTAGAGCGG,ATGAACACCAGTGGTCCAAGCTG,0,sg6
AAATGAGAAGAAGAGGCACAGGG,GAAAGAGAAGAAGAGGGAGAAGG,0,sg9
GGGTGGGGGGAGTTTGCTCCTGG,GGGTGGGGGTGGTTGGCTCTGAG,0,sg8
CTTGCCCCACAGGGCAGTAACGG,CCTCCCCCACAGGGCAGCCACCC,0,sg3
AAATGAGAAGAAGAGGCACAGGG,AACTGAGAAGAAGTTACACAGTT,0,sg9
AATGACCACTACATCCTCAAGGG,ATTGATGACTACATCCTCAAAAG,0,sg5
GGTCCTGCCGCTGCTTGTCATGG,GGTCCTGCCACTGTCCTTCATGG,0,sg4
AAATGAGAAGAAGAGGCACAGGG,AAAAGCAAGGAAGAGGCAAAGGA,0,sg9
AAATGAGAAGAAGAGGCACAGGG,AAATGAGAAGCAAAGAAACTGAG,0,sg9
TGACATCAATTATTATACATCGG,TGACATCAACTAAAATCCATAGG,0,sg10
GGGTGGGGGGAGTTTGCTCCTGG,GTGGGGGTGGAGTTTGTTCCTAG,0,sg8
TGACATCAATTATTATACATCGG,TAAGTTCAATTATTATAGATCCA,0,sg10
GGGTGGGGGGAGTTTGCTCCTGG,GGGAGAGGGCACTTTTCTCCTTG,0,sg8
GGGTGGGGGGAGTTTGCTCCTGG,GGGTGGGGGGATTTTCATCAGGT,0,sg8
AAATGAGAAGAAGAGGCACAGGG,AAAGAAGAAGAAGAGCTAAAAGG,0,sg9
AAATGAGAAGAAGAGGCACAGGG,AACAGAGGTGAAGAGGCAGAGGA,0,sg9
AACACCAGTGAGTAGAGCGGAGG,TACAGGAGTGAGTAGGGATGAGG,0,sg1
CTTGCCCCACAGGGCAGTAACGG,CTTCTCCCACAGGGCAGTAATTC,0,sg3
CCTGCCTCCGCTCTACTCACTGG,CCTGCCTCCGCTCCAATGCCTGT,0,sg7
AAATGAGAAGAAGAGGCACAGGG,CACTCAGAAGAAGAGGGGCAGTG,0,sg9
GACACCGAAGCAGAGTTTTTAGG,GAAGCTAAGGAAGAGTTTTTAGG,0,sg11
GAATCCTAAAAACTCTGCTTCGG,TAATGATAAAAACTCTGCATAGC,0,sg12
GAATCCTAAAAACTCTGCTTCGG,GACTCCTAAAAAATCACCTAAGG,0,sg12
GAATCCTAAAAACTCTGCTTCGG,TAATCCTAAAAACCAGGCTTTGG,0,sg12
GAATCCTAAAAACTCTGCTTCGG,GCTTACTGAAAACTCTGCTTATG,0,sg12
GAATCCTAAAAACTCTGCTTCGG,GGCTTCTGAAAACTCTGCTTCAT,0,sg12
AAATGAGAAGAAGAGGCACAGGG,AACTGAGAAGAAAAGGAAAAGAT,0,sg9
AAATGAGAAGAAGAGGCACAGGG,AAATGAGAAGGTGAGTCAGCGAG,0,sg9
AAATGAGAAGAAGAGGCACAGGG,AAATGAGAAGAGAAAGTGCATGG,0,sg9
GAATCCTAAAAACTCTGCTTCGG,GAGTCTGAAAAACTCTGCTGAGG,0,sg12
AATGACCACTACATCCTCAAGGG,AATGACCACGAGCTCCCCAAGCA,0,sg5
GAATCCTAAAAACTCTGCTTCGG,GCCTGTTAAAAACTCTGCTGCAG,0,sg12
AAATGAGAAGAAGAGGCACAGGG,CAGAGGGAAGCAGAGGCACAGGG,0,sg9
AAATGAGAAGAAGAGGCACAGGG,GATTAAGAAACAGAGGCACAGAG,0,sg9
AAATGAGAAGAAGAGGCACAGGG,ACTTGAGAAGAAGTGGCACAGAT,0,sg9
GACACCGAAGCAGAGTTTTTAGG,GAACCCCAGGCAGAGTTTGTGGG,0,sg11
GGGTGGGGGGAGTTTGCTCCTGG,CGGGCTGGGGAGTTTGCTGCTGC,0,sg8
TGACATCAATTATTATACATCGG,TGATAACACTTGTTATACATCCT,0,sg10
ATGAACACCAGTGAGTAGAGCGG,ATAAATACCAGTGAGTAGAATAC,0,sg6
GGTCCTGCCGCTGCTTGTCATGG,GGTGCTTCCGCTGCTTGTCCGTC,0,sg4
CCTGCCTCCGCTCTACTCACTGG,CCTAGCTACACACTACTCACTAG,0,sg7
AACACCAGTGAGTAGAGCGGAGG,AACACCAGTGAGATGAGAGGGAG,0,sg1
GAATCCTAAAAACTCTGCTTCGG,CAAACCCAAAAACTCTGCCTAGC,0,sg12
GGGTGGGGGGAGTTTGCTCCTGG,GACTGGGGAGATTTTGCTCCTTG,0,sg8
AAATGAGAAGAAGAGGCACAGGG,AAATGAGAAACAGAGGCACAGAG,0,sg9
AAATGAGAAGAAGAGGCACAGGG,AAATGAGAAGAAGATGCAGCATA,0,sg9
AAATGAGAAGAAGAGGCACAGGG,AAATGAGAAGGAAAAGTTCTGGG,0,sg9
AAATGAGAAGAAGAGGCACAGGG,AAATGGCAAGAAGAGGCAAAGGA,0,sg9
AAATGAGAAGAAGAGGCACAGGG,AAATGAGAAGAAGTAAGACAGAT,0,sg9
AAATGAGAAGAAGAGGCACAGGG,AGTTGAGAAGAAGAAGGAGAAGG,0,sg9
AAATGAGAAGAAGAGGCACAGGG,ATATAAGGAAAAGAGGCACAGAG,0,sg9
AAATGAGAAGAAGAGGCACAGGG,AAGAGAGAAGAAGAGGGAGAAGA,0,sg9
TGACATCAATTATTATACATCGG,CGACATTATTATTTATACATCTG,0,sg10
AAATGAGAAGAAGAGGCACAGGG,GAATGGGAGGAAGAGGCAGATGC,0,sg9
AAATGAGAAGAAGAGGCACAGGG,AAAAGAGAAGGGGAGGGAGAGAG,0,sg9
GGGTGGGGGGAGTTTGCTCCTGG,GGGTGGGGGAAACTTTCTCATAG,0,sg8
GGGTGGGGGGAGTTTGCTCCTGG,TGGGGAAGTGAGTTTGCTCCTGC,0,sg8
TGACATCAATTATTATACATCGG,TGATTTCAATTATTATGTATCAG,0,sg10
AAATGAGAAGAAGAGGCACAGGG,AAAGGAAAAGAAGAGGCAACTTG,0,sg9
CCTGCCTCCGCTCTACTCACTGG,CCTGCCTCCCATCTACTCAATCT,0,sg7
GGTCCTGCCGCTGCTTGTCATGG,GGTCCAGCTGCTTGTTCTCATGG,0,sg4
AAATGAGAAGAAGAGGCACAGGG,ATAAGAGAAGAAGAGCCCCAGAG,0,sg9
GGGTGGGGGGAGTTTGCTCCTGG,GGGAGAGGGGAGTTTGCCTTAGG,0,sg8
AAATGAGAAGAAGAGGCACAGGG,GAATGGATTGAAGAGGCACAGTG,0,sg9
GGGTGGGGGGAGTTTGCTCCTGG,GGGTGGGGGGCGTCGTCCCGTGG,0,sg8
AAATGAGAAGAAGAGGCACAGGG,GTATCTGAAGAAGAGGCTCAGGG,0,sg9
AAATGAGAAGAAGAGGCACAGGG,ACATGAGAAGAAGTGGAAGAAGA,0,sg9
AAATGAGAAGAAGAGGCACAGGG,CCATGAGAAGAACATGCAAAGGT,0,sg9
GAATCCTAAAAACTCTGCTTCGG,AAATCCTAAAAACTCTGCCAAAA,0,sg12
AAATGAGAAGAAGAGGCACAGGG,GAGAGAGAAGAAGAGACAGAGAG,0,sg9
ATGAACACCAGTGAGTAGAGCGG,AGGCACACCAGTGAGAACAGTGG,0,sg6
TGACATCAATTATTATACATCGG,AGACATCAATTAATATATATAAG,0,sg10
CCTGCCTCCGCTCTACTCACTGG,CCTGCCTCCTTTCCCCACACTCG,0,sg7
AACACCAGTGAGTAGAGCGGAGG,ACAACCAGTGAGCATGGAGGAGG,0,sg1
GGTCCTGCCGCTGCTTGTCATGG,GCTGCTGCCGCTGCTTGAAATGC,0,sg4
GGTCCTGCCGCTGCTTGTCATGG,GGTCCTGCCCGCGCTTGCCACTG,0,sg4
AAATGAGAAGAAGAGGCACAGGG,AAATGAGAAGAAAGGGCATCAGA,0,sg9
GACACCGAAGCAGAGTTTTTAGG,GAGAGAGAAGCAGAGTATTAAAG,0,sg11
ATGAACACCAGTGAGTAGAGCGG,ATGAACACCAGAGAGTTGTGCTG,0,sg6
AAATGAGAAGAAGAGGCACAGGG,AAATGAGAAGCTAAGGTAAAGGG,0,sg9
AAATGAGAAGAAGAGGCACAGGG,GATGAAGAAACAGAGGCACAGGG,0,sg9
GGTCCTGCCGCTGCTTGTCATGG,TTGCTTGCCGCTGCTTCTCAGGG,0,sg4
CCTGCCTCCGCTCTACTCACTGG,ACAGCGTCTGCCCTACTCACTGT,0,sg7
CCAGTGAGTAGAGCGGAGGCAGG,CCAGGGCAGAGAGCGGAGCCGGG,0,sg2
AAATGAGAAGAAGAGGCACAGGG,CTATGAGAAGAAGGAGCAAATGG,0,sg9
AATGACCACTACATCCTCAAGGG,ATCGCGCACTACATCCTCAAAGT,0,sg5
CTTGCCCCACAGGGCAGTAACGG,GCTGCTCCACAGGGCAGGTATGG,0,sg3
AAATGAGAAGAAGAGGCACAGGG,AATTGGGAAACTGAGGCACAGAG,0,sg9
TGACATCAATTATTATACATCGG,TGTGACCAATTATTATTCAACAG,0,sg10
AAATGAGAAGAAGAGGCACAGGG,AAATGAGAAACAGAGATACAGGC,0,sg9
CCTGCCTCCGCTCTACTCACTGG,CCTGCCTCCCCACACCCCACTGC,0,sg7
AAATGAGAAGAAGAGGCACAGGG,AAATGAGAAAGCAAGCCACAGGA,0,sg9
GGTCCTGCCGCTGCTTGTCATGG,GGGCTAACCACTGCTTGTCATAG,0,sg4
ATGAACACCAGTGAGTAGAGCGG,ATGAACACCCAGGAGTACAGTGG,0,sg6
AAATGAGAAGAAGAGGCACAGGG,AGATGACAAGAAGAAGAAGAGAG,0,sg9
CCTGCCTCCGCTCTACTCACTGG,CATCTCTACCCTCTACTCACTAG,0,sg7
AAATGAGAAGAAGAGGCACAGGG,ATATGGGACTAGGAGGCACAGGG,0,sg9
AAATGAGAAGAAGAGGCACAGGG,AAATGAGAATATGAGTAACAGAG,0,sg9
AAATGAGAAGAAGAGGCACAGGG,AAAAGGGCAGAAGAGGCATGGTG,0,sg9
AAATGAGAAGAAGAGGCACAGGG,CTATGAGAAGTAGAGGCACAGGG,0,sg9
GAATCCTAAAAACTCTGCTTCGG,CAGTCCTAAAAATTCTGATTCTG,0,sg12
TGACATCAATTATTATACATCGG,TGCCATCAATTACTATAGCTCAC,0,sg10
AACACCAGTGAGTAGAGCGGAGG,CACGTCAGAGTGTAGAGCGGAAG,0,sg1
GGGTGGGGGGAGTTTGCTCCTGG,GGGTGGGGGCAGTTTCGCCGGGG,0,sg8
GGTCCTGCCGCTGCTTGTCATGG,TTTCCTGCCGCTGCCTCCCATTG,0,sg4
AAATGAGAAGAAGAGGCACAGGG,TTGTGATAAGAAGAGGCACAGTG,0,sg9
AAATGAGAAGAAGAGGCACAGGG,ACTTGAGAGCAAGAGGCACAGGA,0,sg9
GGGTGGGGGGAGTTTGCTCCTGG,GGGTGGGGGCAGTTTTGCCTTTG,0,sg8
AATGACCACTACATCCTCAAGGG,ACCAATTTCTACATCCTCAAGGG,0,sg5
AAATGAGAAGAAGAGGCACAGGG,AAATGAGAAGTAGATGAATAGGC,0,sg9
AATGACCACTACATCCTCAAGGG,CAGGAACACTACATCCTCAAGCG,0,sg5
AACACCAGTGAGTAGAGCGGAGG,ACCACCAGTGAGAAACGTGTAGG,0,sg1
AAATGAGAAGAAGAGGCACAGGG,CAATGTTCAGTAGAGGCACAGGA,0,sg9
CCTGCCTCCGCTCTACTCACTGG,CCTGCCTCCCTTCTTCGCACTAT,0,sg7
AAATGAGAAGAAGAGGCACAGGG,AGATGAGAAACTGAGGCACAGAG,0,sg9
AAATGAGAAGAAGAGGCACAGGG,ATAAAAAAAGAAGAGGCAAATGG,0,sg9
TGACATCAATTATTATACATCGG,AGATATCAAAGATTATACATCAA,0,sg10
AAATGAGAAGAAGAGGCACAGGG,ATATGTCCAGAAGAGGCACAGCA,0,sg9
AAATGAGAAGAAGAGGCACAGGG,AAATGAGAAAAAGAGGGGAAGGG,0,sg9
AAATGAGAAGAAGAGGCACAGGG,CAATGGGGTAAGGAGGCACAGGG,0,sg9
AAATGAGAAGAAGAGGCACAGGG,AAATGAGAAGTAGAATTGCTGGG,0,sg9
GGGTGGGGGGAGTTTGCTCCTGG,GGGTGGGGGTATATAGTTCCTGC,0,sg8
GGTCCTGCCGCTGCTTGTCATGG,GTTCAGGCGGCTGCTTGTCATTT,0,sg4
AATGACCACTACATCCTCAAGGG,AATGACCACTGTAATATCAAAGG,0,sg5
AATGACCACTACATCCTCAAGGG,AATGACCACTTCTACGTCAAGTA,0,sg5
GGGTGGGGGGAGTTTGCTCCTGG,AGGACAGGGGAGTTTGTTGCTGG,0,sg8
AAATGAGAAGAAGAGGCACAGGG,AAATGAGAAGAAGGCCCAGATGC,0,sg9
GGGTGGGGGGAGTTTGCTCCTGG,GGGTGGGGGAGGGAGGCTGCTGG,0,sg8
CCAGTGAGTAGAGCGGAGGCAGG,CCAGTGAGTGGAGCCGAGGCCCT,0,sg2
GAATCCTAAAAACTCTGCTTCGG,GAATCCTAAAGACCTTCCTCTGG,0,sg12
GAATCCTAAAAACTCTGCTTCGG,AAATCCAAAAAACTCTGCCACTA,0,sg12
GAATCCTAAAAACTCTGCTTCGG,GAATCCTAAAGCCCCTGATTCCA,0,sg12
CCTGCCTCCGCTCTACTCACTGG,CCTGCCTCCTATCTCCTCTCTCT,0,sg7
GAATCCTAAAAACTCTGCTTCGG,GAAACAGGAAACCTCTGCTTCTG,0,sg12
AAATGAGAAGAAGAGGCACAGGG,AAATGAGAAGGAGGGGGGCGCGG,0,sg9
TGACATCAATTATTATACATCGG,TGACTTCAATTATTAGTTTTAGG,0,sg10
GGGTGGGGGGAGTTTGCTCCTGG,GGGATGGGGGAGTTTTCTGCCTG,0,sg8
AAATGAGAAGAAGAGGCACAGGG,AAGGAAGAACAAGAGGCACAGTA,0,sg9
AATGACCACTACATCCTCAAGGG,AGGGACGACTACATCCTCCAGCT,0,sg5
GACACCGAAGCAGAGTTTTTAGG,GCCACTGAAGCAGAGTTGTGAAA,0,sg11
GAATCCTAAAAACTCTGCTTCGG,GAATTCTAGAAACTCTGCAATGG,0,sg12
TGACATCAATTATTATACATCGG,TGCCATCAATTAATATGCATGGC,0,sg10
AAATGAGAAGAAGAGGCACAGGG,AGGTGAGCAGTGGAGGCACAGGG,0,sg9
TGACATCAATTATTATACATCGG,AGACATCAACTTTTATACATCTT,0,sg10
AAATGAGAAGAAGAGGCACAGGG,AAGGGGAAAAAAGAGGCACAGAG,0,sg9
GACACCGAAGCAGAGTTTTTAGG,GACCCCATAGCAGAGTTTTTTTT,0,sg11
AAATGAGAAGAAGAGGCACAGGG,ACATTCCAAGCAGAGGCACAGGT,0,sg9
GGGTGGGGGGAGTTTGCTCCTGG,GACTGGCGGCATTTTGCTCCTGC,0,sg8
AAATGAGAAGAAGAGGCACAGGG,AAATGAGAAGGAAAAGATAAGGG,0,sg9
ATGAACACCAGTGAGTAGAGCGG,ATGAACACCAGGAGGAAGAGCTC,0,sg6
AATGACCACTACATCCTCAAGGG,CATGACCACTATATCCTCAAGTT,0,sg5
AATGACCACTACATCCTCAAGGG,CATGACCACTACCGCCTCAATTA,0,sg5
AAATGAGAAGAAGAGGCACAGGG,AAATGAGAAGAATGGCCTGAAGG,0,sg9
AAATGAGAAGAAGAGGCACAGGG,AAATGAGAAAAAGAGGAGAAAAG,0,sg9
TGACATCAATTATTATACATCGG,TGACATCAATTATTATCAGAGGC,0,sg10
AAATGAGAAGAAGAGGCACAGGG,AAGAGAGAAACTGAGGCACAGTG,0,sg9
GGGTGGGGGGAGTTTGCTCCTGG,GGGTGGGGGGCGGAGCTTCCTGG,0,sg8
ATGAACACCAGTGAGTAGAGCGG,ATGAACACCAGATGGAATAGCTG,0,sg6
GACACCGAAGCAGAGTTTTTAGG,GAAAGCCTAGCAGAGTTTTTAAA,0,sg11
AAATGAGAAGAAGAGGCACAGGG,GAAGAAGAAGAAGAGCTTCAGGG,0,sg9
AAATGAGAAGAAGAGGCACAGGG,AAGTTGGAAAGAGAGGCACAGTG,0,sg9
TGACATCAATTATTATACATCGG,TAACAACAATTATTATATAATGC,0,sg10
CCAGTGAGTAGAGCGGAGGCAGG,ACAATGGGTAGAGCGGAGGATGA,0,sg2
AACACCAGTGAGTAGAGCGGAGG,TGCACCAGGGAGTAGAGCAGTTG,0,sg1
AAATGAGAAGAAGAGGCACAGGG,AAATGAGAAGAAATCTCAAAAGG,0,sg9
AAATGAGAAGAAGAGGCACAGGG,ACAAAAGAAAAAGAGGCACAGAG,0,sg9
GGGTGGGGGGAGTTTGCTCCTGG,GGGTGGGGGGAGGTTGCCTCCCC,0,sg8
ATGAACACCAGTGAGTAGAGCGG,ATGCAAATGAGTGAGTAGATCAG,0,sg6
AAATGAGAAGAAGAGGCACAGGG,ACATCAGAAGAAGAGGAACTTGG,0,sg9
CTTGCCCCACAGGGCAGTAACGG,CATGCCCCACAGGAAAGCACAGG,0,sg3
AAATGAGAAGAAGAGGCACAGGG,ACCACAGAAGAAGAGGAACAGGT,0,sg9
TGACATCAATTATTATACATCGG,TTAAATCAATTATTACACTGAGG,0,sg10
CTTGCCCCACAGGGCAGTAACGG,CTAGCCCCACAGGTCATTGAGGA,0,sg3
AATGACCACTACATCCTCAAGGG,AATGACCACAAAATACTCATATG,0,sg5
AAATGAGAAGAAGAGGCACAGGG,AAATGAGAAAATCAGACACAGCA,0,sg9
AAATGAGAAGAAGAGGCACAGGG,AAATGAGAAAAACAAGCAACAGG,0,sg9
AAATGAGAAGAAGAGGCACAGGG,TGCTGAGAAGAAGAGTCCCAGAG,0,sg9
AAATGAGAAGAAGAGGCACAGGG,AAATGAGAAAGACAGAGGCAGGG,0,sg9
CCTGCCTCCGCTCTACTCACTGG,CATTCCTGTCCTCTACTCACTAG,0,sg7
AAATGAGAAGAAGAGGCACAGGG,AAATGAGAAGAGGCCGGGCATGG,0,sg9
AAATGAGAAGAAGAGGCACAGGG,AAATGAGAAAAAGAAAGAGAAGG,0,sg9
AAATGAGAAGAAGAGGCACAGGG,AAATGAGAAGAAGAGCTTAATTG,0,sg9
TGACATCAATTATTATACATCGG,TGACAGCTATTATTATACAAATA,0,sg10
GACACCGAAGCAGAGTTTTTAGG,GAGGGGGAAGCAGAGGTGTTAGG,0,sg11
AAATGAGAAGAAGAGGCACAGGG,AAGAGAGAAGCAGAGGGAAAGAG,0,sg9
GGGTGGGGGGAGTTTGCTCCTGG,GGGTGGGGGGACCCCTCTCCTGC,0,sg8
AAATGAGAAGAAGAGGCACAGGG,AAGAGAGAAGAAGAGAAAGAGAG,0,sg9
AATGACCACTACATCCTCAAGGG,AAAGAGGACTTTATCCTCAAGAG,0,sg5
AAATGAGAAGAAGAGGCACAGGG,ATGTGGGAGGAAGAGGCACAAGG,0,sg9
GGGTGGGGGGAGTTTGCTCCTGG,GTGTGGGGGGAGTGTGCCTGTGC,0,sg8
GACACCGAAGCAGAGTTTTTAGG,TTCACAGAAGCAGAGATTTTAAA,0,sg11
GACACCGAAGCAGAGTTTTTAGG,GAAAGGGAAGCAGAGTGTAAAGG,0,sg11
AAATGAGAAGAAGAGGCACAGGG,AAAGTAGAAGAAGAGGGTCAGGT,0,sg9
CTTGCCCCACAGGGCAGTAACGG,CTTGCCTGTCTGGGCAGTAACAG,0,sg3
AAATGAGAAGAAGAGGCACAGGG,AAATGAGAATTAGACTCACAGAG,0,sg9
GAATCCTAAAAACTCTGCTTCGG,TATTCCTAAAAATTCAGACTCGG,0,sg12
GACACCGAAGCAGAGTTTTTAGG,GTCTCAGAGACAGAGTTTTTAAG,0,sg11
AAATGAGAAGAAGAGGCACAGGG,CAGTGAGAAGAAATGGTTCAGGG,0,sg9
AAATGAGAAGAAGAGGCACAGGG,AAATGAGAAAGAGAGACAGAGCT,0,sg9
CTTGCCCCACAGGGCAGTAACGG,TCTTTCCCACCGGGCAGTAACTG,0,sg3
AAATGAGAAGAAGAGGCACAGGG,TAATGAAAGGATGAGGCACAGAG,0,sg9
AACACCAGTGAGTAGAGCGGAGG,AGCACCAGTGAGAGGAGATGAAG,0,sg1
GGGTGGGGGGAGTTTGCTCCTGG,TGGAGGGGCCAATTTGCTCCTGG,0,sg8
AATGACCACTACATCCTCAAGGG,CTTGTCCACAGCATCCTCAAGGG,0,sg5
CCAGTGAGTAGAGCGGAGGCAGG,CCCAAGAGGACAGCGGAGGCAGG,0,sg2
TGACATCAATTATTATACATCGG,AGAAATGAAGAATTATACATCGT,0,sg10
AAATGAGAAGAAGAGGCACAGGG,AAATGAGAAAATGAGGCAACTGT,0,sg9
CCTGCCTCCGCTCTACTCACTGG,CCTGCCTCCCCAACACTGGCTGG,0,sg7
CCTGCCTCCGCTCTACTCACTGG,CTGACCTGCCCTCTACTCACTGC,0,sg7
CCTGCCTCCGCTCTACTCACTGG,CCTCTCATGCCTCTACTCACTGG,0,sg7
AAATGAGAAGAAGAGGCACAGGG,ATATGAGAAGAAAAGTCATAAGA,0,sg9
GAATCCTAAAAACTCTGCTTCGG,GAATCCTAAATATTCAGCTGCTG,0,sg12
CCAGTGAGTAGAGCGGAGGCAGG,CCAGTGAGTGGGGTGGAGCGCGG,0,sg2
AAATGAGAAGAAGAGGCACAGGG,AAATAGCTAGAGGAGGCACAGGT,0,sg9
AATGACCACTACATCCTCAAGGG,AATGACCACTCCTTCCTCATCTG,0,sg5
CTTGCCCCACAGGGCAGTAACGG,CTTGCCCCACAGGGCTGCCGTGA,0,sg3
CTTGCCCCACAGGGCAGTAACGG,CTTGCCCCAAATCTCAGTAAGTG,0,sg3
AAATGAGAAGAAGAGGCACAGGG,GAATGAGAAGAACTGTGACAGAG,0,sg9
AAATGAGAAGAAGAGGCACAGGG,AAAGTGGAAGAAGAGGCAGAGAG,0,sg9
GACACCGAAGCAGAGTTTTTAGG,GCCTGTAAAGCAGAGTTTTCAGG,0,sg11
TGACATCAATTATTATACATCGG,TGACCCCAATTATTAAACTTCTA,0,sg10
GAATCCTAAAAACTCTGCTTCGG,GTGTCCTCAAAACTCTGCTTGGT,0,sg12
CTTGCCCCACAGGGCAGTAACGG,AGAGCCCCACAGGGCAGTAAGCC,0,sg3
AAATGAGAAGAAGAGGCACAGGG,AAATGAGAAGAAAAGTAACACTT,0,sg9
AATGACCACTACATCCTCAAGGG,AATGACCACTACAGACTGATGCA,0,sg5
GGGTGGGGGGAGTTTGCTCCTGG,GGGGTGGGGGCGAATGCTCCAGG,0,sg8
GGGTGGGGGGAGTTTGCTCCTGG,CTGAAGGTGGAATTTGCTCCTGG,0,sg8
AAATGAGAAGAAGAGGCACAGGG,AAGTGAGAAGAAGAAAAACAGGT,0,sg9
AATGACCACTACATCCTCAAGGG,GCTGATCACTACATCCCTATGGG,0,sg5
TGACATCAATTATTATACATCGG,TGTAATCAATTATTATACAGAGT,0,sg10
AAATGAGAAGAAGAGGCACAGGG,ATCTGAGAAGAAGTGGCACTCCG,0,sg9
AAATGAGAAGAAGAGGCACAGGG,GAAGAAGAAGAAGAGGAAGAGGG,0,sg9
AATGACCACTACATCCTCAAGGG,GTTTACCACTACATCCCCAGGGC,0,sg5
GGGTGGGGGGAGTTTGCTCCTGG,GGGTTCGGGCAGTTTGCTCCTCT,0,sg8
AAATGAGAAGAAGAGGCACAGGG,GAGTAAGAAGAAGAGGAAGAGGA,0,sg9
AAATGAGAAGAAGAGGCACAGGG,AGAAGAGGAGATGAGGCACAGCC,0,sg9
ATGAACACCAGTGAGTAGAGCGG,ATCTACAGCAGTGAGTAGAGACA,0,sg6
GGGTGGGGGGAGTTTGCTCCTGG,GGGTGGGGGGACTGGGATTCTAG,0,sg8
CCTGCCTCCGCTCTACTCACTGG,CCTGCCTCCACTCTCCTCATCCC,0,sg7
GAATCCTAAAAACTCTGCTTCGG,GAATAGAACAAACTCTGCTTATG,0,sg12
GAATCCTAAAAACTCTGCTTCGG,AAATCCTAAAAAGGCTGATTCTA,0,sg12
GAATCCTAAAAACTCTGCTTCGG,GAATACAAGAAACTCTGCCTGGT,0,sg12
CTTGCCCCACAGGGCAGTAACGG,GCTGAAGCACAGGGCAGTAAAGG,0,sg3
GAATCCTAAAAACTCTGCTTCGG,AAATCCTAAAAATTCTATTTGGA,0,sg12
AATGACCACTACATCCTCAAGGG,AATGACCACAATATTCACAAGAG,0,sg5
AAATGAGAAGAAGAGGCACAGGG,AAATTAGATGAGAAGAAACAGGG,0,sg9
AAATGAGAAGAAGAGGCACAGGG,GAGGAAGAAGAAGAGGCAGAGGA,0,sg9
AAATGAGAAGAAGAGGCACAGGG,CAATGGAAAAATGAGGCACAGGA,0,sg9
GGGTGGGGGGAGTTTGCTCCTGG,GGGTCAGGTGCTTTTGCTCCTGA,0,sg8
CCAGTGAGTAGAGCGGAGGCAGG,GCAGTTTGGAAGGCGGAGGCAGG,0,sg2
AATGACCACTACATCCTCAAGGG,AAAGAACAAGGTATCCTCAAGGG,0,sg5
GAATCCTAAAAACTCTGCTTCGG,GAATCCTAATAATTTTGCTTACT,0,sg12
AATGACCACTACATCCTCAAGGG,GATGAGCACTACATCCCCCGGGC,0,sg5
AAATGAGAAGAAGAGGCACAGGG,AGATGAGAAGAAGAAGAAGAAGA,0,sg9
TGACATCAATTATTATACATCGG,TCACATCAATTAATCTACATGTA,0,sg10
GACACCGAAGCAGAGTTTTTAGG,GACACCGAAGTGTATATTTTAGC,0,sg11
AAATGAGAAGAAGAGGCACAGGG,AACTGAGAAGAAGAGCCAATGAG,0,sg9
AAATGAGAAGAAGAGGCACAGGG,AAATGAGAACAGAAGGGAGAGTG,0,sg9
TGACATCAATTATTATACATCGG,TTCCATCAATTATAATAAATCAA,0,sg10
AATGACCACTACATCCTCAAGGG,ATTCATCTCTACATCCTCACTGG,0,sg5
GAATCCTAAAAACTCTGCTTCGG,GAATCCTAAATACTCTCCTTCGG,1,sg12
AAATGAGAAGAAGAGGCACAGGG,AACAGAAAGGAAGAGGCAGAGTG,0,sg9
CTTGCCCCACAGGGCAGTAACGG,CTTGCCCCACAGTCCTGTAACAT,0,sg3
CCTGCCTCCGCTCTACTCACTGG,CCTGCCTCCACCCTACTCTTCAG,0,sg7
AAATGAGAAGAAGAGGCACAGGG,GGGTGAGGGGAAGAGGCACAGGG,0,sg9
AAATGAGAAGAAGAGGCACAGGG,GAAGAAGAAGAAGAGACACAGAC,0,sg9
GAATCCTAAAAACTCTGCTTCGG,GCTTCTTAGAAACTCTGCTTCTA,0,sg12
GGGTGGGGGGAGTTTGCTCCTGG,GGGTGGGGGGCGGTGGCGCTTGC,0,sg8
GGGTGGGGGGAGTTTGCTCCTGG,ATCTGGAAGGTGTTTGCTCCTGG,0,sg8
CCTGCCTCCGCTCTACTCACTGG,CCCGCCTCCGCTTCACAAAGTGG,0,sg7
GGGTGGGGGGAGTTTGCTCCTGG,GGGTGGGGGGTGCTTGCCCCCAG,0,sg8
AAATGAGAAGAAGAGGCACAGGG,AAAGGTGAAGAAGAGAGAGAGAG,0,sg9
GAATCCTAAAAACTCTGCTTCGG,TAATTCTAAAAACTCTTGTACGG,0,sg12
CCTGCCTCCGCTCTACTCACTGG,CCTGCCTCCTCTGTGCTCCCGGC,0,sg7
AAATGAGAAGAAGAGGCACAGGG,AAATGAGAAACAAAGGGACAGAA,0,sg9
AAATGAGAAGAAGAGGCACAGGG,AGATGAAAAACTGAGGCACAGAG,0,sg9
AAATGAGAAGAAGAGGCACAGGG,ACTTGGTGAGCAGAGGCACAGGG,0,sg9
CCTGCCTCCGCTCTACTCACTGG,TCTGCCTCCTGTCTACTCACTCT,0,sg7
AAATGAGAAGAAGAGGCACAGGG,CAATGAGAAGAAGAGGAAGAAAA,0,sg9
AAATGAGAAGAAGAGGCACAGGG,AAATGAGAAGGTCAAACACAGGG,0,sg9
GGGTGGGGGGAGTTTGCTCCTGG,GAGTGAGCAGAGTTTGCTCCTGC,0,sg8
AAATGAGAAGAAGAGGCACAGGG,ACATGCAAATCAGAGGCACAGTG,0,sg9
GGTCCTGCCGCTGCTTGTCATGG,GGTCCTGCCCCAGTTTTTCAATG,0,sg4
AATGACCACTACATCCTCAAGGG,AACTACCACTACATCCCCAATGC,0,sg5
TGACATCAATTATTATACATCGG,AAACATCAGTAATTATACATCAA,0,sg10
GGGTGGGGGGAGTTTGCTCCTGG,GGGTGGGGGGTGTTTCTTCCCAA,0,sg8
CCAGTGAGTAGAGCGGAGGCAGG,CCAGTGAGTATGAAGGTGTCAGG,0,sg2
AAATGAGAAGAAGAGGCACAGGG,ACTTGGGAAGCTGAGGCACAGGA,0,sg9
GACACCGAAGCAGAGTTTTTAGG,GACACCGAAACAAGGATTTCAGT,0,sg11
AACACCAGTGAGTAGAGCGGAGG,CCCACCAGTGAGTAGACTGGCAG,0,sg1
ATGAACACCAGTGAGTAGAGCGG,AGGAACACCAGTGATTTCAGTGT,0,sg6
AAATGAGAAGAAGAGGCACAGGG,GAAGAAGAAGAAGAGGCAAGAGG,0,sg9
TGACATCAATTATTATACATCGG,TGACATCAAAAATTATGCATCAC,0,sg10
AAATGAGAAGAAGAGGCACAGGG,AAATGAGAATAATAGGATCACTG,0,sg9
CCTGCCTCCGCTCTACTCACTGG,TCTGGCTCCGCTCTACTCATCCA,0,sg7
AAATGAGAAGAAGAGGCACAGGG,AGATGAGAAGAAAGGGCAGAAGG,0,sg9
ATGAACACCAGTGAGTAGAGCGG,AAGAACACCAGTGGTGAGAGCTG,0,sg6
AACACCAGTGAGTAGAGCGGAGG,CATAGCAGAGAGTAGAGCTGAGA,0,sg1
AAATGAGAAGAAGAGGCACAGGG,AAATGAGAAGTAGTTCCATAAGG,0,sg9
AAATGAGAAGAAGAGGCACAGGG,AAAGAAGAAGAAGAGGAAGAGGG,0,sg9
ATGAACACCAGTGAGTAGAGCGG,ATGCTCACCAGTGAGAAAAACGC,0,sg6
ATGAACACCAGTGAGTAGAGCGG,AGGAAAACCAGTGAGCAGAGTGG,0,sg6
AAATGAGAAGAAGAGGCACAGGG,AATTTGGAAGAAGAGGCAAATGG,0,sg9
GAATCCTAAAAACTCTGCTTCGG,GAAGCCTACTTCCTCTGCTTCTG,0,sg12
AACACCAGTGAGTAGAGCGGAGG,CCCACCAGTGAGTGGGGAGGGGG,0,sg1
GGTCCTGCCGCTGCTTGTCATGG,GGTCCTCCCGCTGCTTCTCCGGG,1,sg4
TGACATCAATTATTATACATCGG,TTACATTAAAAATTATACATCGT,0,sg10
AAATGAGAAGAAGAGGCACAGGG,AGAAATGAAGAAGAGGGATAGGG,0,sg9
AACACCAGTGAGTAGAGCGGAGG,AACACCAGTCAGGAGAGGGAAGA,0,sg1
ATGAACACCAGTGAGTAGAGCGG,GAGAACACCAGTGAGAGCAGCTG,0,sg6
GGGTGGGGGGAGTTTGCTCCTGG,GAATGGGGGGAGGTTGCAGGTGG,0,sg8
CCAGTGAGTAGAGCGGAGGCAGG,CTGGCGAGTAGAGCGCAGCCAGC,0,sg2
CCTGCCTCCGCTCTACTCACTGG,CCGGCCACCTGCCTCCTCACTGG,0,sg7
AAATGAGAAGAAGAGGCACAGGG,GAGGGAGAAGAAGAGGGAGTGGG,0,sg9
CCTGCCTCCGCTCTACTCACTGG,CCTGCCTCCGCCTTCATCACGGC,0,sg7
GGTCCTGCCGCTGCTTGTCATGG,GGTCCTGCCGCGGTTCGCCCCGG,0,sg4
AACACCAGTGAGTAGAGCGGAGG,GAAACCAGTGAGAAGAGAGCTGG,0,sg1
AAATGAGAAGAAGAGGCACAGGG,AGATAAGAAACTGAGGCACAGAG,0,sg9
AAATGAGAAGAAGAGGCACAGGG,GAAAGAGAAGAAGAGGAAGAGTA,0,sg9
CCAGTGAGTAGAGCGGAGGCAGG,CCAGGGAGCAGAGCGGAGGAGTG,0,sg2
AATGACCACTACATCCTCAAGGG,CATGACTATTACATCCTCAATGT,0,sg5
AATGACCACTACATCCTCAAGGG,AAGGACTCCGAAATCCTCAAGGG,0,sg5
AAATGAGAAGAAGAGGCACAGGG,AGAGGACAGGAAGAGGCACAGAA,0,sg9
AAATGAGAAGAAGAGGCACAGGG,AAATGAGAACAAAAATCACGTGG,0,sg9
AAATGAGAAGAAGAGGCACAGGG,AGAATAGAAGAAGAGTAACAGAG,0,sg9
GGGTGGGGGGAGTTTGCTCCTGG,TGGTGTGTTGAGTTTGCTTGTGG,0,sg8
AAATGAGAAGAAGAGGCACAGGG,TGATAAGAAGAAGAGGAAGAGGA,0,sg9
TGACATCAATTATTATACATCGG,CAACATCAATTATTATCCATTTT,0,sg10
AAATGAGAAGAAGAGGCACAGGG,AAATGAGAAGGATAGAAACATTG,0,sg9
CTTGCCCCACAGGGCAGTAACGG,CCTGCCCCACAGCACAGTAGCTT,0,sg3
ATGAACACCAGTGAGTAGAGCGG,GGTAACACCAGTGAGGGGAGTGG,0,sg6
AAATGAGAAGAAGAGGCACAGGG,AAATGAGAATAGCAGGACCATGG,0,sg9
CCTGCCTCCGCTCTACTCACTGG,CCTGCCTCCAACCTTCTCACAGA,0,sg7
AATGACCACTACATCCTCAAGGG,AAAGTACATTACATCCTCAAGGG,0,sg5
AAATGAGAAGAAGAGGCACAGGG,AGAAGAGAAGAAGAGGTGGAGGA,0,sg9
GAATCCTAAAAACTCTGCTTCGG,GAATCCTAAATGCCGTGCTTCAC,0,sg12
TGACATCAATTATTATACATCGG,CAAGATCAAGTTTTATACATCGT,0,sg10
GGGTGGGGGGAGTTTGCTCCTGG,GGGTGGGGGAAGATTGCTGGCAG,0,sg8
GGTCCTGCCGCTGCTTGTCATGG,TGCCTTGCCGCTGCTTTTCCTGA,0,sg4
AAATGAGAAGAAGAGGCACAGGG,AGCTGAGAAAGGGAGGCACAGGG,0,sg9
TGACATCAATTATTATACATCGG,TGACATCAACTTAAATACATTGT,0,sg10
CCTGCCTCCGCTCTACTCACTGG,CCTGCCTCCTCCCCGCCCCCTGG,0,sg7
CCTGCCTCCGCTCTACTCACTGG,CCTGCCTCCTGCCTACACAGGGG,0,sg7
AAATGAGAAGAAGAGGCACAGGG,AAATGAGAAGAGTAGGCTCAGGA,0,sg9
AAATGAGAAGAAGAGGCACAGGG,AAAACAGCAGCTGAGGCACAGGA,0,sg9
GACACCGAAGCAGAGTTTTTAGG,GAAGCCCAGGCAGAGTTTTTGGA,0,sg11
AATGACCACTACATCCTCAAGGG,AATGAACTCTACATCCTCATCTC,0,sg5
GGTCCTGCCGCTGCTTGTCATGG,GGTCCTGCCCTTCCGTGTCAGGA,0,sg4
GGGTGGGGGGAGTTTGCTCCTGG,GGGTGGCTGGAGTTTGCTGCTGG,0,sg8
GACACCGAAGCAGAGTTTTTAGG,TAAAGAGAAGCAGAGGTTGTAGG,0,sg11
TGACATCAATTATTATACATCGG,AGACATCAATTAATACACATAAG,0,sg10
AAATGAGAAGAAGAGGCACAGGG,AAATGAGAATAATAGGTAAAAGC,0,sg9
CTTGCCCCACAGGGCAGTAACGG,CTGGCCCCACAGCACAGCAACAG,0,sg3
GGGTGGGGGGAGTTTGCTCCTGG,GGAAGGGGAATGTTTGCTCCTTG,0,sg8
GACACCGAAGCAGAGTTTTTAGG,AACCCAGAAGCAGAGTTTGCAGG,0,sg11
AATGACCACTACATCCTCAAGGG,ATTTACCATTACATCCTCCAATG,0,sg5
AAATGAGAAGAAGAGGCACAGGG,AAAACAGAAACAGAGGCACAGAG,0,sg9
GGGTGGGGGGAGTTTGCTCCTGG,GGCTGGGGGGAGTTTCATGCTGA,0,sg8
GAATCCTAAAAACTCTGCTTCGG,GAAGCCCAGAGGCTCTGCTTCTG,0,sg12
TGACATCAATTATTATACATCGG,TGACATCAATTATATTACAAAGC,0,sg10
AAATGAGAAGAAGAGGCACAGGG,AAATGAGAAGACAAGCCACATAC,0,sg9
AAATGAGAAGAAGAGGCACAGGG,AAATGAGAAGAAAAAGAAAGGGA,0,sg9
AAATGAGAAGAAGAGGCACAGGG,GATGGAGAAACTGAGGCACAGGG,0,sg9
TGACATCAATTATTATACATCGG,TAATAACAATTATTATTCATCTT,0,sg10
GAATCCTAAAAACTCTGCTTCGG,AAATTCTAAAAACTCAGTTTCAG,0,sg12
AAATGAGAAGAAGAGGCACAGGG,AAATGAGAAGCAGAGACAGATAG,0,sg9
GAATCCTAAAAACTCTGCTTCGG,GACTGGTTAAATCTCTGCTTCGT,0,sg12
AACACCAGTGAGTAGAGCGGAGG,CAGAGCAGGGAGTAGAGCTGAGG,0,sg1
GGGTGGGGGGAGTTTGCTCCTGG,GCGTGTCTGGAGTTTGCTCCTTC,0,sg8
GGGTGGGGGGAGTTTGCTCCTGG,GAGAGAGTGGAGTTTGCTCCTTA,0,sg8
CCAGTGAGTAGAGCGGAGGCAGG,CCAGTGAGTAGAGGTTAGGAATG,0,sg2
GAATCCTAAAAACTCTGCTTCGG,CAAGCCTCAAAACTCTGCTATAG,0,sg12
GAATCCTAAAAACTCTGCTTCGG,GAATTTTAAAAACTCTGCTTTTA,0,sg12
GGGTGGGGGGAGTTTGCTCCTGG,GGGTGGGGGCAGGCTGCTGCCTG,0,sg8
AATGACCACTACATCCTCAAGGG,CATGAGTGTGACATCCTCAAGGG,0,sg5
TGACATCAATTATTATACATCGG,TTTCAGCAATTATTATGCATTGG,0,sg10
GACACCGAAGCAGAGTTTTTAGG,GCTACAGAAGCAGAGTTTCTAGG,0,sg11
AAATGAGAAGAAGAGGCACAGGG,GAAGGGGAAGAAGAGGAAACGGG,0,sg9
AAATGAGAAGAAGAGGCACAGGG,ACATGAGAAGCTGAGGCACAGAT,0,sg9
CCTGCCTCCGCTCTACTCACTGG,CCTGCCTCCTCTGTGCTTTCGGG,0,sg7
CCAGTGAGTAGAGCGGAGGCAGG,CCAGTGAGTGGTGGGCAGGGAGG,0,sg2
CTTGCCCCACAGGGCAGTAACGG,CCTGCCCCACAGCCCAGAAACTC,0,sg3
CTTGCCCCACAGGGCAGTAACGG,CTTGCTCCACAGGGCGGTCTGGA,0,sg3
GAATCCTAAAAACTCTGCTTCGG,CAATCCTTTAACCTCTGCTTCCC,0,sg12
GGGTGGGGGGAGTTTGCTCCTGG,GGGTGGGGGGAGGTGGGAGTTGG,0,sg8
CCTGCCTCCGCTCTACTCACTGG,CCTTTATCTGCTCTACTCACTAA,0,sg7
AAATGAGAAGAAGAGGCACAGGG,AAAACGGAAGAAGAAGAAGAGGG,0,sg9
AAATGAGAAGAAGAGGCACAGGG,CATAAAGAAACAGAGGCACAGGG,0,sg9
AAATGAGAAGAAGAGGCACAGGG,AAGAGAGAAGAAGAGGCAAAACG,0,sg9
GGGTGGGGGGAGTTTGCTCCTGG,GGGTGGGGGGGGTTTCCCTAAGG,0,sg8
CTTGCCCCACAGGGCAGTAACGG,CTGGCCCCACAGTGGAGGAAGGT,0,sg3
AAATGAGAAGAAGAGGCACAGGG,AAATGAGAAAAAGATCCAGTGGC,0,sg9
TGACATCAATTATTATACATCGG,TGCTACTAATTTTTATACATCGT,0,sg10
AAATGAGAAGAAGAGGCACAGGG,ACATGATATGTAGAGGCACAGGG,0,sg9
GGGTGGGGGGAGTTTGCTCCTGG,TGGTCAGTGGTGTTTGCTCCTGT,0,sg8
GAATCCTAAAAACTCTGCTTCGG,GAATCCTAAAACCAAAGCTTATG,0,sg12
CCTGCCTCCGCTCTACTCACTGG,GCAGTCTTGGCTCTACTCACTAG,0,sg7
GGGTGGGGGGAGTTTGCTCCTGG,GGGTAGGGGGAAGTTGGTCTTGC,0,sg8
GAATCCTAAAAACTCTGCTTCGG,AAAGCCTAAAAACTCTCCTTACA,0,sg12
AATGACCACTACATCCTCAAGGG,AATATCTGCCACATCCTCAAGGC,0,sg5
AAATGAGAAGAAGAGGCACAGGG,AAAGAGGAAGAAGAGGAGAAGGG,0,sg9
GAATCCTAAAAACTCTGCTTCGG,TCATCTTACAATCTCTGCTTCAG,0,sg12
GACACCGAAGCAGAGTTTTTAGG,TACAATGAAGAAGAGTTTTTAAA,0,sg11
AAATGAGAAGAAGAGGCACAGGG,CCTGGAGAAGAAGAGGCAGAGGC,0,sg9
AAATGAGAAGAAGAGGCACAGGG,AAATGAGAAGAGTACAGACAGAG,0,sg9
GGGTGGGGGGAGTTTGCTCCTGG,GGGTGGGGGTGGTGTGGCCCTGC,0,sg8
CCAGTGAGTAGAGCGGAGGCAGG,CTGGTGAGTAGAGCTCAGGGATG,0,sg2
AAATGAGAAGAAGAGGCACAGGG,GAAGGAGGGGAAGAGGCACTGGT,0,sg9
AAATGAGAAGAAGAGGCACAGGG,AGATGAGAAAATGAGGCACAGAT,0,sg9
AAATGAGAAGAAGAGGCACAGGG,GGCTGGTAAGAAGAGGCATAGGG,0,sg9
GACACCGAAGCAGAGTTTTTAGG,ATCAAAGAATCAGAGTTTTTAAG,0,sg11
ATGAACACCAGTGAGTAGAGCGG,GTGAACTCCAGTGAGTAGGTCTG,0,sg6
AAATGAGAAGAAGAGGCACAGGG,AAAAGGGAAGAAGAGGAAGGGAG,0,sg9
GGGTGGGGGGAGTTTGCTCCTGG,GCGTGTGGGGGGAGTGCTCCTAG,0,sg8
AAATGAGAAGAAGAGGCACAGGG,AAATGAGAAAGAGAGAGAGAGAG,0,sg9
TGACATCAATTATTATACATCGG,TGCCATCAATTATTAAATACTCG,0,sg10
AAATGAGAAGAAGAGGCACAGGG,AAATGAGAAGAAGAGGAAATAGA,0,sg9
GACACCGAAGCAGAGTTTTTAGG,TACATCTTAGCAGAGTTTTAAGA,0,sg11
GACACCGAAGCAGAGTTTTTAGG,GAAATCTGAGCAGAGTTTTTTGG,0,sg11
GGGTGGGGGGAGTTTGCTCCTGG,GTGTGGGGGGAGGGGCCTTCTGG,0,sg8
ATGAACACCAGTGAGTAGAGCGG,ATAAACACCAGTCAGTGGATCAT,0,sg6
AAATGAGAAGAAGAGGCACAGGG,AAATGAGAAGCAAAGGAAGAAGT,0,sg9
CTTGCCCCACAGGGCAGTAACGG,CTGGCCCCACAGGGCCTTTTCAG,0,sg3
GAATCCTAAAAACTCTGCTTCGG,GAACCCGTACACCTCTGCTTCTG,0,sg12
AAATGAGAAGAAGAGGCACAGGG,AAATGAGAAGAGGAAGAACAGTC,0,sg9
CTTGCCCCACAGGGCAGTAACGG,CCTGACCCACAGGGCATTCAGGG,0,sg3
ATGAACACCAGTGAGTAGAGCGG,ATGAAGATTTCTGAGTAGAGCTG,0,sg6
ATGAACACCAGTGAGTAGAGCGG,AGTGAGACCAGTGAGGAGAGCAG,0,sg6
AAATGAGAAGAAGAGGCACAGGG,GAATGGGAAATTGAGGCACAGAG,0,sg9
AAATGAGAAGAAGAGGCACAGGG,AAATGAGAAACTGAGGCATAAGA,0,sg9
AAATGAGAAGAAGAGGCACAGGG,GAAAGGGAAGAAGAGAGGCAGGG,0,sg9
GACACCGAAGCAGAGTTTTTAGG,GATACAGAAGCAGAGGATTCAGA,0,sg11
ATGAACACCAGTGAGTAGAGCGG,AGCAACACCAGTGAGGAGGTTGG,0,sg6
CTTGCCCCACAGGGCAGTAACGG,GTGGCCCTGCAGGGCAGTAACTG,0,sg3
AAATGAGAAGAAGAGGCACAGGG,AAATGAGAAGATTGGGAACATAG,0,sg9
AAATGAGAAGAAGAGGCACAGGG,CAATGAGAAGAACAAAGAGAGGG,0,sg9
AAATGAGAAGAAGAGGCACAGGG,GACTGTGAAGAAGAGGGAAAGGG,0,sg9
AAATGAGAAGAAGAGGCACAGGG,ATAAAAGTAGAAGAGGCAGTGGG,0,sg9
AAATGAGAAGAAGAGGCACAGGG,AAAGGCAAAGAAGAGGCAGGTGG,0,sg9
GAATCCTAAAAACTCTGCTTCGG,GAATCCTAAAAAGTCTGGCTTGA,0,sg12
TGACATCAATTATTATACATCGG,TAAATTCAATTATTATAATCCGG,0,sg10
CCTGCCTCCGCTCTACTCACTGG,CCTGCCTCCTCTCTTCCCACTTT,0,sg7
CCTGCCTCCGCTCTACTCACTGG,CCCGCCTCCGCTTTCCAGACTGC,0,sg7
TGACATCAATTATTATACATCGG,TAAAATCAATTATTACTCATTGT,0,sg10
AAATGAGAAGAAGAGGCACAGGG,CAGGGGGAAGAAGAGGGACAGAG,0,sg9
AACACCAGTGAGTAGAGCGGAGG,CACCAGAGTGAGTAGAGAGGAAG,0,sg1
CCAGTGAGTAGAGCGGAGGCAGG,CTAGTGAGTAGAGGTCAGGGATG,0,sg2
AAATGAGAAGAAGAGGCACAGGG,GAAAGAGAAGAAGAGGAAGAGGA,0,sg9
AAATGAGAAGAAGAGGCACAGGG,AACTGAGAAGAAAAGTGTCATGG,0,sg9
GGTCCTGCCGCTGCTTGTCATGG,CATCCTGCCGCTGCTTTCTGTGG,0,sg4
CCTGCCTCCGCTCTACTCACTGG,CCTGCCTCCATTCCATTCACAGA,0,sg7
ATGAACACCAGTGAGTAGAGCGG,ATGAACACCAGAGAATTTTGTGG,0,sg6
AATGACCACTACATCCTCAAGGG,AATTACTAATACATCCTCATTTG,0,sg5
TGACATCAATTATTATACATCGG,TCAAGTTATTTATTATACATTGG,0,sg10
GACACCGAAGCAGAGTTTTTAGG,GAAACCGAAGCAGAGTCACTTGA,0,sg11
GGGTGGGGGGAGTTTGCTCCTGG,GGGTGGGGGTACTTTAAGCATGG,0,sg8
GGGTGGGGGGAGTTTGCTCCTGG,GGGTGAGGGGAGTTTGCAACATT,0,sg8
AAATGAGAAGAAGAGGCACAGGG,AAATCATGTTAAGAGGCACAGTG,0,sg9
CTTGCCCCACAGGGCAGTAACGG,CCTGCCCCACAGGCCCGAAACTG,0,sg3
GGGTGGGGGGAGTTTGCTCCTGG,GGGCGGGGAGCGTTTGCACCCGG,0,sg8
CCAGTGAGTAGAGCGGAGGCAGG,CCAGGCTGGAGCGCGGAGGCACG,0,sg2
AACACCAGTGAGTAGAGCGGAGG,ACCTCGAGTGAGTAGAGACCAGG,0,sg1
GGGTGGGGGGAGTTTGCTCCTGG,GGGGGGGGGGATATTACACCTTG,0,sg8
GAATCCTAAAAACTCTGCTTCGG,AAACCCTTGAATCTCTGCTTCTG,0,sg12
GGGTGGGGGGAGTTTGCTCCTGG,GGGGTGGGGGTGTGTCCTCCTCG,0,sg8
AACACCAGTGAGTAGAGCGGAGG,AACACCAGTGGGGAGAAGAGAAG,0,sg1
AAATGAGAAGAAGAGGCACAGGG,AAATGAGAAACACATGAACAGAG,0,sg9
AAATGAGAAGAAGAGGCACAGGG,ACCTGAGAAGAACATGCTAAGGG,0,sg9
GGGTGGGGGGAGTTTGCTCCTGG,GGGTGGGGGAATTTTCTTTCTGA,0,sg8
TGACATCAATTATTATACATCGG,TGTCATCAATTATTTCAAATCTG,0,sg10
GGGTGGGGGGAGTTTGCTCCTGG,GGGTGAGAAGAGTTTGCTCCACT,0,sg8
TGACATCAATTATTATACATCGG,AGTCATTCATTATTATACATAGA,0,sg10
GAATCCTAAAAACTCTGCTTCGG,TAGTCCCAGAAGCTCTGCTTCAG,0,sg12
ATGAACACCAGTGAGTAGAGCGG,AAAGCCACCAGTGAGTGGAGTGG,0,sg6
TGACATCAATTATTATACATCGG,TGGCACCAATGGTTATACATCAT,0,sg10
GGTCCTGCCGCTGCTTGTCATGG,TGTAGTGACCCAGCTTGTCATGG,0,sg4
GGGTGGGGGGAGTTTGCTCCTGG,GGGTGGGGGAAGTTTATTTCTGA,0,sg8
GACACCGAAGCAGAGTTTTTAGG,GACAGCAATGCAGAGTTTTAAGC,0,sg11
CTTGCCCCACAGGGCAGTAACGG,CTTGCCCCACAGGAAAATATCAC,0,sg3
AAATGAGAAGAAGAGGCACAGGG,AATGGAGAAGAAGAGCCCCATAG,0,sg9
GGTCCTGCCGCTGCTTGTCATGG,AGAGGTGAAGCTGCTTGTCATGG,0,sg4
TGACATCAATTATTATACATCGG,TCTAATAAATTATTATACATCTG,0,sg10
GGGTGGGGGGAGTTTGCTCCTGG,GGGCAGAGGTAGTTTGCTCCTAT,0,sg8
TGACATCAATTATTATACATCGG,TGACATCAATAATTAAAAAGGGG,0,sg10
AAATGAGAAGAAGAGGCACAGGG,AAATGAGAAAAAGAAATAGAAGG,0,sg9
GACACCGAAGCAGAGTTTTTAGG,CATTCAGAAAGAGAGTTTTTAGG,0,sg11
CCTGCCTCCGCTCTACTCACTGG,TATGACTCAGCTCTACTCACAGA,0,sg7
CCTGCCTCCGCTCTACTCACTGG,CCTGCCTCCTCTCTCAACACGGA,0,sg7
GAATCCTAAAAACTCTGCTTCGG,AAATGCTAAAAACTCATCTGTGG,0,sg12
ATGAACACCAGTGAGTAGAGCGG,AAGAACACCAGTGATTAGATTGA,0,sg6
GACACCGAAGCAGAGTTTTTAGG,GACACTGAAGCAGAGCTCTGAAT,0,sg11
GGGTGGGGGGAGTTTGCTCCTGG,GGGTGGGGGGGGGTAGTTTCAGG,0,sg8
AAATGAGAAGAAGAGGCACAGGG,TGCAAAGAAGGAGAGGCACAGGG,0,sg9
GAATCCTAAAAACTCTGCTTCGG,GAATCCTAAAAACTTTCATGTTG,0,sg12
GGTCCTGCCGCTGCTTGTCATGG,GACCCTGTAGCTGCTTGTCAATG,0,sg4
AACACCAGTGAGTAGAGCGGAGG,AAACCCAGTGAGTAGGGCTGGGG,0,sg1
AAATGAGAAGAAGAGGCACAGGG,AGATGAAAAAATGAGGCACAGAA,0,sg9
GAATCCTAAAAACTCTGCTTCGG,GAAGGCCAAAAACTCTGCTAATG,0,sg12
AACACCAGTGAGTAGAGCGGAGG,AACACCAGTTTGTAGAGAGCATG,0,sg1
TGACATCAATTATTATACATCGG,ATGCAACAATTATTATCCACCGG,0,sg10
CCTGCCTCCGCTCTACTCACTGG,CCTGCCTCCCCTCCCCTCCCCGT,0,sg7
AACACCAGTGAGTAGAGCGGAGG,AACACCAGTGAGTCCAGCAGAAG,0,sg1
AAATGAGAAGAAGAGGCACAGGG,AACTGAGGTTTGGAGGCACAGGG,0,sg9
CCTGCCTCCGCTCTACTCACTGG,GAAGCCTCTGCTCTACTCTGTGG,0,sg7
CCTGCCTCCGCTCTACTCACTGG,CCTGCCTCCCCTGTCCCCTCTGC,0,sg7
AAATGAGAAGAAGAGGCACAGGG,AAATTGGAAAATGAGGCACAGAG,0,sg9
ATGAACACCAGTGAGTAGAGCGG,ACAGCCACCAGTGAGTAGTGGGG,0,sg6
TGACATCAATTATTATACATCGG,TGACTTAACTTATTATACCTCCT,0,sg10
GGGTGGGGGGAGTTTGCTCCTGG,GGGTGGGGGTGGCTTCGTCCAGG,0,sg8
AAATGAGAAGAAGAGGCACAGGG,AAATGAGAAGATGCTGCATGGTG,0,sg9
GAATCCTAAAAACTCTGCTTCGG,GCATGCTAAAACCTCTGCTTCTG,0,sg12
GACACCGAAGCAGAGTTTTTAGG,GGCACAGAAGCAGAGCTGTAAGA,0,sg11
AAATGAGAAGAAGAGGCACAGGG,AGATGAGAAGAATAGGCTACAGG,0,sg9
AATGACCACTACATCCTCAAGGG,ACTGAACACTTTATCCTCAAGGC,0,sg5
GAATCCTAAAAACTCTGCTTCGG,GAATCCCCAAAACTCTTCTTTGG,1,sg12
AAATGAGAAGAAGAGGCACAGGG,TAAGAAGAAGAAGAGGGCCAGGT,0,sg9
GAATCCTAAAAACTCTGCTTCGG,TAATCCTAAAAATGCAACTTGGG,0,sg12
AAATGAGAAGAAGAGGCACAGGG,GAGTGAGAAGAAAAGGCAGAAGA,0,sg9
TGACATCAATTATTATACATCGG,AATCATCAGTTCTTATACATCAG,0,sg10
GGGTGGGGGGAGTTTGCTCCTGG,GGGTGGGGGGCGATCCCTCCTGA,0,sg8
GGTCCTGCCGCTGCTTGTCATGG,GGTCCTGCCCTCGCTTGTGAGGG,0,sg4
ATGAACACCAGTGAGTAGAGCGG,ATGAACACCAGTGATTCAGGCTT,0,sg6
ATGAACACCAGTGAGTAGAGCGG,AAGATGACCAGTGAGTAGATTTG,0,sg6
AAATGAGAAGAAGAGGCACAGGG,ACCTAGGGAGAGGAGGCACAGGG,0,sg9
GGGTGGGGGGAGTTTGCTCCTGG,GAGGTGGGGAACTTTGCTCCTGC,0,sg8
ATGAACACCAGTGAGTAGAGCGG,ATAAATACCAGTGAGACTAGAGG,0,sg6
TGACATCAATTATTATACATCGG,TGACATCAATTATGCTGAAAGGG,0,sg10
AAATGAGAAGAAGAGGCACAGGG,AAATGAGAATATGAGGGAGAAGA,0,sg9
TGACATCAATTATTATACATCGG,TCACACCAATTATTACATTTTGG,0,sg10
TGACATCAATTATTATACATCGG,TGACATCAATTATTATAACAAGT,0,sg10
CCAGTGAGTAGAGCGGAGGCAGG,TTAGAGAGCAGAGCGGAGTAAGG,0,sg2
TGACATCAATTATTATACATCGG,TGACATAAATTATTTTACTTAGG,1,sg10
ATGAACACCAGTGAGTAGAGCGG,GGGAACACCAGTTGGAAGAGCAG,0,sg6
CCTGCCTCCGCTCTACTCACTGG,CCTTCCTTTGCTCTACTCTGTGC,0,sg7
ATGAACACCAGTGAGTAGAGCGG,ATGAACACCACTTAATAAAACAG,0,sg6
GAATCCTAAAAACTCTGCTTCGG,AAATACTAAAAACTCATCTTGGG,0,sg12
GGGTGGGGGGAGTTTGCTCCTGG,GGATGGGGGGAGGCGCCTCCAGG,0,sg8
GACACCGAAGCAGAGTTTTTAGG,GATTTCTAAGCAGAGTTTTGAAG,0,sg11
AAATGAGAAGAAGAGGCACAGGG,AATTGAGTAGAAGAAGAAGAGGC,0,sg9
CCTGCCTCCGCTCTACTCACTGG,ACTGGCTGATCTCTACTCACTGC,0,sg7
AACACCAGTGAGTAGAGCGGAGG,CATACCAGTGAGCAGGGTGGATG,0,sg1
CTTGCCCCACAGGGCAGTAACGG,GTTCCTACACAAGGCAGTAACAG,0,sg3
GGGTGGGGGGAGTTTGCTCCTGG,GGTGGGGGGAGGTTGGGTCCTGG,0,sg8
AAATGAGAAGAAGAGGCACAGGG,CAATCAGAGGAAGAGGCAATAGG,0,sg9
GACACCGAAGCAGAGTTTTTAGG,GACACTTAAGCAGAGTTTCTAAG,0,sg11
AAATGAGAAGAAGAGGCACAGGG,AAATGAGAAGAAAAAGAACATCA,0,sg9
TGACATCAATTATTATACATCGG,TGCTTTCAATTATTATAAATAGG,0,sg10
AAATGAGAAGAAGAGGCACAGGG,GACAGAGAAGAAGAGACAGAGAG,0,sg9
GGTCCTGCCGCTGCTTGTCATGG,TGTCTGGCCAGTGCTTGTCATGG,0,sg4
CTTGCCCCACAGGGCAGTAACGG,ATGGGTCCCCAGGGCAGTAACTG,0,sg3
GACACCGAAGCAGAGTTTTTAGG,CAACCCGAAGCAGAGCTTACAGG,0,sg11
ATGAACACCAGTGAGTAGAGCGG,ATGCAGACCAGTGAGCAGTGAGT,0,sg6
GGTCCTGCCGCTGCTTGTCATGG,CCAACTGCCATTGCTTGTCATGG,0,sg4
GACACCGAAGCAGAGTTTTTAGG,GACACCGAAACAGAATGGGCAGG,0,sg11
GGTCCTGCCGCTGCTTGTCATGG,GGTCCTGCCGCATCGTGTCCTGC,0,sg4
AAATGAGAAGAAGAGGCACAGGG,AAATGCTCAGAAGAGGCACATCT,0,sg9
AAATGAGAAGAAGAGGCACAGGG,AACTGAGAAGAAAGGACAAAGGA,0,sg9
AATGACCACTACATCCTCAAGGG,AAAGAAGACAAGATCCTCAAGTG,0,sg5
AACACCAGTGAGTAGAGCGGAGG,ATCACCAGTGAGGGAAGGGTAGG,0,sg1
GGGTGGGGGGAGTTTGCTCCTGG,GGGTGGGGGCTGTCTGGTTCTGG,0,sg8
AAATGAGAAGAAGAGGCACAGGG,GAAAGCCTTGAAGAGGCACAGGG,0,sg9
GGGTGGGGGGAGTTTGCTCCTGG,GGCTGGGGGGAGCTGGCAGCAGG,0,sg8
AAATGAGAAGAAGAGGCACAGGG,AAATGAGAATAAAAGCCTGAAGG,0,sg9
AAATGAGAAGAAGAGGCACAGGG,GAAGAAGAGGAAGAGGAAGAGGG,0,sg9
TGACATCAATTATTATACATCGG,CATCAACAATTATTATACATCAA,0,sg10
GGGTGGGGGGAGTTTGCTCCTGG,GTGTGAGTGGAGTTTGCTCTGGG,0,sg8
AAATGAGAAGAAGAGGCACAGGG,AAATGCGGAGAAGAGGCAAGAGG,0,sg9
ATGAACACCAGTGAGTAGAGCGG,ATGTGTAGCAGTGAGTAGAGGAG,0,sg6
TGACATCAATTATTATACATCGG,GAAAAACTATTATTATACATCGT,0,sg10
TGACATCAATTATTATACATCGG,TGACATCAAGTACTTCACATTGT,0,sg10
AAATGAGAAGAAGAGGCACAGGG,AAATGAGAAGATCAGTCACAAGG,1,sg9
AAATGAGAAGAAGAGGCACAGGG,AAATGAGAAGCATGAACACAGGA,0,sg9
AAATGAGAAGAAGAGGCACAGGG,GCTATAGTAGAAGAGGCACAGGG,0,sg9
GAATCCTAAAAACTCTGCTTCGG,CAATTCTGGAAACTCTGCTTAGT,0,sg12
AAATGAGAAGAAGAGGCACAGGG,ACAAGAGGAGACGAGGCACAGTC,0,sg9
TGACATCAATTATTATACATCGG,AGGCAACAATTATTATCCAGTGG,0,sg10
AAATGAGAAGAAGAGGCACAGGG,AAAAGAGAAGAAGAGCTGCAGGC,0,sg9
CTTGCCCCACAGGGCAGTAACGG,CTGTCTCCACAGGGCAGGAAATG,0,sg3
AAATGAGAAGAAGAGGCACAGGG,AAATGAGAATGAGACCCACTAGG,0,sg9
AAATGAGAAGAAGAGGCACAGGG,ATATGAGAAGAAGTAGAATAGGG,0,sg9
AAATGAGAAGAAGAGGCACAGGG,AAATGAGAAGACTTGGGAGATGG,0,sg9
GACACCGAAGCAGAGTTTTTAGG,GATAGAGATGCAGAGTTTATAGG,0,sg11
GGGTGGGGGGAGTTTGCTCCTGG,GGGTGGGTGGTGATCGCTCAGGG,0,sg8
AAATGAGAAGAAGAGGCACAGGG,TGAAGGGAAGAAGAGACATAGGG,0,sg9
AAATGAGAAGAAGAGGCACAGGG,AATTTGGAATTAGAGGCACAGGC,0,sg9
AACACCAGTGAGTAGAGCGGAGG,AATACTAAGGATTAGAGCGGAGA,0,sg1
AAATGAGAAGAAGAGGCACAGGG,AAGTGAGAAGAATGGGACCTGGG,0,sg9
GGGTGGGGGGAGTTTGCTCCTGG,GGTTTGAGGGAGTTTGCTCCTAA,0,sg8
CCTGCCTCCGCTCTACTCACTGG,CCTGCCTCCCCACTGATCCCTTG,0,sg7
CTTGCCCCACAGGGCAGTAACGG,CCTGCCCCACAGGGCTGTTGTGG,0,sg3
AAATGAGAAGAAGAGGCACAGGG,CAGTTAGAAGAAGAGGCACTTTG,0,sg9
CTTGCCCCACAGGGCAGTAACGG,CTGGACCCCCAGGGCAGTGAGTG,0,sg3
GGGTGGGGGGAGTTTGCTCCTGG,GGTGGGGGAGCATTTGCTCCTGT,0,sg8
GAATCCTAAAAACTCTGCTTCGG,TATTCCTAAAAACTTTGCTGCTA,0,sg12
GGGTGGGGGGAGTTTGCTCCTGG,GGGTGGGGGGCGTCTGCCATTGC,0,sg8
CTTGCCCCACAGGGCAGTAACGG,CGGGCCCCACAGTGACGTAGCGG,0,sg3
TGACATCAATTATTATACATCGG,GCACATAATTTATTATACATCTT,0,sg10
AAATGAGAAGAAGAGGCACAGGG,AAATGAGAAGAAAACGCCAGGGA,0,sg9
AAATGAGAAGAAGAGGCACAGGG,AAGTAAGAAGCAGAGGCACAGAG,0,sg9
GAATCCTAAAAACTCTGCTTCGG,GAATCCTAAATTTGCTTCTTCAG,0,sg12
GAATCCTAAAAACTCTGCTTCGG,AAAACTTAAAAACTCTGCAACGA,0,sg12
AATGACCACTACATCCTCAAGGG,AACGTTCACTACATCTTCAAGCA,0,sg5
AATGACCACTACATCCTCAAGGG,AATGACCACCACCACAACAAGGG,0,sg5
GGGTGGGGGGAGTTTGCTCCTGG,CGGTGGGGGGAGTGGTCTCTCGG,0,sg8
GAATCCTAAAAACTCTGCTTCGG,CAGTCCTGAAGGCTCTGCTTCGC,0,sg12
GGGTGGGGGGAGTTTGCTCCTGG,GGGTGGGGGCAGAGAGCCCCAGG,0,sg8
AAATGAGAAGAAGAGGCACAGGG,GAAAGAGAAGAAGAGAAAGAGGA,0,sg9
GGTCCTGCCGCTGCTTGTCATGG,GAGCCTGCCGCTGCATCTCACGA,0,sg4
GGTCCTGCCGCTGCTTGTCATGG,GGTAATGCCATTGCTTGTCATTA,0,sg4
AACACCAGTGAGTAGAGCGGAGG,AATACCAGTGAGATGAGAGGCTG,0,sg1
GAATCCTAAAAACTCTGCTTCGG,GACTGCTAAAAACTCCACTTTGA,0,sg12
AAATGAGAAGAAGAGGCACAGGG,AAATGAGAAAATGAGGCATCAAG,0,sg9
AAATGAGAAGAAGAGGCACAGGG,AAATGAGAAGAGGAGAAGTAGGT,0,sg9
AAATGAGAAGAAGAGGCACAGGG,AGATGAGAAACTGAGGCACAGGG,0,sg9
CCTGCCTCCGCTCTACTCACTGG,ATTGACTCCCATCTACTCACTGT,0,sg7
TGACATCAATTATTATACATCGG,GGAATTCAATTATTATAACTCTG,0,sg10
GGGTGGGGGGAGTTTGCTCCTGG,GGGTGGGGGGTTCTTGCTCCCCA,0,sg8
GACACCGAAGCAGAGTTTTTAGG,GACACTGATTCAGAGTTTTTACA,0,sg11
GAATCCTAAAAACTCTGCTTCGG,GAGTCTTTTAAACTCTGCTGCTG,0,sg12
AAATGAGAAGAAGAGGCACAGGG,ATAAGAGAAGAAGAGGTATTTGG,0,sg9
ATGAACACCAGTGAGTAGAGCGG,GTTTATACCAGTGAGTAGAACTG,0,sg6
TGACATCAATTATTATACATCGG,ATATTTCAATTATTATAAATTGG,0,sg10
CCTGCCTCCGCTCTACTCACTGG,CCTGCCTCCCCTCTTCTCTGTAC,0,sg7
AACACCAGTGAGTAGAGCGGAGG,GCCCCCAGTGAGTAGTACGGAGG,0,sg1
AACACCAGTGAGTAGAGCGGAGG,AACACCAGTGAGAGCAGCTGGAG,0,sg1
GACACCGAAGCAGAGTTTTTAGG,GAAACTGAAGCAGAGATGTTAAA,0,sg11
GACACCGAAGCAGAGTTTTTAGG,GACAGCTGAGCAGAGTTTATAAG,0,sg11
GACACCGAAGCAGAGTTTTTAGG,ACCTACTAAGCAGAGTTTTTATG,0,sg11
GGGTGGGGGGAGTTTGCTCCTGG,GGGTGGGGGTAGAGTGGACCAGG,0,sg8
AAATGAGAAGAAGAGGCACAGGG,AAATGAGAAAATGAGTCTCAAGT,0,sg9
AACACCAGTGAGTAGAGCGGAGG,AAAACCAGTGAGAAGAGTGGCAT,0,sg1
AAATGAGAAGAAGAGGCACAGGG,AAATGAGAAGCTGAAGGACAGGA,0,sg9
TGACATCAATTATTATACATCGG,CAACATCTCTTATTATACGTTGG,0,sg10
AAATGAGAAGAAGAGGCACAGGG,AAATGAGAAGTCTTCGCCCAGGG,0,sg9
AATGACCACTACATCCTCAAGGG,ACCGACCCCAAGATCCTCAAGGT,0,sg5
AAATGAGAAGAAGAGGCACAGGG,AGAAGAGAATCTGAGGCACAGAG,0,sg9
TGACATCAATTATTATACATCGG,TGAAATGGAATATTATACATCAA,0,sg10
GACACCGAAGCAGAGTTTTTAGG,AAACCAGAAGAAGAGTTTTTAAG,0,sg11
CCTGCCTCCGCTCTACTCACTGG,CCTGCCTCCACTCCACTTCCTCC,0,sg7
AAATGAGAAGAAGAGGCACAGGG,AAATGAGAAACTGAGTCACAAAG,0,sg9
AAATGAGAAGAAGAGGCACAGGG,GGATGAGTCGAAGAGGCACTGTG,0,sg9
GAATCCTAAAAACTCTGCTTCGG,AAAACCTAAAAACTCTACCAAGG,0,sg12
AAATGAGAAGAAGAGGCACAGGG,GAAGGAAGAGAAGAGGCACTGAG,0,sg9
CCAGTGAGTAGAGCGGAGGCAGG,CCAGTGAGTATGGATCAGTCAGG,0,sg2
CCTGCCTCCGCTCTACTCACTGG,TCTCTCTCCGCTCTACCATCTGG,0,sg7
AAATGAGAAGAAGAGGCACAGGG,AGATAAGAAATTGAGGCACAGAG,0,sg9
AATGACCACTACATCCTCAAGGG,AACCAGTACTACATCCTCTAGCG,0,sg5
AAATGAGAAGAAGAGGCACAGGG,AAATGAGAACAATAGACACTGGA,0,sg9
GGGTGGGGGGAGTTTGCTCCTGG,CGGTGGGGGGAGGGGGGTCCAGG,0,sg8
CCAGTGAGTAGAGCGGAGGCAGG,CCAGTGAGTATAGGGGTGAGAGG,0,sg2
GAATCCTAAAAACTCTGCTTCGG,GTTACCTAAACACTCTGCTTCTG,0,sg12
ATGAACACCAGTGAGTAGAGCGG,GTGAGTAGCAGTGAGTAGAATGG,0,sg6
AACACCAGTGAGTAGAGCGGAGG,TATAGCAGTGAGTAGTGCTGAGT,0,sg1
GGGTGGGGGGAGTTTGCTCCTGG,GGGTGGGGGGACTCTACCACTGT,0,sg8
AAATGAGAAGAAGAGGCACAGGG,CAGTGAGAAGAAATGGATCAGGG,0,sg9
GACACCGAAGCAGAGTTTTTAGG,CTCAGGGAAGCAGAGTTTTAAGA,0,sg11
TGACATCAATTATTATACATCGG,TGACATCAAATAATGTAAACTGG,0,sg10
ATGAACACCAGTGAGTAGAGCGG,ATTTCCACCAGTGAGGAGAGAAG,0,sg6
CCAGTGAGTAGAGCGGAGGCAGG,CCAGTGAGTAGCACGGAGCCCCC,0,sg2
GGGTGGGGGGAGTTTGCTCCTGG,GGCTGGCAGCATTTTGCTCCTGC,0,sg8
GACACCGAAGCAGAGTTTTTAGG,GAAAAATAAGCAGAGTTTTCAGT,0,sg11
GACACCGAAGCAGAGTTTTTAGG,AACTCAAAAGCAGAGTTTTAAGG,0,sg11
GGGTGGGGGGAGTTTGCTCCTGG,GGGTGGGGGAAGAGGGCTCCTGG,0,sg8
AAATGAGAAGAAGAGGCACAGGG,TATGGAGAAAATGAGGCACAGAG,0,sg9
CCTGCCTCCGCTCTACTCACTGG,TCTCCACAGGCTCTACTCACTGG,0,sg7
TGACATCAATTATTATACATCGG,AGAGATCAATTATTATAGTACTG,0,sg10
AAATGAGAAGAAGAGGCACAGGG,AAATGAGAAGAAAAAGATCCTGG,0,sg9
AAATGAGAAGAAGAGGCACAGGG,AAAGTAGAAGAAGAGGTAAGGGA,0,sg9
CTTGCCCCACAGGGCAGTAACGG,CTTCCTCTACAGGGCAGTCCTGG,0,sg3
AATGACCACTACATCCTCAAGGG,AATGAACACTACATCCTCTTCTA,0,sg5
CCAGTGAGTAGAGCGGAGGCAGG,CCAGTGAGTTGAGTGAGAACAGG,0,sg2
GGTCCTGCCGCTGCTTGTCATGG,GGTCCTGCCACTCTCTGACAGGG,0,sg4
AACACCAGTGAGTAGAGCGGAGG,CAGAACAGTGAGTAGTGTGGAGC,0,sg1
CCTGCCTCCGCTCTACTCACTGG,CCTGCCTCCCCTCCACTCCACGG,0,sg7
TGACATCAATTATTATACATCGG,TAAAATCAATTATTAAAAATATG,0,sg10
ATGAACACCAGTGAGTAGAGCGG,TTGAACACCAGTGGGCAGGCCGA,0,sg6
AAATGAGAAGAAGAGGCACAGGG,ATTTGGGAAGCTGAGGCACAGGA,0,sg9
AAATGAGAAGAAGAGGCACAGGG,AGGTGAAAACAAGAGGCACAGGC,0,sg9
ATGAACACCAGTGAGTAGAGCGG,CTGATGACCAGTGAGGAGCGCCG,0,sg6
AAATGAGAAGAAGAGGCACAGGG,AAATGGACAGAAGAGGGACTGTG,0,sg9
AATGACCACTACATCCTCAAGGG,AATTCTAATTACATCCTCAAAGG,0,sg5
GAATCCTAAAAACTCTGCTTCGG,GAAACCTAGATTCTCTGCTTCTG,0,sg12
AACACCAGTGAGTAGAGCGGAGG,GACTTCAGTCATTAGAGCGGAAG,0,sg1
GAATCCTAAAAACTCTGCTTCGG,GCTCCCTGCAAACTCTGCTTCTG,0,sg12
GGGTGGGGGGAGTTTGCTCCTGG,GGGTGGGGGCTCTTTGTTCTTAG,0,sg8
CTTGCCCCACAGGGCAGTAACGG,CCTGCCCCACAGGGCAGCCATGC,0,sg3
AAATGAGAAGAAGAGGCACAGGG,AACTGAGAAGAAGAAGAATAGTG,0,sg9
AAATGAGAAGAAGAGGCACAGGG,GAAAGAGAAGAAGAGGAAGAGAG,0,sg9
GACACCGAAGCAGAGTTTTTAGG,GACACAGAAGCAGAGGTTTGGCC,0,sg11
TGACATCAATTATTATACATCGG,TTATATAAATTATTATACATATT,0,sg10
AAATGAGAAGAAGAGGCACAGGG,AAATGAGAAGAAGTCTAACAGAG,0,sg9
AAATGAGAAGAAGAGGCACAGGG,AAATGAGAAGATGAGGCCAGGGT,0,sg9
AAATGAGAAGAAGAGGCACAGGG,GAGGGAGAAACTGAGGCACAGGG,0,sg9
AACACCAGTGAGTAGAGCGGAGG,ACCCACAAAGAGTAGAGCTGAGG,0,sg1
ATGAACACCAGTGAGTAGAGCGG,ATGAACACCAGTCACCAAAACGT,0,sg6
GGGTGGGGGGAGTTTGCTCCTGG,GGCTGGCTGGAGTTTGCTCCCTG,0,sg8
CCTGCCTCCGCTCTACTCACTGG,TCTGCCTCCGCTTCTCTCTCTGT,0,sg7
CCTGCCTCCGCTCTACTCACTGG,CCTGCCTCCACTCAGCAGCCTGG,0,sg7
CCAGTGAGTAGAGCGGAGGCAGG,ACAGAGAGAGAAGCGGAGGCAGA,0,sg2
GGGTGGGGGGAGTTTGCTCCTGG,GGGTGGGGGGGTCTCGGGCCTGG,0,sg8
GAATCCTAAAAACTCTGCTTCGG,CTGTCCCAAGAACTCTGCTTCAG,0,sg12
GACACCGAAGCAGAGTTTTTAGG,GACACAGAAGCAGAGTCTTTAAT,0,sg11
GACACCGAAGCAGAGTTTTTAGG,GAATTGTAAGGAGAGTTTTTAGG,0,sg11
AAATGAGAAGAAGAGGCACAGGG,AGAGCAGAGGATGAGGCACAGAG,0,sg9
AAATGAGAAGAAGAGGCACAGGG,AAATGAGAACATGAAGACCAGAG,0,sg9
AAATGAGAAGAAGAGGCACAGGG,AAATGAGAAGAAAATGGAAGGGC,0,sg9
AACACCAGTGAGTAGAGCGGAGG,GACACCAGTGAGCAGAGGAAAGG,0,sg1
AAATGAGAAGAAGAGGCACAGGG,AAATGAGAAGAAATTCCACATAG,0,sg9
GGTCCTGCCGCTGCTTGTCATGG,GTTTCTGCAGAGGCTTGTCATGG,0,sg4
AATGACCACTACATCCTCAAGGG,AGAGACAAGCAGATCCTCAAGGG,0,sg5
AACACCAGTGAGTAGAGCGGAGG,AATCCCAGTGAGTAGGGAGGCTG,0,sg1
AAATGAGAAGAAGAGGCACAGGG,ACATGAGAAGAAAAGGCAGAGAA,0,sg9
AAATGAGAAGAAGAGGCACAGGG,AAATGAGAAGAAAAGGAGGAAGA,0,sg9
GGTCCTGCCGCTGCTTGTCATGG,GGTCCTGCCCCTTCCCCTCAGGG,0,sg4
GAATCCTAAAAACTCTGCTTCGG,AAACTCCAAAAACTCTGCCTTGG,0,sg12
AAATGAGAAGAAGAGGCACAGGG,AAAGGAGAAGAAGAGGGAAGAGG,0,sg9
ATGAACACCAGTGAGTAGAGCGG,GGGAACCTCAGTGAGTAGAAGGG,0,sg6
GAATCCTAAAAACTCTGCTTCGG,GAATCCTAAAAATTCAGCATTAG,0,sg12
GAATCCTAAAAACTCTGCTTCGG,GAATCCTAATTAATCTGTTTCCA,0,sg12
TGACATCAATTATTATACATCGG,TGACATCAATATTAATACCACCG,0,sg10
AAATGAGAAGAAGAGGCACAGGG,GAGAGAGACAAAGAGGCACAGAG,0,sg9
AATGACCACTACATCCTCAAGGG,AAGGACATCTATATCCTCAAGCA,0,sg5
CCAGTGAGTAGAGCGGAGGCAGG,CCAGTGAGTTGGGAGGAGGAAGT,0,sg2
CTTGCCCCACAGGGCAGTAACGG,CCTTTCCCACAGGGCAGCCAGGG,0,sg3
GACACCGAAGCAGAGTTTTTAGG,TGCACTCAAGCAGAGTTTTTTTG,0,sg11
CCAGTGAGTAGAGCGGAGGCAGG,GCAGCGCGCAGGGCGGAGGCAGC,0,sg2
AAATGAGAAGAAGAGGCACAGGG,AAAAAAGAAGAAGAAGAAGAGGT,0,sg9
TGACATCAATTATTATACATCGG,ATACAACAATTATTATACATTTA,0,sg10
GACACCGAAGCAGAGTTTTTAGG,AACACCATAGCAGAGTTTATATG,0,sg11
CCAGTGAGTAGAGCGGAGGCAGG,GTAGTGAGTAGAGGATAAGCAGG,0,sg2
CCTGCCTCCGCTCTACTCACTGG,CTCTCCTCCCCACTACTCACTGG,0,sg7
AAATGAGAAGAAGAGGCACAGGG,AGAGGGGAAGAAGAGGCAAAGAC,0,sg9
GGGTGGGGGGAGTTTGCTCCTGG,GGGTGGGGGCAGACAGCACCCGG,0,sg8
GGGTGGGGGGAGTTTGCTCCTGG,GGGTGGGGGGATTGCGCTCAGGC,0,sg8
GAATCCTAAAAACTCTGCTTCGG,AGAACCTAGAAACTCTGCTTCTG,0,sg12
CCAGTGAGTAGAGCGGAGGCAGG,CCAGTGAGTCGAGTGCACGAATG,0,sg2
AAATGAGAAGAAGAGGCACAGGG,AGAATTGTAGAAGAGGCAGAGGG,0,sg9
CTTGCCCCACAGGGCAGTAACGG,TTGCTCCCACAGGGCAGTAAACG,0,sg3
TGACATCAATTATTATACATCGG,TGACATCAATTTTTCTAAATTCA,0,sg10
AAATGAGAAGAAGAGGCACAGGG,AAAAGGGAAGAAGAGCCTCAGAT,0,sg9
AATGACCACTACATCCTCAAGGG,GCTGACCACTACACACTCATGTG,0,sg5
GGGTGGGGGGAGTTTGCTCCTGG,GAGATGGGGGAGTTTGGTCTGGG,0,sg8
AAATGAGAAGAAGAGGCACAGGG,GAGTGAGAAGAAGATGGACACAG,0,sg9
CCTGCCTCCGCTCTACTCACTGG,CCAGCCTCCGCTCTGCTGTCCTG,0,sg7
AAATGAGAAGAAGAGGCACAGGG,AATAGAAAAGAAGAGGCAAAAGA,0,sg9
GAATCCTAAAAACTCTGCTTCGG,GAAACTGCAAAACTCTGCTTCCA,0,sg12
AACACCAGTGAGTAGAGCGGAGG,AACACCAGTTTGAACAGAGCAGG,0,sg1
AACACCAGTGAGTAGAGCGGAGG,AAGAGCAGTGAGTAGAGATGATG,0,sg1
CTTGCCCCACAGGGCAGTAACGG,CTTGCCCCACTGGGCAGTCGACT,0,sg3
AACACCAGTGAGTAGAGCGGAGG,AACACCAGTATGTAGAGATGATA,0,sg1
AAATGAGAAGAAGAGGCACAGGG,AGAGGGGAAGAAGAGGCAGTTGG,0,sg9
GACACCGAAGCAGAGTTTTTAGG,GTATCCGAAGCAGAGTTTTCTGT,0,sg11
AAATGAGAAGAAGAGGCACAGGG,GTGTGAAAAGAAGAGGCACATGT,0,sg9
AATGACCACTACATCCTCAAGGG,AATGACCACTCTAAGAACAAGGG,0,sg5
AAATGAGAAGAAGAGGCACAGGG,GAATGGGAAGAAGAGGGGCAGGG,0,sg9
CTTGCCCCACAGGGCAGTAACGG,AATATCCCATAGGGCAGTAACTG,0,sg3
TGACATCAATTATTATACATCGG,TGGCATCAATTAGCATAACTCAG,0,sg10
AAATGAGAAGAAGAGGCACAGGG,AACAGACAGGAAGAGGCAGATGG,0,sg9
GGGTGGGGGGAGTTTGCTCCTGG,GGGTGGGGGGAACAGGCTTGTGG,0,sg8
TGACATCAATTATTATACATCGG,GATCATCAATTATTAGTCATTGG,0,sg10
AAATGAGAAGAAGAGGCACAGGG,AAATGAGAAGGATAGGCAGGGAC,0,sg9
GAATCCTAAAAACTCTGCTTCGG,AACCCCTAAAAACTCTGATTCAG,0,sg12
GAATCCTAAAAACTCTGCTTCGG,GATCCCCGCAAACTCTGCTTCAG,0,sg12
AAATGAGAAGAAGAGGCACAGGG,AAATGAGAAGGCAAAGCATAGGC,0,sg9
AATGACCACTACATCCTCAAGGG,AATGACCACTCCCTCCTCTAAAG,0,sg5
TGACATCAATTATTATACATCGG,TGACATCAATTGTTATATCAAGC,0,sg10
AAATGAGAAGAAGAGGCACAGGG,AAATGAGAAAAAGAATGTTAGGG,0,sg9
TGACATCAATTATTATACATCGG,TAACTTCAAAAATTATACATCAA,0,sg10
GGGTGGGGGGAGTTTGCTCCTGG,TGGGTGGGGGAGTTTGTGCCTGT,0,sg8
AAATGAGAAGAAGAGGCACAGGG,AAATGAGAACAACAGGCCCACTC,0,sg9
ATGAACACCAGTGAGTAGAGCGG,AAGAAAACCAGTGAGCAGTAAGG,0,sg6
ATGAACACCAGTGAGTAGAGCGG,ATGAACACCAACAAGTATAGATG,0,sg6
GGGTGGGGGGAGTTTGCTCCTGG,GGGTGGGGGGAATATGGTCAGGG,0,sg8
AACACCAGTGAGTAGAGCGGAGG,ACCCCAAGTGAGTAGAACTCAGG,0,sg1
ATGAACACCAGTGAGTAGAGCGG,ATTGACAGCTCTGAGTAGAGCTG,0,sg6
CTTGCCCCACAGGGCAGTAACGG,CTAGACCCACAGGGCACTGTGGG,0,sg3
AAATGAGAAGAAGAGGCACAGGG,AAATGAGAATCAAAGGCACAATG,0,sg9
CCTGCCTCCGCTCTACTCACTGG,TCAGTCACCCCTCTACTCACTGA,0,sg7
AACACCAGTGAGTAGAGCGGAGG,GCCACCAGTGAGTTGAGTGGGTG,0,sg1
AAATGAGAAGAAGAGGCACAGGG,GAAGAGGAAGAAGAGGGAGAGGG,0,sg9
AACACCAGTGAGTAGAGCGGAGG,AACACCAGTGTGGAGCCAGGAGA,0,sg1
GACACCGAAGCAGAGTTTTTAGG,GCCTGGGAAGCAGAGTTTTTAAG,0,sg11
AAATGAGAAGAAGAGGCACAGGG,AACAAAGAAGAAGAGAACCAGGG,0,sg9
AAATGAGAAGAAGAGGCACAGGG,AGATCAGAAGAAGAGGCACATGG,0,sg9
CTTGCCCCACAGGGCAGTAACGG,CTGGAGCCACAGGGCTGTGACTG,0,sg3
GGGTGGGGGGAGTTTGCTCCTGG,GGGTGGGGGGTAATTGCTAGTGG,0,sg8
AAATGAGAAGAAGAGGCACAGGG,AAATGAGAAGAAAAGGGCCAATT,0,sg9
AAATGAGAAGAAGAGGCACAGGG,GAATGAGAAGAAAAGTCACAGTC,0,sg9
CCTGCCTCCGCTCTACTCACTGG,CCTGCCTCCCCTCATCCCACAGC,0,sg7
AAATGAGAAGAAGAGGCACAGGG,AATAGAAAAGAAGAGGCAAAGAC,0,sg9
GGGTGGGGGGAGTTTGCTCCTGG,TTATGTGGGGAGTTTCCTCCAGG,0,sg8
AAATGAGAAGAAGAGGCACAGGG,AAATGAGAAAAAGATGAATAAGA,0,sg9
AAATGAGAAGAAGAGGCACAGGG,AAATGAGAAGTGGAGGCAGGGAG,0,sg9
AAATGAGAAGAAGAGGCACAGGG,AAATGAGAATAAAACTCACAATG,0,sg9
GGGTGGGGGGAGTTTGCTCCTGG,TGATGAAAGGAGTTTGCTCCTGT,0,sg8
TGACATCAATTATTATACATCGG,TGTTATCTATTATTATACTTTGT,0,sg10
GGGTGGGGGGAGTTTGCTCCTGG,GAAAGGGGGCACTTTGCTCCTGA,0,sg8
GGGTGGGGGGAGTTTGCTCCTGG,GGGGGTGAGCTGTTTGCCCCTGG,0,sg8
AAATGAGAAGAAGAGGCACAGGG,AAAGGAAAGGAAGAGGCAAGGGT,0,sg9
ATGAACACCAGTGAGTAGAGCGG,TTGAAAACCAGTGAGTGGAGTTA,0,sg6
GAATCCTAAAAACTCTGCTTCGG,GGATTTTACAAACTCTGCTTTAG,0,sg12
GGGTGGGGGGAGTTTGCTCCTGG,GTGTGTCAGGAGTTTGCTCCTTC,0,sg8
GGGTGGGGGGAGTTTGCTCCTGG,GGGGGGAGGGTGATTTCTCATGG,0,sg8
AAATGAGAAGAAGAGGCACAGGG,AAAACACAAAGAGAGGCACAGTG,0,sg9
TGACATCAATTATTATACATCGG,AGAAATCAATTATTAGAAATAGG,0,sg10
AATGACCACTACATCCTCAAGGG,AATGTCAGTTGTATCCTCAAGGG,0,sg5
AACACCAGTGAGTAGAGCGGAGG,AAGCCCAGATGGTAGAGCGGAGA,0,sg1
AAATGAGAAGAAGAGGCACAGGG,AAAGTAGAAACTGAGGCACAGAG,0,sg9
AAATGAGAAGAAGAGGCACAGGG,GAATGAGAAGAAAAGTCACAGAC,0,sg9
CCTGCCTCCGCTCTACTCACTGG,CCTGCCTCCCGTTTACTCCAAGG,0,sg7
AAATGAGAAGAAGAGGCACAGGG,GGGAGAGAAGAAGAGGCAGAGCG,0,sg9
GGGTGGGGGGAGTTTGCTCCTGG,GGGTGGGGAGAGTTTGCTGTGTC,0,sg8
AAATGAGAAGAAGAGGCACAGGG,AAAAGAGTAGAAGAGGCAAACAG,0,sg9
GAATCCTAAAAACTCTGCTTCGG,GCCTCCTAAAAACTGTGCTCCTA,0,sg12
GGGTGGGGGGAGTTTGCTCCTGG,GGGTGGGGGCAGCTTCCTGCTGT,0,sg8
AAATGAGAAGAAGAGGCACAGGG,GGAGGAGGTGAAGAGGCACAAGG,0,sg9
AAATGAGAAGAAGAGGCACAGGG,GAATGAGAAGAAGAAGGAAAAGG,0,sg9
GAATCCTAAAAACTCTGCTTCGG,GCAGCCAAGAGACTCTGCTTCTG,0,sg12
AATGACCACTACATCCTCAAGGG,ATTTATGACTACATCCTCAAAAG,0,sg5
AACACCAGTGAGTAGAGCGGAGG,AACACCAGTGAGATAAGCAGGGA,0,sg1
CTTGCCCCACAGGGCAGTAACGG,CCTGCCCCACAGGGCTATGTGGG,0,sg3
GACACCGAAGCAGAGTTTTTAGG,CAAACAGAGGGAGAGTTTTTAAG,0,sg11
CCTGCCTCCGCTCTACTCACTGG,CCTGCCTCCTCTCTAAACATATG,0,sg7
GAATCCTAAAAACTCTGCTTCGG,GAATCCTAAAAAGTCGAGTGCGT,0,sg12
ATGAACACCAGTGAGTAGAGCGG,ATGTACAGAGCTGAGTAGAGCGA,0,sg6
TGACATCAATTATTATACATCGG,TCATCTCAATTATTATACATGTG,0,sg10
TGACATCAATTATTATACATCGG,TTCTCTCAATTATTATACATTAG,0,sg10
GGGTGGGGGGAGTTTGCTCCTGG,GGGTGGGGGTAGTTTGTTCAGTA,0,sg8
CCAGTGAGTAGAGCGGAGGCAGG,CCAGGGTGGAAGGCGGAGGCAGG,0,sg2
TGACATCAATTATTATACATCGG,TAAAATAAAATATTATACATCTC,0,sg10
GGGTGGGGGGAGTTTGCTCCTGG,GGGTGGGGGGAGATTGAGTGAGG,0,sg8
CCTGCCTCCGCTCTACTCACTGG,CCCGCCTCCGCTCACCTGACCAG,0,sg7
GGGTGGGGGGAGTTTGCTCCTGG,GGATGGGGGGAGGGGGCACCTGA,0,sg8
AAATGAGAAGAAGAGGCACAGGG,AAAGGAGAAGAAGAGAGAAAAGG,0,sg9
AAATGAGAAGAAGAGGCACAGGG,AAATGAGAAGAAGCCGGGCGCGG,0,sg9
AACACCAGTGAGTAGAGCGGAGG,GGCATCAGTGAGTAGAAAGGTGG,0,sg1
AAATGAGAAGAAGAGGCACAGGG,AAAAAAGAAGAAGAGGGAAAGAT,0,sg9
GGGTGGGGGGAGTTTGCTCCTGG,GGGCCTGCAGAGTTTGCTCCTGA,0,sg8
GACACCGAAGCAGAGTTTTTAGG,TAAACCGAAGCAGACTTCTATGG,0,sg11
GGTCCTGCCGCTGCTTGTCATGG,TGTCCTTCAGCTGCTTGTCATGT,0,sg4
AACACCAGTGAGTAGAGCGGAGG,ATCACCAGTGAGTTCTGCAGAGC,0,sg1
CCAGTGAGTAGAGCGGAGGCAGG,GCAGTGAGTAGAAAGAAGGAAAG,0,sg2
AAATGAGAAGAAGAGGCACAGGG,AAATGAGAAGAAGATGGCCATCT,0,sg9
AACACCAGTGAGTAGAGCGGAGG,AAGGTGAGTGAGTAGCACGGAGG,0,sg1
GGGTGGGGGGAGTTTGCTCCTGG,GGCTGCTGGCTGTTTGCTCCTGG,0,sg8
GGTCCTGCCGCTGCTTGTCATGG,GGTCCTGCCTCTGGTTATGGTGA,0,sg4
AAATGAGAAGAAGAGGCACAGGG,AAATGAGAAGAATGGGGGGAGGA,0,sg9
CCTGCCTCCGCTCTACTCACTGG,CCTGCCTCCAAGCTTCTCTCTTG,0,sg7
GGGTGGGGGGAGTTTGCTCCTGG,GGAAGTGGGGAGTTTGATGCTGA,0,sg8
GAATCCTAAAAACTCTGCTTCGG,CACTCTTAAAAACTCTGCCTCTT,0,sg12
TGACATCAATTATTATACATCGG,TTATTTCAATTATTATACACCAA,0,sg10
CCAGTGAGTAGAGCGGAGGCAGG,CCCGAGAGCAGCGCGGAGGCAGG,0,sg2
ATGAACACCAGTGAGTAGAGCGG,ATAAAAACCAGTGAGCAAAGGGC,0,sg6
CCAGTGAGTAGAGCGGAGGCAGG,CTTGTGAGTAGAGCAGAGGCCAG,0,sg2
AACACCAGTGAGTAGAGCGGAGG,AACACCAGTGAGAAGTGAGAAGA,0,sg1
GAATCCTAAAAACTCTGCTTCGG,TAAACCCCAAAACTCTGCTCCTG,0,sg12
AAATGAGAAGAAGAGGCACAGGG,TAAGAAGAAGAAGAGGAAGAGTG,0,sg9
CCTGCCTCCGCTCTACTCACTGG,CCTGCCTCCCCGCTAGCCCGTGG,0,sg7
GAATCCTAAAAACTCTGCTTCGG,TATTTCTAAAAACTCAACTTAGG,0,sg12
AACACCAGTGAGTAGAGCGGAGG,AACACCAGTGAGTTTCACAAAGG,0,sg1
AAATGAGAAGAAGAGGCACAGGG,ACACGATGTGAAGAGGCACAGGG,0,sg9
AAATGAGAAGAAGAGGCACAGGG,AAATGAGAAGAAGCGTGAAATGG,0,sg9
GGGTGGGGGGAGTTTGCTCCTGG,GAGTGGTGTGGGTTTGCTCCTAG,0,sg8
GAATCCTAAAAACTCTGCTTCGG,GAACTCTAAGGACTCTGCTTCTG,0,sg12
AAATGAGAAGAAGAGGCACAGGG,AGGTGAAAAGAAGAGGCACCAGC,0,sg9
AAATGAGAAGAAGAGGCACAGGG,GGAGAAGAAGAAGAGGGAAAGGG,0,sg9
AAATGAGAAGAAGAGGCACAGGG,AAATGAGAAGAGCTTGCAAAAGG,0,sg9
AAATGAGAAGAAGAGGCACAGGG,GCCTGGGAAGAAGAGGCACCAGG,0,sg9
AAATGAGAAGAAGAGGCACAGGG,AAATGAGAAGCAGAGGAAGGGGC,0,sg9
AAATGAGAAGAAGAGGCACAGGG,TCTGGAGATGAAGAGGCACAGCG,0,sg9
GGGTGGGGGGAGTTTGCTCCTGG,AGGTGGGTGGGGGTAGCTGCTGG,0,sg8
TGACATCAATTATTATACATCGG,TGACATCAATTACTTGACATTTC,0,sg10
AATGACCACTACATCCTCAAGGG,TACAACCACTACATCTACAAGGG,0,sg5
GACACCGAAGCAGAGTTTTTAGG,GACATTGCATAAGAGTTTTTACG,0,sg11
CCAGTGAGTAGAGCGGAGGCAGG,GCTGGGTGGAGGGCGGAGGCAGG,0,sg2
GAATCCTAAAAACTCTGCTTCGG,AAATCCTAAAAATACAGATTTGG,0,sg12
GAATCCTAAAAACTCTGCTTCGG,AAATCATAAAAACTCTTGTTTGT,0,sg12
AAATGAGAAGAAGAGGCACAGGG,AAATGAGAAGAGTAGGCATCAGA,0,sg9
GGGTGGGGGGAGTTTGCTCCTGG,GCGTGTCCGGAGTTTGCTACTGC,0,sg8
AATGACCACTACATCCTCAAGGG,AGGGATCAGCACATCCTCAAGGA,0,sg5
CCTGCCTCCGCTCTACTCACTGG,CCTGCCCCAGCGCTTCACACTTG,0,sg7
AAATGAGAAGAAGAGGCACAGGG,AAATGAGAAGTAGAAAGAGAGAG,0,sg9
AAATGAGAAGAAGAGGCACAGGG,AAATGAGAACATGTGGTATATGG,0,sg9
AAATGAGAAGAAGAGGCACAGGG,AAATGAGAATAAGAGGAAAACTT,0,sg9
AAATGAGAAGAAGAGGCACAGGG,GAGTGAGAAGAAAAAGGAGAGGG,0,sg9
AAATGAGAAGAAGAGGCACAGGG,AGATGATGAAAAGAGGCACAGAT,0,sg9
GAATCCTAAAAACTCTGCTTCGG,GGGGCCAAGAAACTCTGCTTCCG,0,sg12
AAATGAGAAGAAGAGGCACAGGG,AGTTGAGGTGCAGAGGCACAGAG,0,sg9
CTTGCCCCACAGGGCAGTAACGG,CTTTCCTTTCAGGGCAGTCACTG,0,sg3
AAATGAGAAGAAGAGGCACAGGG,AAATGAGAAAAAAAGGGAAAATG,0,sg9
ATGAACACCAGTGAGTAGAGCGG,AGAATCACCAAAGAGTAGAGCCG,0,sg6
GAATCCTAAAAACTCTGCTTCGG,AAAGACTAAAAACTCTGGTTCCA,0,sg12
CTTGCCCCACAGGGCAGTAACGG,CTGGCCCCACAGGGCACTGGGGA,0,sg3
TGACATCAATTATTATACATCGG,TACCAGCATTTTTTATACATCTG,0,sg10
GGTCCTGCCGCTGCTTGTCATGG,GGTCCTGCCGCCTGATGTAGTGG,0,sg4
GGGTGGGGGGAGTTTGCTCCTGG,GGGTGGGGGCAGAGTTCTCATGA,0,sg8
GAATCCTAAAAACTCTGCTTCGG,TTATCCTAAAAAATGTGCTTCAG,0,sg12
GAATCCTAAAAACTCTGCTTCGG,AAATCCTAAAAAATGTGCTCTGA,0,sg12
AAATGAGAAGAAGAGGCACAGGG,AATTAATGAGAAGAGGCAAAGAG,0,sg9
AATGACCACTACATCCTCAAGGG,AAGAATCACTACATCCTTAAAGA,0,sg5
AAATGAGAAGAAGAGGCACAGGG,AAATGAGAAGATGAGGAAAAATA,0,sg9
AAATGAGAAGAAGAGGCACAGGG,AAAGCAGGAGAAGAGGCACAGAG,0,sg9
GACACCGAAGCAGAGTTTTTAGG,CACACTGAAGCAGAGTTCATGTG,0,sg11
CCAGTGAGTAGAGCGGAGGCAGG,CCAGGCCATGGGGCGGAGGCAGG,0,sg2
GGGTGGGGGGAGTTTGCTCCTGG,GGGTGGGTGGGGGATGCCCCTGC,0,sg8
AAATGAGAAGAAGAGGCACAGGG,GAATGAGAAGAAGAGAGAATGGA,0,sg9
GGGTGGGGGGAGTTTGCTCCTGG,GGGTGGGGGGCCTTCTCTTCTGG,0,sg8
GGTCCTGCCGCTGCTTGTCATGG,GGTGCTGCCGCTGCTTGGCTGCC,0,sg4
GAATCCTAAAAACTCTGCTTCGG,GAATCCTAAAACCCCTACCCAGG,0,sg12
GGGTGGGGGGAGTTTGCTCCTGG,GAGAGAGGGGAGTTTCTTCCTGA,0,sg8
AAATGAGAAGAAGAGGCACAGGG,GCCTGAGAAGAAGAGACTCAGAG,0,sg9
AAATGAGAAGAAGAGGCACAGGG,AAAGGAGAAGAAGAGGAACTTTA,0,sg9
TGACATCAATTATTATACATCGG,TGACATCAATTGTTAGAAATGCA,0,sg10
GACACCGAAGCAGAGTTTTTAGG,GACTCAGAAGCAGAGGTCTTAAA,0,sg11
GGGTGGGGGGAGTTTGCTCCTGG,CAGTGGGGGGAGCTTTCTCCTGG,0,sg8
CTTGCCCCACAGGGCAGTAACGG,CTTCCCTCCTGGGGCAGTAACAG,0,sg3
AAATGAGAAGAAGAGGCACAGGG,ACATGAGAAGAACAATCTCAGGC,0,sg9
AAATGAGAAGAAGAGGCACAGGG,AATGAAGAAGCTGAGGCACAGAG,0,sg9
ATGAACACCAGTGAGTAGAGCGG,ATTCAAGCCAGTGAGTAGACTGG,0,sg6
AAATGAGAAGAAGAGGCACAGGG,CCATGAGAAGAAATAGCAGAGGG,0,sg9
GGGTGGGGGGAGTTTGCTCCTGG,GGTTGGGTGGGGGGTGCTCCTGG,0,sg8
AACACCAGTGAGTAGAGCGGAGG,AACACCAGTCAGTTGAGCAGTAA,0,sg1
CCTGCCTCCGCTCTACTCACTGG,CTCCCTTCAGCTCTACTCATTGG,0,sg7
AAATGAGAAGAAGAGGCACAGGG,GAAAGAGAAGAAGAGGCAGTGTG,0,sg9
TGACATCAATTATTATACATCGG,TGATATCCCATTTTATACATCTG,0,sg10
GGGTGGGGGGAGTTTGCTCCTGG,GGGTGGGGGCTGTTTTCTCTTTG,0,sg8
CCAGTGAGTAGAGCGGAGGCAGG,TGAGAGAGTAGTGCGGAGGCAGA,0,sg2
AAATGAGAAGAAGAGGCACAGGG,CAACTATAAGAGGAGGCACAGGC,0,sg9
AAATGAGAAGAAGAGGCACAGGG,AAATGATAAGAAGAGGCAGCTAT,0,sg9
GAATCCTAAAAACTCTGCTTCGG,TCCTCATAAAAACTCTGCTTAGT,0,sg12
AAATGAGAAGAAGAGGCACAGGG,AAATGGGAAACTGAGGCACAGAA,0,sg9
AAATGAGAAGAAGAGGCACAGGG,CAATGAGAAGAAGAAGAGGAGGA,0,sg9
AAATGAGAAGAAGAGGCACAGGG,ACAGGAGAAGATGAGGCACAGCT,0,sg9
AAATGAGAAGAAGAGGCACAGGG,AAATGAGAAAAAGAAGAACAAAT,0,sg9
TGACATCAATTATTATACATCGG,AGACAGCAATTATTATTCTTCAT,0,sg10
TGACATCAATTATTATACATCGG,GGAAATCATTTATTATACGTCTG,0,sg10
TGACATCAATTATTATACATCGG,GGCCTACATTTATTATACATTGG,0,sg10
GAATCCTAAAAACTCTGCTTCGG,GAATCCTAAAAAGACTGATAAAG,0,sg12
TGACATCAATTATTATACATCGG,TGAAATCAATTATTATGCAATCA,0,sg10
CCTGCCTCCGCTCTACTCACTGG,CCATCCTCACGTCTACTCACTGA,0,sg7
AAATGAGAAGAAGAGGCACAGGG,CAGGGAGGAGAGGAGGCACAGGA,0,sg9
TGACATCAATTATTATACATCGG,TGACTTCAATTATTAAACAGGCA,0,sg10
AACACCAGTGAGTAGAGCGGAGG,AACCATAGTGAGTAGGGAAGAGG,0,sg1
AAATGAGAAGAAGAGGCACAGGG,AAAAGAAAAGAAGAGGCACCAGA,0,sg9
CCTGCCTCCGCTCTACTCACTGG,CCTGCCTCCGCTCCAGCCCCTTC,0,sg7
TGACATCAATTATTATACATCGG,AAATATCAATTATTATCAATCGT,0,sg10
AACACCAGTGAGTAGAGCGGAGG,AACACCAGTGGGAAGAAAGAAGA,0,sg1
AAATGAGAAGAAGAGGCACAGGG,AAATGACCAGAAGAGGCAAAGCC,0,sg9
CCAGTGAGTAGAGCGGAGGCAGG,ATAGTGAGTAGAGGGCAGGCATG,0,sg2
TGACATCAATTATTATACATCGG,TTACCTCAATTATTATCAGTCTG,0,sg10
ATGAACACCAGTGAGTAGAGCGG,AGCAACACCAGTGGGTGAAGCTG,0,sg6
AACACCAGTGAGTAGAGCGGAGG,AACACCAGTTAATAGATGAAAGG,0,sg1
CTTGCCCCACAGGGCAGTAACGG,CTTTCCAGACAGGGCAGTGGCTG,0,sg3
AAATGAGAAGAAGAGGCACAGGG,AAAGGTGAAGAAGAGACAGAGTC,0,sg9
CTTGCCCCACAGGGCAGTAACGG,CTTGCCCCACAGGCTACCAGCGC,0,sg3
GACACCGAAGCAGAGTTTTTAGG,GATTCCTAAGCAGAGTTTTTATA,0,sg11
AAATGAGAAGAAGAGGCACAGGG,CATTGATGAGAGGAGGCACAGTG,0,sg9
AAATGAGAAGAAGAGGCACAGGG,GAAAGAGAAGAAGAGAGAGAAGG,0,sg9
GGTCCTGCCGCTGCTTGTCATGG,GTTACTGATGCTGCTTGTTGTGG,0,sg4
GAATCCTAAAAACTCTGCTTCGG,GAATCCTAATATCTCTTCTTAGT,0,sg12
GACACCGAAGCAGAGTTTTTAGG,GACTCTGAAGCAGAGTTTTTAAG,0,sg11
CTTGCCCCACAGGGCAGTAACGG,CTTTCCCCACAGGGCATGATTGT,0,sg3
CCTGCCTCCGCTCTACTCACTGG,CCTGCCTCCCGTCTCCTTCCCGG,0,sg7
GAATCCTAAAAACTCTGCTTCGG,AGAGGTTAAAAACTCTGCTTGGG,0,sg12
AATGACCACTACATCCTCAAGGG,GTGGACTTCTAAATCCTCAAGGG,0,sg5
GGGTGGGGGGAGTTTGCTCCTGG,TTGTGTGGGGAGTTTCATCCTAG,0,sg8
AAATGAGAAGAAGAGGCACAGGG,AAAAGTGAAGAAGAGTCCTAGTG,0,sg9
GGGTGGGGGGAGTTTGCTCCTGG,GGGTGGGGGTAATTGAATCATGG,0,sg8
TGACATCAATTATTATACATCGG,CTGCATCAATTATTATAATTCAG,0,sg10
AAATGAGAAGAAGAGGCACAGGG,AAATGAGAAGAAGGGTCCTAGAC,0,sg9
AAATGAGAAGAAGAGGCACAGGG,AAATGAGGAACAGAGGCACAGAA,0,sg9
CCTGCCTCCGCTCTACTCACTGG,CCTGCCTCCTCTCTCCTCCCCAG,0,sg7
TGACATCAATTATTATACATCGG,AGACATCAATTATTTAACAAATG,0,sg10
GACACCGAAGCAGAGTTTTTAGG,GAAACCAAAGCAGAGTTTCTTGC,0,sg11
AACACCAGTGAGTAGAGCGGAGG,AGAACCACTGAGTAGAGCATAGA,0,sg1
TGACATCAATTATTATACATCGG,ATACATATATTATTATACAAAGG,0,sg10
AAATGAGAAGAAGAGGCACAGGG,AGATGAGAAACTGAGGCACAGTA,0,sg9
GGTCCTGCCGCTGCTTGTCATGG,ACTCCTGCCGCTGCTGGTTGCGG,0,sg4
AAATGAGAAGAAGAGGCACAGGG,GATGGGAAAGCAGAGGCACAGGG,0,sg9
GGTCCTGCCGCTGCTTGTCATGG,GCCCCTTCGGCTGCTTGTCTTGT,0,sg4
AAATGAGAAGAAGAGGCACAGGG,AAATGAGAAGAATATACACAAAA,0,sg9
AAATGAGAAGAAGAGGCACAGGG,AAATTTGAAGAAGAGGGCAAGAG,0,sg9
GACACCGAAGCAGAGTTTTTAGG,GACACCGAAGCAGAAGCGTTGGA,0,sg11
GGGTGGGGGGAGTTTGCTCCTGG,TGGAGGGGGGAGTTTTAACCTTG,0,sg8
AAATGAGAAGAAGAGGCACAGGG,GAGGAAGAAGAAGAGGAAGAGGG,0,sg9
AACACCAGTGAGTAGAGCGGAGG,TACACCGCTGAGTAGAGCTGGTG,0,sg1
GACACCGAAGCAGAGTTTTTAGG,GAAACCGAAGCAGTACTTAAAGG,0,sg11
TGACATCAATTATTATACATCGG,GGATAACAATTATTATACATTTT,0,sg10
AATGACCACTACATCCTCAAGGG,CATGACCACTACCATCCCATGGG,0,sg5
CTTGCCCCACAGGGCAGTAACGG,CTGACTCCACAGGGCAATATGGG,0,sg3
AACACCAGTGAGTAGAGCGGAGG,AATACCAGTGAGCTAAGCATAGG,0,sg1
AAATGAGAAGAAGAGGCACAGGG,CAAAGAGGAAAAGAGGCACAGGT,0,sg9
AAATGAGAAGAAGAGGCACAGGG,ACATGTAAAGAAGAGGCAAATGG,0,sg9
GACACCGAAGCAGAGTTTTTAGG,GATACTGAAGCAGAGATTGTAAG,0,sg11
TGACATCAATTATTATACATCGG,ATATAGCAATTTTTATACATCTG,0,sg10
AAATGAGAAGAAGAGGCACAGGG,AAAAAAGAAGAAGAGGGCCAGGA,0,sg9
ATGAACACCAGTGAGTAGAGCGG,TTACACACCAGTGAGGAGAACGC,0,sg6
AAATGAGAAGAAGAGGCACAGGG,ATCTGAGAAGAACAGCCATGGGG,0,sg9
AAATGAGAAGAAGAGGCACAGGG,AAAAAAGAAGAAGAAGAAGAGGG,0,sg9
ATGAACACCAGTGAGTAGAGCGG,ATGAACACCAGGAGGTAGAGATC,0,sg6
ATGAACACCAGTGAGTAGAGCGG,ATGTCCACCAGTGAGCAGTGCAT,0,sg6
AAATGAGAAGAAGAGGCACAGGG,CACTGAGAAGAGGCAGAACAGGG,0,sg9
AAATGAGAAGAAGAGGCACAGGG,ATATGAGAAGAAAGTGCATAGGT,0,sg9
GGTCCTGCCGCTGCTTGTCATGG,GGTCCTGCCACTACTTCTTATCA,0,sg4
AAATGAGAAGAAGAGGCACAGGG,GAAGAAGAAGAAGAGGAGGAGGG,0,sg9
AAATGAGAAGAAGAGGCACAGGG,AATGAAGAAACTGAGGCACAGGG,0,sg9
AAATGAGAAGAAGAGGCACAGGG,AAATGAGAACAATAAGGACACTG,0,sg9
CTTGCCCCACAGGGCAGTAACGG,CGTGCCCCACAGGGCATCACCAG,0,sg3
CCTGCCTCCGCTCTACTCACTGG,CCTTCTTACACTCTACTCACTAT,0,sg7
AAATGAGAAGAAGAGGCACAGGG,AAATGAGAACAATAGTCCCAGTG,0,sg9
TGACATCAATTATTATACATCGG,TGACAGTCATTATTATACTTGTG,0,sg10
AAATGAGAAGAAGAGGCACAGGG,AAAGAAGAAGAAGAGGAAAAGGG,0,sg9
AAATGAGAAGAAGAGGCACAGGG,AAAGGCGAAGAAGAGGCTTAGCA,0,sg9
AAATGAGAAGAAGAGGCACAGGG,AGAAGAAAAGTTGAGGCAAAGGG,0,sg9
AAATGAGAAGAAGAGGCACAGGG,AATGGGGAAGAAGAGAGACAGAG,0,sg9
AAATGAGAAGAAGAGGCACAGGG,TAATGAGAAGAAGTGGAAGAGGC,0,sg9
AAATGAGAAGAAGAGGCACAGGG,GACTGAGGGGCAGAGGCACAGGT,0,sg9
TGACATCAATTATTATACATCGG,TGACATCAACAATTATACAGATA,0,sg10
AACACCAGTGAGTAGAGCGGAGG,AACACCAGTCAGTTGAGAGGTTG,0,sg1
AAATGAGAAGAAGAGGCACAGGG,TCCTGCGAAGAAGAGACACAGGA,0,sg9
GAATCCTAAAAACTCTGCTTCGG,GACATATAAAAACTCTGCTCCTG,0,sg12
AAATGAGAAGAAGAGGCACAGGG,AAAAAAGAAGAAGAGGAAGAAGG,0,sg9
AAATGAGAAGAAGAGGCACAGGG,GAATGAGAAGAAAAGAGACATTG,0,sg9
GGGTGGGGGGAGTTTGCTCCTGG,GGGTGGGGGGCATTACCTGGTGG,0,sg8
GGGTGGGGGGAGTTTGCTCCTGG,GGGTGGGGGTGTGGAGCTCCTGG,0,sg8
ATGAACACCAGTGAGTAGAGCGG,ATGAAGTCTAGTGAGTAGAGACC,0,sg6
ATGAACACCAGTGAGTAGAGCGG,AGGAAAACCAGTGAGGAGAGTTT,0,sg6
AAATGAGAAGAAGAGGCACAGGG,AAATGAGAACAACATTGACAGGG,0,sg9
ATGAACACCAGTGAGTAGAGCGG,ATGAACACCAGAAAGGTGAGCCC,0,sg6
GGTCCTGCCGCTGCTTGTCATGG,GGTCCTGCCCCTGATTGATTTTG,0,sg4
AAATGAGAAGAAGAGGCACAGGG,AAAGGTTAAAACGAGGCACAGTG,0,sg9
AAATGAGAAGAAGAGGCACAGGG,AAGTCTGTAAGAGAGGCACAGGG,0,sg9
TGACATCAATTATTATACATCGG,TGACATCAATTGTTTTCTAGCTG,0,sg10
ATGAACACCAGTGAGTAGAGCGG,ATTATTAGCAGTGAGTAGATGGG,0,sg6
GGGTGGGGGGAGTTTGCTCCTGG,GGGTGGGGGTTGTGAACTCCTTG,0,sg8
AAATGAGAAGAAGAGGCACAGGG,AAGTGAGAAGAAGAAGGCAGGGG,0,sg9
CTTGCCCCACAGGGCAGTAACGG,CCTGCCTGCCAGGGCAGTGACTG,0,sg3
AAATGAGAAGAAGAGGCACAGGG,AATGAAGAAGTTGAGGCACAGAG,0,sg9
GGTCCTGCCGCTGCTTGTCATGG,GTCCCTGCCGCTGCTTGTCTGCC,0,sg4
AACACCAGTGAGTAGAGCGGAGG,AACACCAGTGACTGCAGAGGAGG,0,sg1
AAATGAGAAGAAGAGGCACAGGG,TGGCTAGAAGGAGAGGCACAGGG,0,sg9
AAATGAGAAGAAGAGGCACAGGG,ATAAGAAGAGAAGAGGCACAGAC,0,sg9
GAATCCTAAAAACTCTGCTTCGG,GAATCCTAACTAATCTGCTTGCT,0,sg12
TGACATCAATTATTATACATCGG,TGACCTCCATTATTATACCAGGG,0,sg10
AAATGAGAAGAAGAGGCACAGGG,AAAGGATGAGAAGAGGCAGAGAA,0,sg9
AAATGAGAAGAAGAGGCACAGGG,AAATGAGAAAAAGAGAAAGAGCT,0,sg9
GAATCCTAAAAACTCTGCTTCGG,GCATCTTCAAATCTCTGCTTCCA,0,sg12
AAATGAGAAGAAGAGGCACAGGG,TGATGAGAAGAAAAGGCTCAGGG,0,sg9
GGTCCTGCCGCTGCTTGTCATGG,CTTCTTCCTGCTGCTTGTCTTGG,0,sg4
AAATGAGAAGAAGAGGCACAGGG,AAAATAGAAGAAGAGGTCCAAGA,0,sg9
AAATGAGAAGAAGAGGCACAGGG,AGAAAAGAAGAAGAGGAAGAGGA,0,sg9
AAATGAGAAGAAGAGGCACAGGG,AAATGAGAAGACTGGTCTCAGTG,0,sg9
GGTCCTGCCGCTGCTTGTCATGG,GGTGCCTACGCTGCTTGTCATTG,0,sg4
GGGTGGGGGGAGTTTGCTCCTGG,GGTTGGGGGGAGGTAGCTTTTGT,0,sg8
GAATCCTAAAAACTCTGCTTCGG,GAATCCTAAACAGGCTGCAACCG,0,sg12
TGACATCAATTATTATACATCGG,TGAGATTTATTATTATACATTTA,0,sg10
CCTGCCTCCGCTCTACTCACTGG,CATCCCTGCTCTCTACTCACTAG,0,sg7
AAATGAGAAGAAGAGGCACAGGG,AAGGGAAAATAAGAGGCACAGTT,0,sg9
AAATGAGAAGAAGAGGCACAGGG,TAATCATAAGAAGAGGCAGTGAG,0,sg9
TGACATCAATTATTATACATCGG,CTACAGCATTTATTATACACCAG,0,sg10
GGTCCTGCCGCTGCTTGTCATGG,GGTCCTGCCGCTGGGAGGGCTGG,0,sg4
AAATGAGAAGAAGAGGCACAGGG,AAATGAGAATAACAGGAAAATGT,0,sg9
GGGTGGGGGGAGTTTGCTCCTGG,GGGTGGGGGGTGGTTTCACCATG,0,sg8
AAATGAGAAGAAGAGGCACAGGG,AGATGTGAAGAAGAGAGAGAGAG,0,sg9
GGGTGGGGGGAGTTTGCTCCTGG,GGGTGGGGGGAGCCTGCTTATTC,0,sg8
AAATGAGAAGAAGAGGCACAGGG,AAATGAGAAGAGGTCGGCCAGGC,0,sg9
AAATGAGAAGAAGAGGCACAGGG,GAAAGACAACCAGAGGCACAGGC,0,sg9
GAATCCTAAAAACTCTGCTTCGG,TATTCCTAAAAACTCTCCAGCTG,0,sg12
TGACATCAATTATTATACATCGG,TGATTTCAATCATTATACATCTA,0,sg10
ATGAACACCAGTGAGTAGAGCGG,GTGAAAACCAGTGAGAACAACTG,0,sg6
ATGAACACCAGTGAGTAGAGCGG,CTGAACACCAGTCAGTTGAGCAG,0,sg6
AAATGAGAAGAAGAGGCACAGGG,AAATGAGAAAACTGAGGACAGGG,0,sg9
CTTGCCCCACAGGGCAGTAACGG,CTTGCCCCAGAGGGCGGAGCAGG,0,sg3
AAATGAGAAGAAGAGGCACAGGG,AAATGAGAACATGAAGGCCCGGG,0,sg9
GGGTGGGGGGAGTTTGCTCCTGG,GGGTGGGGGTAGTTGAATCCTGC,0,sg8
AAATGAGAAGAAGAGGCACAGGG,TATGCAGAAGAAGAGACAGAGGG,0,sg9
TGACATCAATTATTATACATCGG,TTACATCAATTATTTATCAGCTG,0,sg10
CTTGCCCCACAGGGCAGTAACGG,ATGGCTTCACAGGGCAGTAAACG,0,sg3
AAATGAGAAGAAGAGGCACAGGG,ACATGAGAAGAATAAGGAAAGGG,0,sg9
AACACCAGTGAGTAGAGCGGAGG,ACCAGCAGTGAGTAGAGGGAAGA,0,sg1
ATGAACACCAGTGAGTAGAGCGG,ATGTCCACAAGTGAGTAGTGCCT,0,sg6
TGACATCAATTATTATACATCGG,TGACATGATGGTTTATACATCAG,0,sg10
AAATGAGAAGAAGAGGCACAGGG,AAATGAGAAGATGTGCAATTGGG,0,sg9
GAATCCTAAAAACTCTGCTTCGG,AAATCCTAAAAACTCTGCCAGAA,0,sg12
AACACCAGTGAGTAGAGCGGAGG,TTCTCCAGTGAGTAGCACGGAGC,0,sg1
AAATGAGAAGAAGAGGCACAGGG,AAACAGGAAGAAGAGGTCCTGGG,0,sg9
CCTGCCTCCGCTCTACTCACTGG,CCTGCCTCCACCCAAAGTACTGG,0,sg7
GAATCCTAAAAACTCTGCTTCGG,GTGACCTGTAAGCTCTGCTTCGG,0,sg12
GAATCCTAAAAACTCTGCTTCGG,GAAACTTAGAAACTCTGCTCCCC,0,sg12
AAATGAGAAGAAGAGGCACAGGG,AAATGAGAAGAATAGGCTGAACC,0,sg9
GAATCCTAAAAACTCTGCTTCGG,GACTTCAAAAACCTCTGCTTCCA,0,sg12
AAATGAGAAGAAGAGGCACAGGG,AAATTGTGAGAAGAGGCACAGAA,0,sg9
AAATGAGAAGAAGAGGCACAGGG,GAAGAAGAAGAAGAGACACAAGA,0,sg9
CTTGCCCCACAGGGCAGTAACGG,CTTGCCCCACATGGGAGAAACAT,0,sg3
CTTGCCCCACAGGGCAGTAACGG,CTTGTGCCTCAGGGCAGTGACTA,0,sg3
AAATGAGAAGAAGAGGCACAGGG,AAATGAGAACAAGTAGCATTTGG,0,sg9
TGACATCAATTATTATACATCGG,TGTCATCAATTAATATATATTAA,0,sg10
GGGTGGGGGGAGTTTGCTCCTGG,TGGTGGGCTGAGTTTGCTTCTGA,0,sg8
GAATCCTAAAAACTCTGCTTCGG,GATTGGTGAAAACTCTGCTTCTT,0,sg12
ATGAACACCAGTGAGTAGAGCGG,TGGAAGTCAAGTGAGTAGAGCAG,0,sg6
AAATGAGAAGAAGAGGCACAGGG,GACTAAGAAGAAGAGGAAAATGG,0,sg9
TGACATCAATTATTATACATCGG,ATACCTCAATTATTACAAATAGG,0,sg10
AAATGAGAAGAAGAGGCACAGGG,AAATGAGAAAAATAAGGTCTGGG,0,sg9
CCTGCCTCCGCTCTACTCACTGG,CCTGCCTCCCATCACCCCAGTGG,0,sg7
AAATGAGAAGAAGAGGCACAGGG,ATAAGAGAAGAAGAGACAAAGAG,0,sg9
AAATGAGAAGAAGAGGCACAGGG,AGATGAGAAGAATAGGCTCTGAA,0,sg9
CCTGCCTCCGCTCTACTCACTGG,CCTATCTCCGCTCTACCCATCTG,0,sg7
GACACCGAAGCAGAGTTTTTAGG,GACACGGAGGCAGAGTTTCCGTG,0,sg11
CCTGCCTCCGCTCTACTCACTGG,TGGGCCTCAGCTCTACTCTATGG,0,sg7
GACACCGAAGCAGAGTTTTTAGG,GGCACAGATAAAGAGTTTTTAAG,0,sg11
AATGACCACTACATCCTCAAGGG,AATCAACACTACATCCCCAACCT,0,sg5
ATGAACACCAGTGAGTAGAGCGG,AGTAGAGCCAGTGAGTAGAGGGG,0,sg6
CTTGCCCCACAGGGCAGTAACGG,CTTGGACCACAGGGCATCATCAG,0,sg3
AAATGAGAAGAAGAGGCACAGGG,AAATGAGAAAAAGAGCAAAAGTT,0,sg9
GGGTGGGGGGAGTTTGCTCCTGG,GGGTGGGGGGAGCACAGGCCTGG,0,sg8
GACACCGAAGCAGAGTTTTTAGG,GGCACAGAAGCAGAGTTGACAGT,0,sg11
TGACATCAATTATTATACATCGG,TAACATCAATTATCCTTCATTGA,0,sg10
AAATGAGAAGAAGAGGCACAGGG,AATTGAGAAGAAGATGAAAAAGT,0,sg9
AAATGAGAAGAAGAGGCACAGGG,AAAAGGGGAGAAGAGGCAAGTGG,0,sg9
AAATGAGAAGAAGAGGCACAGGG,ACTTTAGAAGAAGAGGGAGATGG,0,sg9
AAATGAGAAGAAGAGGCACAGGG,AAATGAGAAGAAGCCAGCCAGGC,0,sg9
TGACATCAATTATTATACATCGG,TGATAGCTTTTATTATACATATG,0,sg10
GGTCCTGCCGCTGCTTGTCATGG,GACCCTGCCGCTGCAAGCCATGT,0,sg4
AACACCAGTGAGTAGAGCGGAGG,ACCAGCAGTGAGTAGAGACATGG,0,sg1
GGGTGGGGGGAGTTTGCTCCTGG,GGGTGGGGGGGGGTCCCTCATGG,0,sg8
GAATCCTAAAAACTCTGCTTCGG,AAATCCTAAAAACTAAGCTTTTG,0,sg12
AAATGAGAAGAAGAGGCACAGGG,AAATAGCATGAAGAGGCAATGGG,0,sg9
AAATGAGAAGAAGAGGCACAGGG,AAAAAAAAAGAAGAGGCATGGGA,0,sg9
GGGTGGGGGGAGTTTGCTCCTGG,GGGTGGGGGTGGTTTGTTCATTT,0,sg8
CCTGCCTCCGCTCTACTCACTGG,CCTGGCACCACCCTACTCACTTT,0,sg7
AAATGAGAAGAAGAGGCACAGGG,GAAGAAGAAGAGGAAGCGCAGGG,0,sg9
GACACCGAAGCAGAGTTTTTAGG,TATACAGAAGCAGAGTTTATTGG,0,sg11
CCAGTGAGTAGAGCGGAGGCAGG,AAAGTGAGTAGATCTGGGGAAGG,0,sg2
GGGTGGGGGGAGTTTGCTCCTGG,GGGGTGTTGGGTTTTGCTCCTGG,0,sg8
GGGTGGGGGGAGTTTGCTCCTGG,GGGTGGGGGGATATTGCCTGAGG,0,sg8
GAATCCTAAAAACTCTGCTTCGG,GAATCTGAGAAACTCTGCTTTAG,0,sg12
ATGAACACCAGTGAGTAGAGCGG,ATGAACACCAGGAGGCAGATTGG,0,sg6
GGGTGGGGGGAGTTTGCTCCTGG,GGGCTGGGGGAGTTTGGCCTGGG,0,sg8
GACACCGAAGCAGAGTTTTTAGG,GACTAGGAAGCAGAGTGGTTAAG,0,sg11
AAATGAGAAGAAGAGGCACAGGG,AAATGAGAAAATCAGGTATAAGG,0,sg9
AAATGAGAAGAAGAGGCACAGGG,GCATGAGAAGCAGAGGCACAGAA,0,sg9
AACACCAGTGAGTAGAGCGGAGG,ACAACCAGTGAGAAGTGTGGAGC,0,sg1
GAATCCTAAAAACTCTGCTTCGG,GTATTCCTAAAACTCTGCTTTGC,0,sg12
AATGACCACTACATCCTCAAGGG,AATGACCACATCTTACTCAGGGT,0,sg5
TGACATCAATTATTATACATCGG,AGAAATCAATTATTAAGTATCTG,0,sg10
ATGAACACCAGTGAGTAGAGCGG,CTGAGTACCTGGGAGTAGAGCTG,0,sg6
ATGAACACCAGTGAGTAGAGCGG,ATGAACACCAGCTATCAGAGAGG,0,sg6
AAATGAGAAGAAGAGGCACAGGG,TATTGTTAACTAGAGGCACAGGG,0,sg9
GGGTGGGGGGAGTTTGCTCCTGG,GGGTGGGGGGAGGCTGTGCCTGA,0,sg8
CTTGCCCCACAGGGCAGTAACGG,CCTGCCCCACAGGGCTGTTGGGA,0,sg3
AAATGAGAAGAAGAGGCACAGGG,CTATGAGAAGAAGGGGCAGGGTG,0,sg9
CCAGTGAGTAGAGCGGAGGCAGG,AGAGTGAGTAGAGGGGTGGGTGG,0,sg2
GAATCCTAAAAACTCTGCTTCGG,TAATACTAAAAACTCAGCCCCAG,0,sg12
AAATGAGAAGAAGAGGCACAGGG,AACTTACATGAAGAGGCAGAGGT,0,sg9
AAATGAGAAGAAGAGGCACAGGG,AAATGAGAAGCAGATACAAAGCA,0,sg9
CCTGCCTCCGCTCTACTCACTGG,CCTGCCTCCTCTGGACCCCCAGG,0,sg7
GGTCCTGCCGCTGCTTGTCATGG,TGTCCAGCCCCTGCTTGTCATCC,0,sg4
AATGACCACTACATCCTCAAGGG,ACTGCTACCTACATCCTCTAGGG,0,sg5
TGACATCAATTATTATACATCGG,TTACATCAATTATTTTGAATGGT,0,sg10
TGACATCAATTATTATACATCGG,TAACATCAATTATGACCTATTGG,0,sg10
AAATGAGAAGAAGAGGCACAGGG,AAAAAAAAACATGAGGCACAGAG,0,sg9
CTTGCCCCACAGGGCAGTAACGG,AAAGCCCCACAGGGTAGTAGAGG,0,sg3
TGACATCAATTATTATACATCGG,TGAAATGATGTCTTATACATCAG,0,sg10
ATGAACACCAGTGAGTAGAGCGG,ATGAACACCAATGATAAAGGAGG,0,sg6
GGGTGGGGGGAGTTTGCTCCTGG,CGGTCGGGGGAGTTTTCTCTGGC,0,sg8
GAATCCTAAAAACTCTGCTTCGG,AATTCATAAAAACTCTTCCTTGG,0,sg12
AAATGAGAAGAAGAGGCACAGGG,AAAGGAGAAGAAGAGGAGCACTC,0,sg9
ATGAACACCAGTGAGTAGAGCGG,ATTAACACCAGTAAGCACAGCTG,0,sg6
CCAGTGAGTAGAGCGGAGGCAGG,TCAATAAGTAGAGCGTATGCAAG,0,sg2
ATGAACACCAGTGAGTAGAGCGG,AACAGCACCAGTGAGTGGGGCCG,0,sg6
TGACATCAATTATTATACATCGG,TAACATCAATTATTACACATGCT,0,sg10
TGACATCAATTATTATACATCGG,TCACCTAATTTATTATACATGTG,0,sg10
TGACATCAATTATTATACATCGG,TGTCATCAATTATATAAAATCGA,0,sg10
AAATGAGAAGAAGAGGCACAGGG,AAGTGAGAAGAACAGATACTGAG,0,sg9
CCTGCCTCCGCTCTACTCACTGG,CCTGCCTCCAAACTCCCCACTGA,0,sg7
CCAGTGAGTAGAGCGGAGGCAGG,CCAGAGCCCACCGCGGAGGCAGG,0,sg2
AAATGAGAAGAAGAGGCACAGGG,AAATGAGAAAAAAAGCTATAGTG,0,sg9
GGGTGGGGGGAGTTTGCTCCTGG,TGGTGGGGGGAGGTTCCTCGTCC,0,sg8
GAATCCTAAAAACTCTGCTTCGG,GAATCCTAAATACACTAATTCCC,0,sg12
AAATGAGAAGAAGAGGCACAGGG,AAATGAGAAGTACAAGAACAGAG,0,sg9
AAATGAGAAGAAGAGGCACAGGG,AGAGGAGAAGAAGAGGAGGAGGA,0,sg9
GAATCCTAAAAACTCTGCTTCGG,GAGTCCTAAAAACAGCTCTTCGC,0,sg12
AACACCAGTGAGTAGAGCGGAGG,AGCACCAGTGAGGACAGGGCAGG,0,sg1
GAATCCTAAAAACTCTGCTTCGG,GCATTCTAAAAACTCCTTTTCTG,0,sg12
GAATCCTAAAAACTCTGCTTCGG,GTATCCTAACTGCTCTGCTTCAT,0,sg12
AAATGAGAAGAAGAGGCACAGGG,AAAGGAGAGGAAGAAGAAGAGGA,0,sg9
CCAGTGAGTAGAGCGGAGGCAGG,CCAGTGAGTAGAGCTTGTGCAGG,0,sg2
AAATGAGAAGAAGAGGCACAGGG,AGGTGAGAAGAAAAGGGGCAGGA,0,sg9
CTTGCCCCACAGGGCAGTAACGG,CTTGCCCCACATGACCCTATAGG,0,sg3
GGGTGGGGGGAGTTTGCTCCTGG,GGGTGGGGGGAGCCCTCTCTTGC,0,sg8
AACACCAGTGAGTAGAGCGGAGG,ATGTCCAGTGAGTAGAGCTAAGG,0,sg1
GGGTGGGGGGAGTTTGCTCCTGG,CGGTGGGGGGAGGTTCGGGCTGG,0,sg8
TGACATCAATTATTATACATCGG,TGACATCAATAAATATTTAACAG,0,sg10
GACACCGAAGCAGAGTTTTTAGG,GACACAGAAGCAGAGGTCAGAGA,0,sg11
GGGTGGGGGGAGTTTGCTCCTGG,AGCTGGGGGGAGCTTGCCACTGA,0,sg8
AAATGAGAAGAAGAGGCACAGGG,ATTTAAGAAGAAGAGGCAGTTGG,0,sg9
TGACATCAATTATTATACATCGG,TGTGAACAATTATTATACAGTGT,0,sg10
TGACATCAATTATTATACATCGG,TGTGTTCAATTATTATGCATCAC,0,sg10
AAATGAGAAGAAGAGGCACAGGG,AAGTGAGAAGAAGGGAGAAAGGG,0,sg9
AAATGAGAAGAAGAGGCACAGGG,ACAGGGGAAAGTGAGGCACAGGG,0,sg9
AAATGAGAAGAAGAGGCACAGGG,AAATGAGAAGAGGAGAAAGAAGG,0,sg9
AATGACCACTACATCCTCAAGGG,AATGACCACAACATCCTTCAGGC,0,sg5
AAATGAGAAGAAGAGGCACAGGG,GAATGAGAAGAACAGAAAAAGGG,0,sg9
GACACCGAAGCAGAGTTTTTAGG,AGCACAAACACAGAGTTTTTAGG,0,sg11
CTTGCCCCACAGGGCAGTAACGG,TTTTCCTTATAGGGCAGTAACAG,0,sg3
TGACATCAATTATTATACATCGG,AAATATCAATTATTATACTTTAG,0,sg10
GGGTGGGGGGAGTTTGCTCCTGG,GGGAAATGGGATTTTGCTCCTTG,0,sg8
AAATGAGAAGAAGAGGCACAGGG,AAATGGTAAGAAGAGGCAAAGAG,0,sg9
GGGTGGGGGGAGTTTGCTCCTGG,GGGTGGGGGAAATTTGTATCTGT,0,sg8
GGGTGGGGGGAGTTTGCTCCTGG,TGCTGGCAGAATTTTGCTCCTGG,0,sg8
GAATCCTAAAAACTCTGCTTCGG,GAAACCTGTAAACTCTGCCTCCT,0,sg12
AAATGAGAAGAAGAGGCACAGGG,AGGATAGAAGAAGAGACTCAGGG,0,sg9
GGGTGGGGGGAGTTTGCTCCTGG,GGGTGGGGGGACCCTGCCCTTAG,0,sg8
CCTGCCTCCGCTCTACTCACTGG,CCTGCCTCCACACTGCTCTGAGG,0,sg7
TGACATCAATTATTATACATCGG,TTACTTTAGTTATTATACTTCGC,0,sg10
TGACATCAATTATTATACATCGG,TGCCATCAATTATGCTTCCTTGG,0,sg10
GGGTGGGGGGAGTTTGCTCCTGG,GGGTGTGGGGAGTTTCCACCTAG,0,sg8
GAATCCTAAAAACTCTGCTTCGG,TAATAGTAAAAACTCTGCCTTGG,0,sg12
GAATCCTAAAAACTCTGCTTCGG,GAATCCTAAAAAGTCAAATTCCA,0,sg12
CCTGCCTCCGCTCTACTCACTGG,CCTGCCTCCTCCCTCCCCACAGC,0,sg7
AAATGAGAAGAAGAGGCACAGGG,GATGGAGAAGTAGAGGCACAGGT,0,sg9
AAATGAGAAGAAGAGGCACAGGG,AAGAGAGGGGAAGAGGCAAAGGA,0,sg9
TGACATCAATTATTATACATCGG,TGACATCAATAATAATAAAAGAG,0,sg10
AAATGAGAAGAAGAGGCACAGGG,TGATGAGAAGAAGAATGACTGGG,0,sg9
TGACATCAATTATTATACATCGG,TGACATCAATTTTTATCCACACT,0,sg10
CTTGCCCCACAGGGCAGTAACGG,CTTGCCCCACAGTTCTGTAATCA,0,sg3
CCTGCCTCCGCTCTACTCACTGG,CCAGCCTCCGCTCTCCTCATTTA,0,sg7
GACACCGAAGCAGAGTTTTTAGG,GACACTGAAGCAGAGTAGAGATG,0,sg11
TGACATCAATTATTATACATCGG,TGACATCAAGTGTTATAGAGGAG,0,sg10
TGACATCAATTATTATACATCGG,TAACCTCAATTATTAAACATTAC,0,sg10
AAATGAGAAGAAGAGGCACAGGG,AAATGAGAAGCAGGGGCCGGGCG,0,sg9
CCTGCCTCCGCTCTACTCACTGG,ATGGCCTCAGCTCTACTCACCTG,0,sg7
GGGTGGGGGGAGTTTGCTCCTGG,GCGTGTCTGGAGTTTGCTCCTTA,0,sg8
CCTGCCTCCGCTCTACTCACTGG,CTTTCCTTCTTTCTACTCACTGC,0,sg7
ATGAACACCAGTGAGTAGAGCGG,ATCCTCTCCAGTGAGTAGAACAG,0,sg6
AACACCAGTGAGTAGAGCGGAGG,AACACCAGTGCCTAGAGCATAGA,0,sg1
GAATCCTAAAAACTCTGCTTCGG,GACTCATGGAAACTCTGCTTTGT,0,sg12
GAATCCTAAAAACTCTGCTTCGG,AAATCCTAAAAATGCTGCTTCTG,0,sg12
GAATCCTAAAAACTCTGCTTCGG,CAACCCCCAAAACTCTGCATCTG,0,sg12
AAATGAGAAGAAGAGGCACAGGG,AAATGAGAACCAGAGGAGCGGTG,0,sg9
CCAGTGAGTAGAGCGGAGGCAGG,CCAGTGAGTAGGGCTGGGAGAAG,0,sg2
GAATCCTAAAAACTCTGCTTCGG,CCATCATAAAAACTCTTCATGGG,0,sg12
CCAGTGAGTAGAGCGGAGGCAGG,CCAGTGAGTCCAGTGGAGGAGGA,0,sg2
CCAGTGAGTAGAGCGGAGGCAGG,CCAGTGAGTAGTGGAGATTCAGG,0,sg2
AATGACCACTACATCCTCAAGGG,TATCACAGTTAGATCCTCAAGGG,0,sg5
GACACCGAAGCAGAGTTTTTAGG,GACACCGAAGCAGATTTCCTTCA,0,sg11
AATGACCACTACATCCTCAAGGG,AATGACCACTACATTTTTTAGAA,0,sg5
AATGACCACTACATCCTCAAGGG,TGTCATCACTCCATCCTCAAGGT,0,sg5
AAATGAGAAGAAGAGGCACAGGG,AAATGAGAAGGAAAGGAAATGGA,0,sg9
GGGTGGGGGGAGTTTGCTCCTGG,GGTGGGGGTGAGTTGGCTCCTGC,0,sg8
GACACCGAAGCAGAGTTTTTAGG,GGCAGCCTGGCAGAGTTTTTAAG,0,sg11
CTTGCCCCACAGGGCAGTAACGG,CATGCCCCACAGGGGATTAAAAT,0,sg3
TGACATCAATTATTATACATCGG,TGTCATCATCAATTATTCATCAG,0,sg10
AAATGAGAAGAAGAGGCACAGGG,AAATAAAGAGGTGAGGCACAGTG,0,sg9
CTTGCCCCACAGGGCAGTAACGG,CTTGCCCCACTAGGTAGTCCCTG,0,sg3
TGACATCAATTATTATACATCGG,AGAAGACAATTATTATAAATTGG,0,sg10
GAATCCTAAAAACTCTGCTTCGG,AAACCTTAAAAACTCTGCTCCCC,0,sg12
TGACATCAATTATTATACATCGG,TTTCATCAATTATTATATCTTAG,0,sg10
AATGACCACTACATCCTCAAGGG,AATGACCACAAAATGCTTAAGAT,0,sg5
CCTGCCTCCGCTCTACTCACTGG,CCTGCCTCCTCTATCCTCCCTGG,0,sg7
GGGTGGGGGGAGTTTGCTCCTGG,GAGTTGATGGAGTTTGCTGCTGA,0,sg8
AACACCAGTGAGTAGAGCGGAGG,GACACCAGTGAGCAGAGTGGGAA,0,sg1
TGACATCAATTATTATACATCGG,TATCATCAATTATTTTACATCAC,0,sg10
AAATGAGAAGAAGAGGCACAGGG,AAATGAGAAGAGCCAGGTCAGGG,0,sg9
CCTGCCTCCGCTCTACTCACTGG,CCTGCCTCCGCCTTCCAAACTGC,0,sg7
GGTCCTGCCGCTGCTTGTCATGG,AGCCCAGCAGCCGCTTGTCATGA,0,sg4
GACACCGAAGCAGAGTTTTTAGG,CACACAGAAGCAGAGCTGCTGGG,0,sg11
GACACCGAAGCAGAGTTTTTAGG,CAAACCGAAGCAGAGCTGTAGGG,0,sg11
ATGAACACCAGTGAGTAGAGCGG,ACGCGCACCAGTGAGCAGAGCCG,0,sg6
CTTGCCCCACAGGGCAGTAACGG,AATGGCCCACAGGGCAACAGCGG,0,sg3
ATGAACACCAGTGAGTAGAGCGG,ATGAACACCTGTGGGACAAGGGG,0,sg6
AATGACCACTACATCCTCAAGGG,ATTAAACACTACATCTTCAACTG,0,sg5
GGGTGGGGGGAGTTTGCTCCTGG,GGGTGGGGGGAGTGAGGGCCAGG,0,sg8
GGTCCTGCCGCTGCTTGTCATGG,TTTCCTTACCCTGCTTGTCATGA,0,sg4
GACACCGAAGCAGAGTTTTTAGG,CGTACAGAAGCAGAGTTTTTATA,0,sg11
TGACATCAATTATTATACATCGG,TGACATCAATGAGTTCACATCCA,0,sg10
AAATGAGAAGAAGAGGCACAGGG,AATAGAGAAGAAGAGGCTGGGAG,0,sg9
GGGTGGGGGGAGTTTGCTCCTGG,GGGTGGGGGGAATTAGTACCAAG,0,sg8
AAATGAGAAGAAGAGGCACAGGG,AGATGAGAAGAATGGGCACAAAG,0,sg9
AATGACCACTACATCCTCAAGGG,AATGACTGTTATATCCTCAAGGA,0,sg5
ATGAACACCAGTGAGTAGAGCGG,ACCACCACCAGTGAGTAGACCTG,0,sg6
TGACATCAATTATTATACATCGG,TTAAATGAATTATTATACAACCA,0,sg10
CTTGCCCCACAGGGCAGTAACGG,CTGTCCCCACAGGGCAGTGGCTT,0,sg3
AAATGAGAAGAAGAGGCACAGGG,AAATGAGAAGAGAAGAGATAGGA,0,sg9
TGACATCAATTATTATACATCGG,CCTCATCAATTATTATTCACCTG,0,sg10
AAATGAGAAGAAGAGGCACAGGG,AAATGAGAATGAGAGGCAAGGGA,0,sg9
GGTCCTGCCGCTGCTTGTCATGG,GGTCCTGCCACTCCTTAGCATTG,0,sg4
AAATGAGAAGAAGAGGCACAGGG,AAAGGAGAAGAAGAGTCCCAGGG,0,sg9
AAATGAGAAGAAGAGGCACAGGG,AAAAAAGAAGAAGAAGAGCAGAG,0,sg9
GGGTGGGGGGAGTTTGCTCCTGG,GGGTGGGGGCAGCTCGCAGCTGA,0,sg8
GAATCCTAAAAACTCTGCTTCGG,GAATCCTAAATAAACTGTTTCGT,0,sg12
AAATGAGAAGAAGAGGCACAGGG,AAATGAGAAGGAGAAACCCAAGT,0,sg9
GGGTGGGGGGAGTTTGCTCCTGG,GGGTGGGGGTAGTTGGGTAGGGG,0,sg8
GGGTGGGGGGAGTTTGCTCCTGG,GGGGGAGGGGAGTTGGGGCCTTG,0,sg8
AAATGAGAAGAAGAGGCACAGGG,AAGGCAGAGAAAGAGGCACAGAG,0,sg9
AAATGAGAAGAAGAGGCACAGGG,GAAGAAGAAGAAGAGGCACACTA,0,sg9
AATGACCACTACATCCTCAAGGG,AAACAACACTACATCCCCAGGGA,0,sg5
GGGTGGGGGGAGTTTGCTCCTGG,GCCTGCGCAGAGTTTGCTCCTGC,0,sg8
GGGTGGGGGGAGTTTGCTCCTGG,GGGTGGGGGGTCTCTGGGCCTGA,0,sg8
GACACCGAAGCAGAGTTTTTAGG,GACACTAAAGCAGAGTTTTGAAC,0,sg11
GGTCCTGCCGCTGCTTGTCATGG,GGTCCTGCCCCTGCCTGACATAA,0,sg4
GACACCGAAGCAGAGTTTTTAGG,TACATAGAAAGAGAGTTTTTAGC,0,sg11
ATGAACACCAGTGAGTAGAGCGG,GTGAACACCAGTGAGGCCAGGAG,0,sg6
GGGTGGGGGGAGTTTGCTCCTGG,AGGTGGGGGGAGGTTCCTCATCC,0,sg8
GACACCGAAGCAGAGTTTTTAGG,GAAAAGGAGGCAGAGTTTTAAGT,0,sg11
AAATGAGAAGAAGAGGCACAGGG,AAAGAAGAAAAAGAAGAAGAGGG,0,sg9
AAATGAGAAGAAGAGGCACAGGG,ATATGAGAAACTGAGGCACAGAG,0,sg9
ATGAACACCAGTGAGTAGAGCGG,ATGAACACCAGGCATTATTGCAG,0,sg6
AAATGAGAAGAAGAGGCACAGGG,AAATGAGAAACAGAGGCACAGGC,0,sg9
ATGAACACCAGTGAGTAGAGCGG,ATGAACACCAAGGAGAAGCCTGG,0,sg6
GACACCGAAGCAGAGTTTTTAGG,GAGACGTAACCAGAGTTTTTATG,0,sg11
GGGTGGGGGGAGTTTGCTCCTGG,GGGTGGGGGGGGTCTGCACCAGT,0,sg8
AATGACCACTACATCCTCAAGGG,AGTGGCCAGGACATCCTCAAGGT,0,sg5
CCTGCCTCCGCTCTACTCACTGG,CTTGTCTCCGCTCTACTGAGCAG,0,sg7
GGGTGGGGGGAGTTTGCTCCTGG,GAGTGTGGGGAGTTTGGGCCTCA,0,sg8
AAATGAGAAGAAGAGGCACAGGG,ACGGGAGAGAAAGAGGCACAGGT,0,sg9
AAATGAGAAGAAGAGGCACAGGG,ACATGAGAAGAAGAAGCAAACAA,0,sg9
TGACATCAATTATTATACATCGG,TGCCATCAATTATTTTGCTTCCT,0,sg10
GGGTGGGGGGAGTTTGCTCCTGG,GGGTGGGGGGCATTAGATCCTCA,0,sg8
CCTGCCTCCGCTCTACTCACTGG,CCATCCACCACGCTACTCACTCG,0,sg7
TGACATCAATTATTATACATCGG,TCAAATTATTTATTATACAACCG,0,sg10
TGACATCAATTATTATACATCGG,TGACATCAATGGTAAGACATGGC,0,sg10
CTTGCCCCACAGGGCAGTAACGG,GATGCCCCACAGAGGAGTAAAGC,0,sg3
AATGACCACTACATCCTCAAGGG,TATTACCTGTATATCCTCAAGGG,0,sg5
GGGTGGGGGGAGTTTGCTCCTGG,GGGTGAGGGGAGTTTGCAGGAGG,0,sg8
AAATGAGAAGAAGAGGCACAGGG,ATTTGAGAAGAAGAATGAGAGGG,0,sg9
CCTGCCTCCGCTCTACTCACTGG,CAGTCCTCCGCTCTACCAACTGA,0,sg7
GGGTGGGGGGAGTTTGCTCCTGG,AACTGGCGGGATTTTGCTCCTGC,0,sg8
AACACCAGTGAGTAGAGCGGAGG,AACACCAGTGAATAAAGATGGGT,0,sg1
CTTGCCCCACAGGGCAGTAACGG,CTTGCCCCAAAGCGCAGGTAAGC,0,sg3
GAATCCTAAAAACTCTGCTTCGG,GAATCCTAAACACTATACTACTT,0,sg12
GGGTGGGGGGAGTTTGCTCCTGG,GGGTGGGGGGCATTCGCTAATTG,0,sg8
AAATGAGAAGAAGAGGCACAGGG,AAATGAGAATATGAGCCACAGTA,0,sg9
AAATGAGAAGAAGAGGCACAGGG,AAATGAGAAGGAAAGGCATTGTT,0,sg9
CTTGCCCCACAGGGCAGTAACGG,GGGGCCCTGCAGGGCAGTCACGG,0,sg3
AAATGAGAAGAAGAGGCACAGGG,GAAAGGGAAGAAGAGGGAGAGAG,0,sg9
GGGTGGGGGGAGTTTGCTCCTGG,GGGTGGGGGAAGTGTGCGCTTAT,0,sg8
GAATCCTAAAAACTCTGCTTCGG,GGAGCCTAAAAACTCTTCCTTGT,0,sg12
GACACCGAAGCAGAGTTTTTAGG,GAATCTGAGGCAGAGTTTTAAGT,0,sg11
AAATGAGAAGAAGAGGCACAGGG,AAACGAGAAGAAGAGGCATAGGG,1,sg9
CCTGCCTCCGCTCTACTCACTGG,CCTGCCTCCTCACCTCTCTCTAG,0,sg7
TGACATCAATTATTATACATCGG,TGAAAACATTTATTATACATTTC,0,sg10
TGACATCAATTATTATACATCGG,TGAACACAATTATTATACATACA,0,sg10
AAATGAGAAGAAGAGGCACAGGG,GATTAAAAAAAAGAGGCACAGAG,0,sg9
AAATGAGAAGAAGAGGCACAGGG,GAAGGAAAATATGAGGCACAGGG,0,sg9
GGGTGGGGGGAGTTTGCTCCTGG,GGGTGGAAGGAGAGCCCTCCTGG,0,sg8
CTTGCCCCACAGGGCAGTAACGG,CCACCCCCACAGGGCAGTCTTGG,0,sg3
AAATGAGAAGAAGAGGCACAGGG,CACTGAGAAGAAAAGGAATAGAG,0,sg9
AAATGAGAAGAAGAGGCACAGGG,GACAGAGAAGAAGAGGAAGAAGG,0,sg9
CTTGCCCCACAGGGCAGTAACGG,CGTACCCCACAGGGCCTTAACAC,0,sg3
ATGAACACCAGTGAGTAGAGCGG,AAAAACACCAGTGATTTCAGTGG,0,sg6
AATGACCACTACATCCTCAAGGG,ACTTAACATTACATCCTCCAGGT,0,sg5
GGGTGGGGGGAGTTTGCTCCTGG,GGGCAGATGGAGTTTGCTGCTGG,0,sg8
AAATGAGAAGAAGAGGCACAGGG,AAATGAGAAACGGAGGCCCAGAG,0,sg9
AAATGAGAAGAAGAGGCACAGGG,AAATGAGAAGAAAATACAAAGAT,0,sg9
AAATGAGAAGAAGAGGCACAGGG,AAATGAGAAAGTGAGGCCCATGG,0,sg9
GAATCCTAAAAACTCTGCTTCGG,GAATCCTAAGACGTGTGTTTCTG,0,sg12
CTTGCCCCACAGGGCAGTAACGG,TTTGGTCCTCAGGGCAGTAGCGG,0,sg3
ATGAACACCAGTGAGTAGAGCGG,AGGGAGACCAGTGAGTAGAAGGT,0,sg6
AAATGAGAAGAAGAGGCACAGGG,AACTTTGTAGAAGAGGCATGGGG,0,sg9
CCTGCCTCCGCTCTACTCACTGG,CCTGCCTCCCCTGGAGTTACTGC,0,sg7
CCTGCCTCCGCTCTACTCACTGG,CCTGCCTCCATGTGACTCACTGG,0,sg7
GGGTGGGGGGAGTTTGCTCCTGG,GGGTGGGGGGCGTGGGCAGCTGC,0,sg8
CCTGCCTCCGCTCTACTCACTGG,CCTGCCTCCCCACTCCTCCCTCA,0,sg7
AAATGAGAAGAAGAGGCACAGGG,AAATGAGAAGAAAATGCATGGGA,0,sg9
CCTGCCTCCGCTCTACTCACTGG,TATGTCTCTTCTCTACTCACTGT,0,sg7
TGACATCAATTATTATACATCGG,TGAGAACAATTATTATATTTATG,0,sg10
AAATGAGAAGAAGAGGCACAGGG,ACATTAGTAGAGGAGGCACAGAA,0,sg9
CCAGTGAGTAGAGCGGAGGCAGG,CCAGTGAGTAGAGGCCAGCAAAG,0,sg2
ATGAACACCAGTGAGTAGAGCGG,ATGAACACCAGGCACAGGAGAGG,0,sg6
CCAGTGAGTAGAGCGGAGGCAGG,CCAGTGAGTACAGTAAAGGTAGA,0,sg2
AAATGAGAAGAAGAGGCACAGGG,AGATAGGAAGAAGAGGGAAAGTG,0,sg9
TGACATCAATTATTATACATCGG,AGGCTTCAATTATTATGGATTGG,0,sg10
GGGTGGGGGGAGTTTGCTCCTGG,GTGTGGGGGGAGATGGATTTTGG,0,sg8
CCTGCCTCCGCTCTACTCACTGG,CCTGCCTCCCCTCTGTTCACCTG,0,sg7
AAATGAGAAGAAGAGGCACAGGG,ACAAGATTCGAAGAGGCACAGGA,0,sg9
GGTCCTGCCGCTGCTTGTCATGG,CGCCCAGCCGCTGCTCACCATGG,0,sg4
ATGAACACCAGTGAGTAGAGCGG,AAAACCACCAGTGAGTAAAGCAA,0,sg6
CCTGCCTCCGCTCTACTCACTGG,CATGTCCCATCCCTACTCACTGG,0,sg7
ATGAACACCAGTGAGTAGAGCGG,CTGAACACCAGTTACTTGTGGGG,0,sg6
AAATGAGAAGAAGAGGCACAGGG,GAAAGGGAAGAAGAGGCAAAGAG,0,sg9
AAATGAGAAGAAGAGGCACAGGG,ATTTGAGAAGAAGATGCCCTGGT,0,sg9
AAATGAGAAGAAGAGGCACAGGG,ACTTGAGCCGAGGAGGCACAGGT,0,sg9
AATGACCACTACATCCTCAAGGG,ATTGACCACTACCTGAGGAAGGG,0,sg5
AAATGAGAAGAAGAGGCACAGGG,AAATGAGAAGGAGTTGGCCAGGT,0,sg9
AAATGAGAAGAAGAGGCACAGGG,AAATTTGCAGAAGAGGCACACAA,0,sg9
GGTCCTGCCGCTGCTTGTCATGG,GGTCCTGCCCTTGAGTATTATGG,0,sg4
AATGACCACTACATCCTCAAGGG,AATGTGCAGTGGATCCTCAAGGA,0,sg5
AAATGAGAAGAAGAGGCACAGGG,TACTGAGAAGAAGGGGAGCATGG,0,sg9
AAATGAGAAGAAGAGGCACAGGG,AAATGAGAAAAAAAAGGAAAGGG,0,sg9
AAATGAGAAGAAGAGGCACAGGG,AAATGTTAGGGAGAGGCACAGAA,0,sg9
TGACATCAATTATTATACATCGG,AGACATCAATTAATAGAAATCAA,0,sg10
AAATGAGAAGAAGAGGCACAGGG,ACTTGGGGCTAAGAGGCACAGGG,0,sg9
AAATGAGAAGAAGAGGCACAGGG,AACAGGGAAGCAGAGGCACAGGA,0,sg9
GACACCGAAGCAGAGTTTTTAGG,GTAACAGAAGCAGAGTATGTAGA,0,sg11
AAATGAGAAGAAGAGGCACAGGG,CCATGAGAAGAAGATGGAAAGAG,0,sg9
AAATGAGAAGAAGAGGCACAGGG,AAATGAGAAGAAGAAGAATATAA,0,sg9
GGGTGGGGGGAGTTTGCTCCTGG,GGGTGGGGGAGGTTGCTTCCTGA,0,sg8
GGTCCTGCCGCTGCTTGTCATGG,AGTAGGCCTGCTGCTTGTCATGG,0,sg4
AAATGAGAAGAAGAGGCACAGGG,AACTGGGAAGAAGAGTGACACGA,0,sg9
AAATGAGAAGAAGAGGCACAGGG,GAAGGAGAAGAAGAGGGAGAGAA,0,sg9
TGACATCAATTATTATACATCGG,TCCTATCAATTATTATAAATCTA,0,sg10
GGGTGGGGGGAGTTTGCTCCTGG,GGGTGGGGGGTGGGGGCTGCTGA,0,sg8
AAATGAGAAGAAGAGGCACAGGG,AAATGAGAATAAGAGATAAATGT,0,sg9
AAATGAGAAGAAGAGGCACAGGG,ATGGAGGAAGAAGAGGCACTGGG,0,sg9
AATGACCACTACATCCTCAAGGG,GAAGCCCACTACATCCTGCAGGT,0,sg5
TGACATCAATTATTATACATCGG,CTGAATCAATTATTATATATGGG,0,sg10
AATGACCACTACATCCTCAAGGG,ACTGCACTCTACATCCTCAAAGG,0,sg5
GAATCCTAAAAACTCTGCTTCGG,GAATCCTAAACTCTGTCCTTCCA,0,sg12
GGTCCTGCCGCTGCTTGTCATGG,GCACCTGCCGCTGCTTGAGATTC,0,sg4
TGACATCAATTATTATACATCGG,TAGCATCAATTATTTTTAATTGG,0,sg10
CCAGTGAGTAGAGCGGAGGCAGG,CTGCCGAGCAGAGCGGAGGGAGG,0,sg2
AAATGAGAAGAAGAGGCACAGGG,AAAGTTAGAGAAGAGGCACAGAG,0,sg9
GGGTGGGGGGAGTTTGCTCCTGG,GGGTGGGGGAGGCTTCCTCCCTG,0,sg8
TGACATCAATTATTATACATCGG,AGACATCAATTATGAAATAACAG,0,sg10
CCTGCCTCCGCTCTACTCACTGG,CCTGCCTCCGCTCTACTCGCTGG,1,sg7
AACACCAGTGAGTAGAGCGGAGG,ATCACCACAGAGTAGAGCAGTGG,0,sg1
TGACATCAATTATTATACATCGG,TGTCAAAAATTATTATACCTGGG,0,sg10
ATGAACACCAGTGAGTAGAGCGG,ATGAACCCAGGTGAGTAGAGCAG,0,sg6
GGGTGGGGGGAGTTTGCTCCTGG,GGGTGGGGGGATCTGCCTCCATG,0,sg8
GACACCGAAGCAGAGTTTTTAGG,GATACAGAAGCAGAGCTCTTGAG,0,sg11
CCTGCCTCCGCTCTACTCACTGG,TCTGCCTCCGCTGTACCAGCTGT,0,sg7
GGTCCTGCCGCTGCTTGTCATGG,CCTCCTGCCGCTGCATTTCCAGG,0,sg4
TGACATCAATTATTATACATCGG,TTACATCAATTAGTGGACATCAA,0,sg10
AAATGAGAAGAAGAGGCACAGGG,AAATGAAATGAGAAGCCCCAGGG,0,sg9
AAATGAGAAGAAGAGGCACAGGG,TTATAAGAAGAAGAGACACAGAG,0,sg9
GGGTGGGGGGAGTTTGCTCCTGG,GGGGGCAGCATGTTTGCTCCTGG,0,sg8
CCAGTGAGTAGAGCGGAGGCAGG,GCAGTGGTGAAAGCGGAGGCAGA,0,sg2
AAATGAGAAGAAGAGGCACAGGG,ACATAAGCAGAAGAGGCAATGGG,0,sg9
AAATGAGAAGAAGAGGCACAGGG,AAATGAGAAAAAGAATAAAAGAG,0,sg9
AAATGAGAAGAAGAGGCACAGGG,AAAACAGAAGAAGAGACATATAG,0,sg9
GGGTGGGGGGAGTTTGCTCCTGG,TGGTGGGGGGAGCATGGTTCCGG,0,sg8
CTTGCCCCACAGGGCAGTAACGG,CTTGCCCCACAGGACTCCAATGG,0,sg3
GGGTGGGGGGAGTTTGCTCCTGG,GGGTGGGGGGAGTGCGCGCGTGT,0,sg8
GGGTGGGGGGAGTTTGCTCCTGG,GGGTGGGGGCATGTCCCTCCTGG,0,sg8
GAATCCTAAAAACTCTGCTTCGG,GAATCCTAAACACTGTTCTCCAG,0,sg12
AAATGAGAAGAAGAGGCACAGGG,AAATGAGAAGTAAAGGGAAAGAT,0,sg9
AAATGAGAAGAAGAGGCACAGGG,AAATGAGAAAAATAATAACAGAG,0,sg9
GGTCCTGCCGCTGCTTGTCATGG,GGTCCTGCCAGTGCTGGAGAGGG,0,sg4
GGTCCTGCCGCTGCTTGTCATGG,GCTCCTGCCGCTGCAGCTCACGC,0,sg4
GGGTGGGGGGAGTTTGCTCCTGG,GGAAGGCAGGAGTTTGCTCCTAT,0,sg8
CCAGTGAGTAGAGCGGAGGCAGG,CCAGTGCCCAGAGCGGAGCCTGA,0,sg2
AATGACCACTACATCCTCAAGGG,AATGACCACTTCATGGTCTAGCC,0,sg5
GACACCGAAGCAGAGTTTTTAGG,TAGAATGGAGAAGAGTTTTTAGG,0,sg11
AAATGAGAAGAAGAGGCACAGGG,AAAGAGAAAGAAGAGGCACCTGG,0,sg9
CCTGCCTCCGCTCTACTCACTGG,CATTCCTGGACTCTACTCACTAG,0,sg7
GGGTGGGGGGAGTTTGCTCCTGG,TCTTTGGGAGAGTTTGCTCCAGG,0,sg8
AACACCAGTGAGTAGAGCGGAGG,GAGACCAGTGAGCAAAGCGGGAG,0,sg1
GGGTGGGGGGAGTTTGCTCCTGG,GGGTGGGGGGAATATGCTCTTGA,0,sg8
CCTGCCTCCGCTCTACTCACTGG,CCTGCCTCCAGTCTCTTAACTGT,0,sg7
CCTGCCTCCGCTCTACTCACTGG,CCTCCTTCAGCTGTACTCACTCT,0,sg7
AACACCAGTGAGTAGAGCGGAGG,AGTAGCAGTGAGTAGAATGGTGG,0,sg1
AAATGAGAAGAAGAGGCACAGGG,ACAGGGGAAGAAGTGGCCCAGAG,0,sg9
AAATGAGAAGAAGAGGCACAGGG,AAGAAAGAAGAAGAGGCCAAGCG,0,sg9
CCAGTGAGTAGAGCGGAGGCAGG,GGGGTGAGTAGAGATGGGGCAGG,0,sg2
AAATGAGAAGAAGAGGCACAGGG,AAATGAGAAAAAGTGCAATAGAG,0,sg9
AAATGAGAAGAAGAGGCACAGGG,CCATAGGAAGAAGAGGCACTGGG,0,sg9
GAATCCTAAAAACTCTGCTTCGG,CCCTCCTAAAAAGTCTGATTCGC,0,sg12
TGACATCAATTATTATACATCGG,TTAATTTATTTATTATACAGCGG,0,sg10
GGGTGGGGGGAGTTTGCTCCTGG,GCTCGGGAGTAGTTTGCTCCTAG,0,sg8
AAATGAGAAGAAGAGGCACAGGG,AAATGAGAACCCGAGGCATGGGG,0,sg9
AAATGAGAAGAAGAGGCACAGGG,AAAGGAGAAGAAGAAGAAGAGAA,0,sg9
AAATGAGAAGAAGAGGCACAGGG,TGAGGTAAAGGAGAGGCACAGGG,0,sg9
GACACCGAAGCAGAGTTTTTAGG,GACAAAAAAGAAGAGTTTTTAGA,0,sg11
AAATGAGAAGAAGAGGCACAGGG,AAATGAGAAGAATAGAACCACTG,0,sg9
AAATGAGAAGAAGAGGCACAGGG,AAAAAAGAAGAAGAGGAAGAAAG,0,sg9
AACACCAGTGAGTAGAGCGGAGG,AACACCAGTGAGTTGACTGAGTG,0,sg1
GAATCCTAAAAACTCTGCTTCGG,GAATCCTAAAAATTGCATTTCCG,0,sg12
GACACCGAAGCAGAGTTTTTAGG,GACCAGGAAGCAGAGGCTCTAGG,0,sg11
GAATCCTAAAAACTCTGCTTCGG,GAATGGTAAAAACTCAGCTTATG,0,sg12
AAATGAGAAGAAGAGGCACAGGG,AGAGAGGAAGAAGAGGCAGAGGG,0,sg9
AAATGAGAAGAAGAGGCACAGGG,AGACGGTGTGAAGAGGCACAGGG,0,sg9
GGGTGGGGGGAGTTTGCTCCTGG,GGGTGGGGGGAGGTAGAGCCTAG,0,sg8
TGACATCAATTATTATACATCGG,TAAATTCAATTATTATTCATCAA,0,sg10
CTTGCCCCACAGGGCAGTAACGG,CATGGCCCTCAGGGCAGTCATTG,0,sg3
AATGACCACTACATCCTCAAGGG,AAGGAGCCATACATCCTCTACGG,0,sg5
AAATGAGAAGAAGAGGCACAGGG,CTGTGAGAAGAAGAGAAACAGAG,0,sg9
AAATGAGAAGAAGAGGCACAGGG,AAAACAGTAGAAGAAGAAGAGGG,0,sg9
GAATCCTAAAAACTCTGCTTCGG,GAATATTTTAAACTCTGCTGGGG,0,sg12
AAATGAGAAGAAGAGGCACAGGG,TAAGGACTAGAAGAGGCAGAGAG,0,sg9
ATGAACACCAGTGAGTAGAGCGG,AAGGGCACCAGTGAGTAGGACTG,0,sg6
CCAGTGAGTAGAGCGGAGGCAGG,GCAGGGAGTAGAGCGCAGGAGGG,0,sg2
AACACCAGTGAGTAGAGCGGAGG,ATAACCAGTGAGTAGATACGAGG,0,sg1
AAATGAGAAGAAGAGGCACAGGG,AACAGAGTAGAAGAGGCAGCAGG,0,sg9
GGTCCTGCCGCTGCTTGTCATGG,GGTCCTGCCTCTGCTTCTCCAAG,0,sg4
GACACCGAAGCAGAGTTTTTAGG,GAGGTTGAATCAGAGTTTTTAGA,0,sg11
CCTGCCTCCGCTCTACTCACTGG,CCTGCCTCCATTCTCCTCCCTGG,0,sg7
CCTGCCTCCGCTCTACTCACTGG,GCAGCCTCCGCTGTGCTCTCTGG,0,sg7
AACACCAGTGAGTAGAGCGGAGG,AAGACCAGTGAGTTCAGAAGATG,0,sg1
AAATGAGAAGAAGAGGCACAGGG,AAATGAGAACAATAGACACTGGC,0,sg9
AAATGAGAAGAAGAGGCACAGGG,GGAGAGGAAGATGAGGCACAGGG,0,sg9
GAATCCTAAAAACTCTGCTTCGG,TTATTTTAAAAACTCTGCTTGCG,0,sg12
AACACCAGTGAGTAGAGCGGAGG,ACCACCAGTGAGTTGATTGCAGC,0,sg1
CCTGCCTCCGCTCTACTCACTGG,TCATCCTCCGCTCTACCCATTGT,0,sg7
GAATCCTAAAAACTCTGCTTCGG,GGGTCATAAAAACTCAGGTTCTG,0,sg12
AAATGAGAAGAAGAGGCACAGGG,AAATGAGAAGACGTGGAGCAGGC,0,sg9
TGACATCAATTATTATACATCGG,TTACGTCAATGTTTATACATCCA,0,sg10
GAATCCTAAAAACTCTGCTTCGG,GAATCCTAAACACTTAAGTTGGG,0,sg12
AAATGAGAAGAAGAGGCACAGGG,TGATGAAGAGATGAGGCACAGTG,0,sg9
AAATGAGAAGAAGAGGCACAGGG,AAATGAGAAATGGACCCACAGAG,0,sg9
AATGACCACTACATCCTCAAGGG,AATGACCACTATCCACTCAATTG,0,sg5
AAATGAGAAGAAGAGGCACAGGG,AAAGAAGAAGAAGAGACCAAGGC,0,sg9
AAATGAGAAGAAGAGGCACAGGG,AAATAATTAGAAGAGGCATAGGT,0,sg9
CCTGCCTCCGCTCTACTCACTGG,CCTGCCTCCACTCAGCACCCTGT,0,sg7
AAATGAGAAGAAGAGGCACAGGG,CACTAAGAAGATGAGGCACAGCT,0,sg9
GGGTGGGGGGAGTTTGCTCCTGG,GGGTGGGGGTCACTTGAGCCTGG,0,sg8
GGGTGGGGGGAGTTTGCTCCTGG,GAGTGGAGCCAGTTTGCTCCTTC,0,sg8
TGACATCAATTATTATACATCGG,TGACATATTTTATTATACAACAT,0,sg10
AACACCAGTGAGTAGAGCGGAGG,AACACCAGTTACTTGTGGGGAAG,0,sg1
GAATCCTAAAAACTCTGCTTCGG,GATTCCTAAAAAATCTGAGTGGG,0,sg12
AATGACCACTACATCCTCAAGGG,AAGTTCCATGAAATCCTCAAGGG,0,sg5
AAATGAGAAGAAGAGGCACAGGG,AGATGTGAAGAAGAGAGATAGAG,0,sg9
GACACCGAAGCAGAGTTTTTAGG,CATACCTTAGCAGAGTTTTGATG,0,sg11
GGGTGGGGGGAGTTTGCTCCTGG,GGGTGGGGGCAGTATGTTGATGG,0,sg8
GGGTGGGGGGAGTTTGCTCCTGG,TGGATGGGTGAGTTTGCTTCTGA,0,sg8
TGACATCAATTATTATACATCGG,TCACAACTATTATTATACTTGAG,0,sg10
TGACATCAATTATTATACATCGG,TGACATCAATTGTGATTTATCCT,0,sg10
TGACATCAATTATTATACATCGG,TGACACAAATTATTATACAAGTG,0,sg10
CCTGCCTCCGCTCTACTCACTGG,CCTGCCTCCGCTTTACCCCTTCA,0,sg7
TGACATCAATTATTATACATCGG,ACACATCAATTATTAAGCATAAG,0,sg10
GGGTGGGGGGAGTTTGCTCCTGG,TGGGGGGGGGGGGTTGCTGCTGG,0,sg8
AAATGAGAAGAAGAGGCACAGGG,AAATCAGGCGGAGAGGCACAGAA,0,sg9
GACACCGAAGCAGAGTTTTTAGG,GACACAGAAGCAGAGTTTAAAAT,0,sg11
AAATGAGAAGAAGAGGCACAGGG,GAACGAGAGGCAGAGGCACAGAG,0,sg9
TGACATCAATTATTATACATCGG,GGAGTTCAATTATTAAACATCTT,0,sg10
AAATGAGAAGAAGAGGCACAGGG,AAATGAGAAGCAGGTGCAATGTG,0,sg9
GAATCCTAAAAACTCTGCTTCGG,GAATGTTAAAAACTCTGCTGTTG,0,sg12
AAATGAGAAGAAGAGGCACAGGG,AAATGAATAGAAGAGGCAAATAA,0,sg9
AAATGAGAAGAAGAGGCACAGGG,CATTTAGTAGAAGAGGCAGACGG,0,sg9
AAATGAGAAGAAGAGGCACAGGG,GAAGAAGAAGAAGAGGAGCAGGA,0,sg9
CCTGCCTCCGCTCTACTCACTGG,CCTCCCTCCCCTTTGCTCTCTGG,0,sg7
AAATGAGAAGAAGAGGCACAGGG,AAGAGAGAAGAAGAGGTGCCAGG,0,sg9
TGACATCAATTATTATACATCGG,TGTACTCAATTATTATACCTTGA,0,sg10
AACACCAGTGAGTAGAGCGGAGG,AGGAGCAGTGAGTAGAGGGAAGA,0,sg1
AAATGAGAAGAAGAGGCACAGGG,AAATGAGAAGATGAAAAAAGGGG,0,sg9
AAATGAGAAGAAGAGGCACAGGG,ACAGGAACAGGAGAGGCACAGCG,0,sg9
AAATGAGAAGAAGAGGCACAGGG,AAATAAGAAGAAGAGAGTAAAGG,0,sg9
AAATGAGAAGAAGAGGCACAGGG,AAAGGAGAAGAAGAGGCAGTACC,0,sg9
AAATGAGAAGAAGAGGCACAGGG,AAATGAGAATCAGAGTCAAAGAG,0,sg9
CTTGCCCCACAGGGCAGTAACGG,CTAGCCCCACAGAGCAGGTGCAG,0,sg3
CCTGCCTCCGCTCTACTCACTGG,CCTATCTCCCCACTACTCACTCC,0,sg7
CCTGCCTCCGCTCTACTCACTGG,CCTGCCTCCGCTTCCATCACTTT,0,sg7
CCAGTGAGTAGAGCGGAGGCAGG,TCAGTGAGTAGAGTGGGTCAAGG,0,sg2
AAATGAGAAGAAGAGGCACAGGG,AAATGAGAAATAGAAAGACAGAG,0,sg9
ATGAACACCAGTGAGTAGAGCGG,ATGAACACCAGATGGAAGAGGTG,0,sg6
AAATGAGAAGAAGAGGCACAGGG,GAATGAGAAGAATATCCACATTG,0,sg9
AAATGAGAAGAAGAGGCACAGGG,AGTCTAGAAGAAGAGGCTGAGGG,0,sg9
AAATGAGAAGAAGAGGCACAGGG,AACTGGCAAGAAGAGGCAGAAGA,0,sg9
AAATGAGAAGAAGAGGCACAGGG,GAATGAGAAGAAGAGTGGCAGGA,0,sg9
CCTGCCTCCGCTCTACTCACTGG,CATGCCTGGCCTCTACTCACTAG,0,sg7
GAATCCTAAAAACTCTGCTTCGG,GAAACCTAAAAACACTACTTGGG,1,sg12
GGTCCTGCCGCTGCTTGTCATGG,GCTGCTGCCGCTGCTGCTGCTGG,0,sg4
AAATGAGAAGAAGAGGCACAGGG,AAATGAGAAGAAAAAGCCCCGGG,0,sg9
AAATGAGAAGAAGAGGCACAGGG,AAATGAGAAGAAAAAGGGCAATG,0,sg9
AAATGAGAAGAAGAGGCACAGGG,AAATGAGAACATGTGGTACTTGG,0,sg9
AAATGAGAAGAAGAGGCACAGGG,AAATGAGAATTAGGTGCCCAGGA,0,sg9
ATGAACACCAGTGAGTAGAGCGG,GTGAACACCAGTGGGTGGAGGGC,0,sg6
CCTGCCTCCGCTCTACTCACTGG,CCTGCCTCCCCCCGACACAGGGG,0,sg7
AAATGAGAAGAAGAGGCACAGGG,AAATGAGAAGGAGAAGAAGAGAA,0,sg9
AAATGAGAAGAAGAGGCACAGGG,GAAAGAGAAGAAGAGGGGAAGGG,0,sg9
AATGACCACTACATCCTCAAGGG,TATAACAAATACATCCTCAACTG,0,sg5
AAATGAGAAGAAGAGGCACAGGG,GAAAGTGAAGAAGAGGGACAGCA,0,sg9
AATGACCACTACATCCTCAAGGG,AATGACCACTTTCTCCTGAAGCC,0,sg5
GGTCCTGCCGCTGCTTGTCATGG,GGTCCTGCCCACCCTTGTGGTGG,0,sg4
CCAGTGAGTAGAGCGGAGGCAGG,CAAGTGAGTAGAAGACAGGCAGA,0,sg2
AAATGAGAAGAAGAGGCACAGGG,ACCTGAGAAGAACAGCCACAGCT,0,sg9
GGGTGGGGGGAGTTTGCTCCTGG,CGCTGGGGGGAGTTTGCGCAAGG,0,sg8
AAATGAGAAGAAGAGGCACAGGG,AAAAAAGAAGAAGAGGAAGAGCG,0,sg9
AATGACCACTACATCCTCAAGGG,TCAGAACACCACATCCTCAAGTG,0,sg5
AAATGAGAAGAAGAGGCACAGGG,ATGGCGGAAGAAGAGACACAGGG,0,sg9
AAATGAGAAGAAGAGGCACAGGG,AATAGAGATGAAGAGGCAGCTGG,0,sg9
AAATGAGAAGAAGAGGCACAGGG,AGATGAGAGACTGAGGCACAGAG,0,sg9
CCAGTGAGTAGAGCGGAGGCAGG,CTAGTGAGTAGAGGGCAGGGATA,0,sg2
AACACCAGTGAGTAGAGCGGAGG,AACACCAGTGAGTACAGTATAAA,0,sg1
CCTGCCTCCGCTCTACTCACTGG,CCTGCCTCCCCTCTGCCCTCTGC,0,sg7
AAATGAGAAGAAGAGGCACAGGG,AAATGAGAAAAATAGGTACTACG,0,sg9
GGGTGGGGGGAGTTTGCTCCTGG,GGGTGTGGGGAGTTTGAGCAGTG,0,sg8
GACACCGAAGCAGAGTTTTTAGG,ACCAGGGAAGCAGAGTTTGGAGG,0,sg11
GACACCGAAGCAGAGTTTTTAGG,GACACCGAAGGTGTGTTGCTTGG,0,sg11
GAATCCTAAAAACTCTGCTTCGG,GAATCCTAAAAACTAAGCTACCA,0,sg12
CTTGCCCCACAGGGCAGTAACGG,ATAGCCCCACAGAGACGTAAGGG,0,sg3
GACACCGAAGCAGAGTTTTTAGG,GAGACCGAAGCAAAGATGAAAGG,0,sg11
AAATGAGAAGAAGAGGCACAGGG,ATATGAGAAGAAGGGGCATGTGC,0,sg9
CTTGCCCCACAGGGCAGTAACGG,CTGGGGCCACAGGGCAGTGACGC,0,sg3
ATGAACACCAGTGAGTAGAGCGG,ATGGAGACTATAGAGTAGAGCCG,0,sg6
AAATGAGAAGAAGAGGCACAGGG,AAGTGAGAAGAAGGTGCTCAGAG,0,sg9
TGACATCAATTATTATACATCGG,ATAGAGCAATTATTATAAATTGG,0,sg10
AATGACCACTACATCCTCAAGGG,CATCACCACTACATCTAGGAGGG,0,sg5
CCAGTGAGTAGAGCGGAGGCAGG,GAAGTGAGTAGAGTGGAGAAAGG,0,sg2
GACACCGAAGCAGAGTTTTTAGG,GTCTCTGATGCAGAGTTTTAAGT,0,sg11
GGGTGGGGGGAGTTTGCTCCTGG,TGGTGGGGGGAGGGCTGTCCTGG,0,sg8
CCAGTGAGTAGAGCGGAGGCAGG,GCTGCGGGCAGAGCGGAGGCAGC,0,sg2
GGGTGGGGGGAGTTTGCTCCTGG,TGGAGTGGGGTGTTTGCTCCTAA,0,sg8
AAATGAGAAGAAGAGGCACAGGG,AAATGGGAAAAAGAGACTAAAGG,0,sg9
GGGTGGGGGGAGTTTGCTCCTGG,GGGGGGAGGGAGCTTGGTGCTGC,0,sg8
GACACCGAAGCAGAGTTTTTAGG,GAGCCTTAAGCAGAGTTTTTGGG,0,sg11
ATGAACACCAGTGAGTAGAGCGG,ATGAACACCAATGAGAAAATCCT,0,sg6
AAATGAGAAGAAGAGGCACAGGG,AGCTGAGAAGAAGAGGTGCCGAG,0,sg9
GGGTGGGGGGAGTTTGCTCCTGG,GGGTGGGGGGCGGATGCTGCTGG,0,sg8
GACACCGAAGCAGAGTTTTTAGG,GAAACCCAGGCAGAGTTTCTGGC,0,sg11
CTTGCCCCACAGGGCAGTAACGG,CTTGGCTATCAGGGCAGTAAAGA,0,sg3
AAATGAGAAGAAGAGGCACAGGG,GTGTGGCCAGAAGAGGCACAGGG,0,sg9
AAATGAGAAGAAGAGGCACAGGG,TAGGGAGAGGAAGAGGCAGAAGG,0,sg9
TGACATCAATTATTATACATCGG,TGACATCAATAATATAAAATGGG,0,sg10
CTTGCCCCACAGGGCAGTAACGG,TTCTCCCCACAGGGCATTAAAGC,0,sg3
CTTGCCCCACAGGGCAGTAACGG,CAGGTCCCACAGGGCAGCAGAGG,0,sg3
AAATGAGAAGAAGAGGCACAGGG,AAATGAGAAGATGAGGTATTTGG,0,sg9
GACACCGAAGCAGAGTTTTTAGG,GCCAGCAAAGCAGAGTTTTGGGT,0,sg11
AAATGAGAAGAAGAGGCACAGGG,AGAAGAGCAGAAGAGAGACAGAG,0,sg9
GAATCCTAAAAACTCTGCTTCGG,CATTCCTACAAACTCTGCTGAAG,0,sg12
TGACATCAATTATTATACATCGG,GGCCATGAATAATTATACATCTA,0,sg10
AAATGAGAAGAAGAGGCACAGGG,AGCTGAGAAGAATAGGGGGAGGG,0,sg9
AAATGAGAAGAAGAGGCACAGGG,AAATGAGAACATGAGGTATGTGG,0,sg9
AAATGAGAAGAAGAGGCACAGGG,AGCTGAGAAACTGAGGCACAGGG,0,sg9
CTTGCCCCACAGGGCAGTAACGG,GCAGCCCCACAGGGCAGTTAAGT,0,sg3
AAATGAGAAGAAGAGGCACAGGG,AAATGAGAACGTGAAGCCCAGAG,0,sg9
AAATGAGAAGAAGAGGCACAGGG,AAAGGAATAGAAGAGGCACTGAC,0,sg9
TGACATCAATTATTATACATCGG,GGACATCAATTACAGTACAAGGG,0,sg10
AAATGAGAAGAAGAGGCACAGGG,AAGAGAAAAGAAGAGGAAAAAGG,0,sg9
GAATCCTAAAAACTCTGCTTCGG,AAATCTTTAAAACTCTGCATAGG,0,sg12
CTTGCCCCACAGGGCAGTAACGG,CCCGCCCCACAGGGCTGTAAAGA,0,sg3
GAATCCTAAAAACTCTGCTTCGG,CAATACTCCAAACTCTGCTTTTG,0,sg12
AAATGAGAAGAAGAGGCACAGGG,AAATGAGAATTAAAAGCCCAGGA,0,sg9
CCAGTGAGTAGAGCGGAGGCAGG,TCAGTTGGTAGAGCGGAGGACTG,0,sg2
AAATGAGAAGAAGAGGCACAGGG,AAAGGAGAAACTGAGGCACAGTA,0,sg9
GACACCGAAGCAGAGTTTTTAGG,GTCACCGAAGCAAAGTTTCTCAA,0,sg11
GAATCCTAAAAACTCTGCTTCGG,AAATAAGAAAACCTCTGCTTCGA,0,sg12
GGGTGGGGGGAGTTTGCTCCTGG,GACTGGTGGCACTTTGCTCCTGC,0,sg8
TGACATCAATTATTATACATCGG,TACTATGAATAATTATACATCAG,0,sg10
CTTGCCCCACAGGGCAGTAACGG,CTTGCCCCACAGAGCAGACCCAA,0,sg3
GGGTGGGGGGAGTTTGCTCCTGG,GGTTGGGGGGAGGGCGGTCCTTG,0,sg8
TGACATCAATTATTATACATCGG,TTCCATGAATTATTATACTTGAG,0,sg10
CTTGCCCCACAGGGCAGTAACGG,CCTGTCCCACAGGGCAGGAAGGG,0,sg3
AACACCAGTGAGTAGAGCGGAGG,ACCTGCAGTGAGTAGTGGTGAGG,0,sg1
CTTGCCCCACAGGGCAGTAACGG,CTTGCCCCACAGTGGAAAATAGG,0,sg3
CCTGCCTCCGCTCTACTCACTGG,CTTACGTATTCTCTACTCACTGG,0,sg7
AACACCAGTGAGTAGAGCGGAGG,AACACCAGTGCGTAAAAGGGCAG,0,sg1
AAATGAGAAGAAGAGGCACAGGG,GAGTGAAAAGAAGAGGCAAGGGA,0,sg9
AAATGAGAAGAAGAGGCACAGGG,AAAACATATGAGGAGGCACAGAG,0,sg9
AATGACCACTACATCCTCAAGGG,AATGACCACTATATCCACACTTG,0,sg5
GGGTGGGGGGAGTTTGCTCCTGG,GGGTGGGGGAAGCTCGCTGATAG,0,sg8
GGGTGGGGGGAGTTTGCTCCTGG,TGGGGGGGGGCGTTTGTTCCTCT,0,sg8
CCTGCCTCCGCTCTACTCACTGG,CACACCCCCAGTCTACTCACTGG,0,sg7
AAATGAGAAGAAGAGGCACAGGG,AAAGGGGAAGAAGAGGAGGATGG,0,sg9
GAATCCTAAAAACTCTGCTTCGG,TTTTCCTATAAGCTCTGCTTCAG,0,sg12
GGGTGGGGGGAGTTTGCTCCTGG,GGGGTGGGGGAGTAATCTCATGG,0,sg8
AAATGAGAAGAAGAGGCACAGGG,AAAGAAGAAGAGGAGGCAAAAGA,0,sg9
AAATGAGAAGAAGAGGCACAGGG,AAATGAGAAAAAAACTCATAGGG,0,sg9
CCTGCCTCCGCTCTACTCACTGG,ACACCCAACTCTCTACTCACTGG,0,sg7
GACACCGAAGCAGAGTTTTTAGG,GAAACCAGATTAGAGTTTTTAGA,0,sg11
CTTGCCCCACAGGGCAGTAACGG,TTCGCCCCACAGGGCAGCGACCC,0,sg3
AAATGAGAAGAAGAGGCACAGGG,GAAACAGAAGAAGAGGAAGAGGA,0,sg9
AACACCAGTGAGTAGAGCGGAGG,AACACCAGTAAAGAGAGAGGACA,0,sg1
AAATGAGAAGAAGAGGCACAGGG,AAGCAAGAAAAAGAGGCACAGTT,0,sg9
TGACATCAATTATTATACATCGG,AGACATTAGTTATTATACAGGAG,0,sg10
GGGTGGGGGGAGTTTGCTCCTGG,GGGTCAGGGGAGTTTGAGCAGGG,0,sg8
AAATGAGAAGAAGAGGCACAGGG,AGAGGAGCAGGTGAGGCACAGGG,0,sg9
AACACCAGTGAGTAGAGCGGAGG,ACCACCAGTGAGTAGACAAAAGA,0,sg1
GGGTGGGGGGAGTTTGCTCCTGG,GGGTGGGGGAGATTTTTTCCTGT,0,sg8
CCAGTGAGTAGAGCGGAGGCAGG,CCAGTGAGTAGTAAGGAGGAATA,0,sg2
CTTGCCCCACAGGGCAGTAACGG,CCTGCCTCACAGGGCAGTCCTGA,0,sg3
AAATGAGAAGAAGAGGCACAGGG,AAATGAGAAGAGCAGGCAAACCT,0,sg9
AAATGAGAAGAAGAGGCACAGGG,AACTGAGAAGAAGATGAGCAGAG,0,sg9
AAATGAGAAGAAGAGGCACAGGG,TAATGAAGAGAAGAGGCACACCG,0,sg9
GGTCCTGCCGCTGCTTGTCATGG,GGTCCTGCCACTGCATTCCATCC,0,sg4
AAATGAGAAGAAGAGGCACAGGG,AAGTGTGAAGAAGAGGGATAGAA,0,sg9
AATGACCACTACATCCTCAAGGG,AATTAGCATAATATCCTCAAGGT,0,sg5
TGACATCAATTATTATACATCGG,AGAAACCAATTATTATCCTTCAG,0,sg10
GGGTGGGGGGAGTTTGCTCCTGG,GGTTGGGGGGGTGTTGCACTTGG,0,sg8
AAATGAGAAGAAGAGGCACAGGG,CATTGAGGGGAAGAGGCACAGAC,0,sg9
AAATGAGAAGAAGAGGCACAGGG,AAATGAGGAGAAGAGAGGCACAG,0,sg9
CCTGCCTCCGCTCTACTCACTGG,CCTGCCTCCTGTCAGATCAATGG,0,sg7
AAATGAGAAGAAGAGGCACAGGG,AAGAGGAAGAAAGAGGCACAGGG,0,sg9
GGGTGGGGGGAGTTTGCTCCTGG,GACTGGGGGGAGTTGAGGCCTGG,0,sg8
CCTGCCTCCGCTCTACTCACTGG,CCTGCCTCCTCGCTGCTCACCAG,0,sg7
AAATGAGAAGAAGAGGCACAGGG,TTATGAGAAACTGAGGCACAGGG,0,sg9
GAATCCTAAAAACTCTGCTTCGG,GAATCCTAAAAAATCAGATGTGT,0,sg12
GAATCCTAAAAACTCTGCTTCGG,GATTCCTAAAAAGGCAGTTTCTG,0,sg12
CCAGTGAGTAGAGCGGAGGCAGG,ACAGTGAGTAGATGGGAGTCAAT,0,sg2
GGGTGGGGGGAGTTTGCTCCTGG,AGATGAGGGGAGTTTGTCTCTGG,0,sg8
GGGTGGGGGGAGTTTGCTCCTGG,GGGTGGGGGCTGCTTTCTCCCGG,0,sg8
CTTGCCCCACAGGGCAGTAACGG,TCTGATTCACAAGGCAGTAACGG,0,sg3
GGGTGGGGGGAGTTTGCTCCTGG,CTCTGAGGGGAGTTTGCTCTGGG,0,sg8
GACACCGAAGCAGAGTTTTTAGG,GCCTCCTATGCAGAGTTTTAAAG,0,sg11
AAATGAGAAGAAGAGGCACAGGG,TAATGAGATGAAGAGGCAGAGTT,0,sg9
AAATGAGAAGAAGAGGCACAGGG,GATGGGGAAGAGGAGGCACAGGT,0,sg9
TGACATCAATTATTATACATCGG,TGAATTCAATTATTAGATTTAGG,0,sg10
AAATGAGAAGAAGAGGCACAGGG,GGATGAGAGGAAGAGGCAAAGGC,0,sg9
GAATCCTAAAAACTCTGCTTCGG,GTTTATTAACAACTCTGCTTCAG,0,sg12
CCTGCCTCCGCTCTACTCACTGG,CTTCCCTGGCCTCTACTCACTGG,0,sg7
AATGACCACTACATCCTCAAGGG,ACTTAGCATAACATCCTCAAGGC,0,sg5
AAATGAGAAGAAGAGGCACAGGG,GAATGAGAAGAATTGATGCAGGG,0,sg9
AAATGAGAAGAAGAGGCACAGGG,AAAGGTGGGGAAGAGGCACACTG,0,sg9
AAATGAGAAGAAGAGGCACAGGG,AGCAGAGAAGAAGAGACACAGCT,0,sg9
TGACATCAATTATTATACATCGG,TGACATCAATTATCAAAGAGCAC,0,sg10
TGACATCAATTATTATACATCGG,TTTCATCTATTATTATACTTTAG,0,sg10
AACACCAGTGAGTAGAGCGGAGG,AAAAACATTGAGTAGAGCTGGGT,0,sg1
AAATGAGAAGAAGAGGCACAGGG,AGGTGTGAAGAAGAGGCAGCGGC,0,sg9
TGACATCAATTATTATACATCGG,AGACATCAATTAACATACAAAAG,0,sg10
ATGAACACCAGTGAGTAGAGCGG,ATATATCTCAGTGAGTAGAGCAG,0,sg6
CCTGCCTCCGCTCTACTCACTGG,CCTGCCTCCCCTCCCCTCACCCT,0,sg7
AAATGAGAAGAAGAGGCACAGGG,AGTTGAGAAGAAATGGAACAGGG,0,sg9
CCTGCCTCCGCTCTACTCACTGG,CCTGCCTCCTCTATGCCCACATG,0,sg7
AATGACCACTACATCCTCAAGGG,AATGACCACAAAATACCCAAGAA,0,sg5
AAATGAGAAGAAGAGGCACAGGG,AAATGAGAAGACAAGCCATAGCC,0,sg9
AAATGAGAAGAAGAGGCACAGGG,ACGAGAGAAGAAGAGTCAGAGAG,0,sg9
TGACATCAATTATTATACATCGG,TTTCATCAATTATAATACTTCCT,0,sg10
GGTCCTGCCGCTGCTTGTCATGG,GTCCCTGAGGTTGCTTGTCATGC,0,sg4
AAATGAGAAGAAGAGGCACAGGG,ATTTGAGAAGAATAAGGAGAGGG,0,sg9
TGACATCAATTATTATACATCGG,TGACATCAAATATTTTTCAAAGA,0,sg10
GAATCCTAAAAACTCTGCTTCGG,GGATCATGGAAACTCTGCCTCTG,0,sg12
AAATGAGAAGAAGAGGCACAGGG,GATAAAGAAACAGAGGCACAGGG,0,sg9
AAATGAGAAGAAGAGGCACAGGG,CCTTAAGAAGAAGAGGAAGAGGG,0,sg9
CTTGCCCCACAGGGCAGTAACGG,CTTGCCCCACAGGCCAGTAAACA,0,sg3
GGGTGGGGGGAGTTTGCTCCTGG,GGGTGGGGGCAGTTTCCCCCAGG,0,sg8
AAATGAGAAGAAGAGGCACAGGG,AAAGAGGAAATGGAGGCACAGGG,0,sg9
AATGACCACTACATCCTCAAGGG,AATCCCCTGTACATCCTCCAGAG,0,sg5
AAATGAGAAGAAGAGGCACAGGG,AAATGAGAAAAAAAGTTACAGAC,0,sg9
GGGTGGGGGGAGTTTGCTCCTGG,GGGTGGGGGTCATGCTCTCCTGG,0,sg8
AAATGAGAAGAAGAGGCACAGGG,GATAAAGAGGAAGAGGCAGAGGG,0,sg9
TGACATCAATTATTATACATCGG,AGGCATCTATTATTATACCTAGT,0,sg10
AACACCAGTGAGTAGAGCGGAGG,AAAAGAAGTGAGTAGAGGAGAGA,0,sg1
GAATCCTAAAAACTCTGCTTCGG,GAAGCCAAAAAACTCTGCACTGT,0,sg12
AAATGAGAAGAAGAGGCACAGGG,AAATGAGAAGACAATCCACAGAC,0,sg9
TGACATCAATTATTATACATCGG,TCACAACTGTTTTTATACATCAG,0,sg10
AAATGAGAAGAAGAGGCACAGGG,AATTTATATGAAGAGGCACAGAT,0,sg9
TGACATCAATTATTATACATCGG,TGAAATAACTTATTATACTTCCT,0,sg10
GACACCGAAGCAGAGTTTTTAGG,CAGATCCAAGCAGAGTTTTCAAG,0,sg11
AAATGAGAAGAAGAGGCACAGGG,AAATGAGAAACAGGGGTGTAGGG,0,sg9
CTTGCCCCACAGGGCAGTAACGG,CATGACCCACAGGGCTGTGAGGA,0,sg3
GACACCGAAGCAGAGTTTTTAGG,AAGCCTGAAGCAGAGTTTTTAGT,0,sg11
ATGAACACCAGTGAGTAGAGCGG,ACTATCACCAGTGAGTACAGCCA,0,sg6
GGGTGGGGGGAGTTTGCTCCTGG,GGGTGGGGGAAGTTTTCGGGTTG,0,sg8
TGACATCAATTATTATACATCGG,AGACAGCAACTCTTATACATCTA,0,sg10
TGACATCAATTATTATACATCGG,ATATATCTATTATTATACATAGA,0,sg10
GACACCGAAGCAGAGTTTTTAGG,GCCAAGGGAGCAGAGTTTAGAGG,0,sg11
TGACATCAATTATTATACATCGG,TTAAATCAATTATTAGTCAGCTG,0,sg10
GGTCCTGCCGCTGCTTGTCATGG,ACTGCTGCCGCTGCTAAACATGG,0,sg4
AAATGAGAAGAAGAGGCACAGGG,ACCTAAGAAGAAGAGGAAAGGGG,0,sg9
GGGTGGGGGGAGTTTGCTCCTGG,CGGGTTGGGGAGTTTACTGCTGG,0,sg8
AAATGAGAAGAAGAGGCACAGGG,AAGTCAGAAGAAGAGACCAAGGT,0,sg9
CCAGTGAGTAGAGCGGAGGCAGG,CCAGTGAGTACAGCCAAGTCAGG,0,sg2
CCAGTGAGTAGAGCGGAGGCAGG,CTAGTGAGTAGAGGCTAGGGAAG,0,sg2
AAATGAGAAGAAGAGGCACAGGG,AAATGAGAACAAGAGGACATGGA,0,sg9
GGTCCTGCCGCTGCTTGTCATGG,GGTCGGGGCTCTGCTTGTCATCC,0,sg4
GGTCCTGCCGCTGCTTGTCATGG,GGACCTGCCGCTGCCTGTCAGCC,0,sg4
CCAGTGAGTAGAGCGGAGGCAGG,CCAGGGCGGAGTGCGGAGGCAGG,0,sg2
CTTGCCCCACAGGGCAGTAACGG,CATAGCCCACAGGGCAGGCAGGG,0,sg3
AAATGAGAAGAAGAGGCACAGGG,AGGAGAGAAGAAGAGGCAGAGCC,0,sg9
TGACATCAATTATTATACATCGG,TGACATCAATAATTATAATTATC,0,sg10
GGGTGGGGGGAGTTTGCTCCTGG,AAATTGGGGGAGTTTGCTGCTGT,0,sg8
AACACCAGTGAGTAGAGCGGAGG,AGCAGCCGAGAGTAGAGCAGGGG,0,sg1
AAATGAGAAGAAGAGGCACAGGG,AAATGAGAAGCCGATGGACGGGT,0,sg9
AACACCAGTGAGTAGAGCGGAGG,CATACCAGTGAGGTGTGAGGAGG,0,sg1
AAATGAGAAGAAGAGGCACAGGG,AAATGAGAATAAATGGCAGAATG,0,sg9
CCTGCCTCCGCTCTACTCACTGG,CCTGCCTCCCCTTTATTCAAGGG,0,sg7
GGGTGGGGGGAGTTTGCTCCTGG,GGGTGGGGGGAGTAAGCTAAAGA,0,sg8
CTTGCCCCACAGGGCAGTAACGG,CCTGCACCACAGGGCAGGTGCTG,0,sg3
GAATCCTAAAAACTCTGCTTCGG,GTAAGCTCTAAACTCTGCTTCTG,0,sg12
GGGTGGGGGGAGTTTGCTCCTGG,GTGTGGGGGGAGTGTCTCCCTGA,0,sg8
AAATGAGAAGAAGAGGCACAGGG,TATTGAGAAGAAGAGGACTAGGA,0,sg9
GAATCCTAAAAACTCTGCTTCGG,GAATCCTAACATTTCAGAGTCGG,0,sg12
AAATGAGAAGAAGAGGCACAGGG,AAATGAGAAAAATAGGCAGGGTA,0,sg9
GGTCCTGCCGCTGCTTGTCATGG,GGTCCTGCCTCTGCATAGCCTGT,0,sg4
CCTGCCTCCGCTCTACTCACTGG,CCTGCCTCCTATCTAATCATTCT,0,sg7
TGACATCAATTATTATACATCGG,AGTCATGCATTATTATACATGGC,0,sg10
AAATGAGAAGAAGAGGCACAGGG,AAATGAGAAGAGAATGAAAATGG,0,sg9
GACACCGAAGCAGAGTTTTTAGG,GGCCCCAGAGCAGAGTTTCCAGG,0,sg11
GAATCCTAAAAACTCTGCTTCGG,AAATTTTCAAATCTCTGCTTCTG,0,sg12
CTTGCCCCACAGGGCAGTAACGG,CTGGCCCCACAGGGGTGTCAAGA,0,sg3
TGACATCAATTATTATACATCGG,AGTCATCAATTATTGTACATATA,0,sg10
AAATGAGAAGAAGAGGCACAGGG,AAATAGTTATCAGAGGCACAGGG,0,sg9
AAATGAGAAGAAGAGGCACAGGG,AATGAGGAAGAAGAGGAACAGGC,0,sg9
CCAGTGAGTAGAGCGGAGGCAGG,CCAGTGAGTAGAGGGGCTCCACA,0,sg2
CCAGTGAGTAGAGCGGAGGCAGG,CCAGTGAGTAGAACAGTGAGAGG,0,sg2
GGGTGGGGGGAGTTTGCTCCTGG,GGGTGGGGGTAGGTTGTGGGTGG,0,sg8
AAATGAGAAGAAGAGGCACAGGG,CAGTGAGAAGAAGAGACAGAGGA,0,sg9
GGGTGGGGGGAGTTTGCTCCTGG,GGGTGGGGGGTGCAGCCTCCTGA,0,sg8
GACACCGAAGCAGAGTTTTTAGG,GACATGGAAGCAGAGCTTGAAGT,0,sg11
CCAGTGAGTAGAGCGGAGGCAGG,CATTTCAGTACAGCGGAGGCAGC,0,sg2
ATGAACACCAGTGAGTAGAGCGG,ATGAACACCACTGTGTTAAGTGG,0,sg6
AAATGAGAAGAAGAGGCACAGGG,AAATGAGAAAATTAGGCACAGTG,0,sg9
GACACCGAAGCAGAGTTTTTAGG,GGCCGGGGAGCAGAGTTTTTAAG,0,sg11
AAATGAGAAGAAGAGGCACAGGG,AAAGAAGAAGAAGAGGTAGGGAG,0,sg9
AACACCAGTGAGTAGAGCGGAGG,AAGACCAGTGAGTAGGCTGGAGG,0,sg1
GACACCGAAGCAGAGTTTTTAGG,GACAGAGAAGCAGAGTTGCTAGT,0,sg11
AATGACCACTACATCCTCAAGGG,AGTATCCACTCCATCCTCAAGGC,0,sg5
GGGTGGGGGGAGTTTGCTCCTGG,GGGTGGGGGGGTTATTCTCTTGA,0,sg8
GGTCCTGCCGCTGCTTGTCATGG,GGCCCTGCCGCTGTTTCCCTTGT,0,sg4
AATGACCACTACATCCTCAAGGG,ACATACCACTACATCATTCAGGG,0,sg5
CTTGCCCCACAGGGCAGTAACGG,ACTGCCCCACAGGGCAAACACTG,0,sg3
GGGTGGGGGGAGTTTGCTCCTGG,GGGTGGGGGAAATATTCTTCTAG,0,sg8
AAATGAGAAGAAGAGGCACAGGG,AAATTGGAAGAAGAGTAACAATG,0,sg9
GGGTGGGGGGAGTTTGCTCCTGG,GGGTCTCTGGTGTTTGCTCCTGG,0,sg8
TGACATCAATTATTATACATCGG,TAACAGCAATTATTATACTTTCT,0,sg10
AAATGAGAAGAAGAGGCACAGGG,GAATAAGAAGAAGAGAAAGAGAG,0,sg9
GGTCCTGCCGCTGCTTGTCATGG,GGTCCAGCTGCTTGTTCTCGTGG,0,sg4
AAATGAGAAGAAGAGGCACAGGG,AAGAGGGAAGAAGAGGTACGCGG,0,sg9
AAATGAGAAGAAGAGGCACAGGG,AAATGAGAAGAGGGGAAGCAGGA,0,sg9
GAATCCTAAAAACTCTGCTTCGG,ATTTCCTAAAAAATCTGCTAAGG,0,sg12
AAATGAGAAGAAGAGGCACAGGG,AAATGAGAAGATGTGGAACATAA,0,sg9
GAATCCTAAAAACTCTGCTTCGG,GTTACTTAAAATCTCTGCTTCAG,0,sg12
GAATCCTAAAAACTCTGCTTCGG,GAATCCTAAAAGCTCCACAGCTG,0,sg12
AACACCAGTGAGTAGAGCGGAGG,TTCTCCAGGGTTTAGAGCGGAGG,0,sg1
GAATCCTAAAAACTCTGCTTCGG,TTATCCTAAAAAATTTGCTTTTG,0,sg12
AACACCAGTGAGTAGAGCGGAGG,GTCACCAGTGAGTGGAGAGGGGT,0,sg1
AATGACCACTACATCCTCAAGGG,ATTTACCATAATATCCTCAAGGT,0,sg5
AAATGAGAAGAAGAGGCACAGGG,GACCGAGAACCAGAGGCACAGGG,0,sg9
GACACCGAAGCAGAGTTTTTAGG,ATGACTGAATCAGAGTTTTTAGG,0,sg11
TGACATCAATTATTATACATCGG,TGATATGACTTATTATACATTAT,0,sg10
AAATGAGAAGAAGAGGCACAGGG,AAATGAGAAAAATTGGCTTATGG,0,sg9
CCAGTGAGTAGAGCGGAGGCAGG,CGAGTGGGAGGGGCGGAGGCAGT,0,sg2
AAATGAGAAGAAGAGGCACAGGG,AAATGAGAAATAGAGGTACATTT,0,sg9
AATGACCACTACATCCTCAAGGG,CATTTCCACTACATCCTAGAGGA,0,sg5
AAATGAGAAGAAGAGGCACAGGG,AAATGAGAAGAAGGGGTGGGGGA,0,sg9
AAATGAGAAGAAGAGGCACAGGG,GAAGGAGAAACTGAGGCACAGAG,0,sg9
CCAGTGAGTAGAGCGGAGGCAGG,CCAGTGAGTAGAGGAAATGGAGA,0,sg2
ATGAACACCAGTGAGTAGAGCGG,TTGTACTCCAGTGAGTAGTGTGT,0,sg6
AAATGAGAAGAAGAGGCACAGGG,GAAGGAGAAGAAGAGACACAGAC,0,sg9
CTTGCCCCACAGGGCAGTAACGG,CCTGCCCCACAGGGCTGTGAGCC,0,sg3
AAATGAGAAGAAGAGGCACAGGG,AGAAGAGAAGAAGAAACACAAGA,0,sg9
ATGAACACCAGTGAGTAGAGCGG,ATGAAGAAAAATGAGTAGAGCCT,0,sg6
AAATGAGAAGAAGAGGCACAGGG,AAATGAGAAAAGGTGGGCCAGGA,0,sg9
CTTGCCCCACAGGGCAGTAACGG,CTAGCTGCACAGGGCAGTTTCTG,0,sg3
AAATGAGAAGAAGAGGCACAGGG,AAATGAGAAATAGAGCTACATAG,0,sg9
AAATGAGAAGAAGAGGCACAGGG,AAAAAAGAAGAAGAGATAAAGGA,0,sg9
GGGTGGGGGGAGTTTGCTCCTGG,ATGTTGGGGGAGTTTGTTTCTGC,0,sg8
AATGACCACTACATCCTCAAGGG,AAGGACCACTACATCTTTTACTG,0,sg5
AACACCAGTGAGTAGAGCGGAGG,CCTAGCAGTGAGTAGAGAGTAGG,0,sg1
GAATCCTAAAAACTCTGCTTCGG,GCACCCTATTAACTCTGCTTCAC,0,sg12
GGGTGGGGGGAGTTTGCTCCTGG,GGGTGGGGGTACATCTCTCTTGG,0,sg8
CTTGCCCCACAGGGCAGTAACGG,GTGTCCCCACAGGGCAGGGAGGG,0,sg3
CCAGTGAGTAGAGCGGAGGCAGG,CCAGTGAGTAGAGGCTAAGGATG,0,sg2
AAATGAGAAGAAGAGGCACAGGG,AAATGAGAAGAAAAGACACGCAC,0,sg9
GGGTGGGGGGAGTTTGCTCCTGG,AGGGAAGTAGAGTTTGCTCCTGG,0,sg8
AAATGAGAAGAAGAGGCACAGGG,ATACCAGAAGAAGAGGCATGGGT,0,sg9
AAATGAGAAGAAGAGGCACAGGG,AAATGAGAAGATGGGACACAGCA,0,sg9
AAATGAGAAGAAGAGGCACAGGG,ACCTTAGAAGAAGAGGCACAAGC,0,sg9
CTTGCCCCACAGGGCAGTAACGG,CCCACCCCACAGGGCAGGAAGGT,0,sg3
GACACCGAAGCAGAGTTTTTAGG,TTCATTTAAGCAGAGTTTTTAAG,0,sg11
AAATGAGAAGAAGAGGCACAGGG,AAAAAAGAAGAAGAGGAAAACAG,0,sg9
CCTGCCTCCGCTCTACTCACTGG,CCTGCCTCCCCTCTATCTACTGC,0,sg7
CTTGCCCCACAGGGCAGTAACGG,CTGGCCCCACAGGGCCATATCCT,0,sg3
AAATGAGAAGAAGAGGCACAGGG,AGATGAGTAGAAGAGGCAGAAGT,0,sg9
AAATGAGAAGAAGAGGCACAGGG,TTATAAGAAGAAGAGCCATGGGG,0,sg9
CTTGCCCCACAGGGCAGTAACGG,CCTTCTCCACAGGGCACTAGCTG,0,sg3
CTTGCCCCACAGGGCAGTAACGG,CTTGCCCCACAGGACTCAAACTG,0,sg3
AAATGAGAAGAAGAGGCACAGGG,AATGGGGAAACTGAGGCACAGGG,0,sg9
AAATGAGAAGAAGAGGCACAGGG,AAATAAAAGGAGGAGGCACAGAG,0,sg9
AAATGAGAAGAAGAGGCACAGGG,AAAAAGGAAACAGAGGCACAGAG,0,sg9
AAATGAGAAGAAGAGGCACAGGG,AAATGAGAACATGTGGCAATTGG,0,sg9
AATGACCACTACATCCTCAAGGG,AATGACCACAACAGCCCTCAAGG,0,sg5
GAATCCTAAAAACTCTGCTTCGG,GTGTCCAAAACACTCTGCTTCCC,0,sg12
AAATGAGAAGAAGAGGCACAGGG,TTGTGAAAGGCAGAGGCACAGGG,0,sg9
GAATCCTAAAAACTCTGCTTCGG,TAATCTTGGAAACTCTGCTTCAT,0,sg12
AAATGAGAAGAAGAGGCACAGGG,AAGCACCAGGAAGAGGCACAGGG,0,sg9
AAATGAGAAGAAGAGGCACAGGG,AAGTGATAAACAGAGGCACAGAA,0,sg9
ATGAACACCAGTGAGTAGAGCGG,GTGCAGCCCACAGAGTAGAGCGG,0,sg6
AAATGAGAAGAAGAGGCACAGGG,AAACTAGAAGAAGAGACAAAGAA,0,sg9
CTTGCCCCACAGGGCAGTAACGG,CTTGCCCCACGGGGAGGCAGCTG,0,sg3
CCTGCCTCCGCTCTACTCACTGG,CCTGCCTCCATTCTCCTCACATT,0,sg7
AAATGAGAAGAAGAGGCACAGGG,AAATGAGAACATGAGGTATCTGG,0,sg9
AAATGAGAAGAAGAGGCACAGGG,TGAGGAGAAGAAGAGACAGAGGG,0,sg9
CCAGTGAGTAGAGCGGAGGCAGG,CCAGTGAGTGGGCCGGGGACTGG,0,sg2
CCTGCCTCCGCTCTACTCACTGG,CCTGCCTCCAGTCCCCTCTCTGT,0,sg7
CCTGCCTCCGCTCTACTCACTGG,CCGTCATCCTCACTACTCACTCG,0,sg7
AAATGAGAAGAAGAGGCACAGGG,AAAAGAGAAGAAGAGTCACATCT,0,sg9
AAATGAGAAGAAGAGGCACAGGG,AAATGAGAATAAGATACAGATGT,0,sg9
GGGTGGGGGGAGTTTGCTCCTGG,GGGTGGGGGTAGGTTGAGACTTG,0,sg8
GAATCCTAAAAACTCTGCTTCGG,GACTCCTAAAAACTCTACATAGA,0,sg12
GAATCCTAAAAACTCTGCTTCGG,GAATCCTAACATCTCGGCTGGGC,0,sg12
CCTGCCTCCGCTCTACTCACTGG,CTTTCCTGGCCTCTACTCACTAG,0,sg7
AACACCAGTGAGTAGAGCGGAGG,TACACCAGTGAGCATTGCACAGG,0,sg1
AAATGAGAAGAAGAGGCACAGGG,GAATGGGAAAATGAGGCACAGAG,0,sg9
GGGTGGGGGGAGTTTGCTCCTGG,GGGGTGGGGGTGAGTGCTCCTGG,0,sg8
GGGTGGGGGGAGTTTGCTCCTGG,GGGTGGGGGGAGGTAAATCCTGC,0,sg8
AACACCAGTGAGTAGAGCGGAGG,AATACCAGTGAGGGGAGAGGAGT,0,sg1
AAATGAGAAGAAGAGGCACAGGG,AAATTGGAAGAAGAGGGACAACA,0,sg9
CCAGTGAGTAGAGCGGAGGCAGG,CCAGTGAGTACAGCAAAAGCAAT,0,sg2
GGGTGGGGGGAGTTTGCTCCTGG,TGATGGAGGGAGTTTGCTCCTTT,0,sg8
AAATGAGAAGAAGAGGCACAGGG,CCCTGAGAAGAAGAGGAAGAGAG,0,sg9
GGTCCTGCCGCTGCTTGTCATGG,GTTCAGGCCTCTGCTTGTCATCT,0,sg4
GGGTGGGGGGAGTTTGCTCCTGG,GCCTGGGGGGAGTTTTCTTCTTG,0,sg8
GGTCCTGCCGCTGCTTGTCATGG,GGAACTACGGCTGCTTGTGATGC,0,sg4
CCTGCCTCCGCTCTACTCACTGG,CCTGCCTCCGGGTTCCTCACTGT,0,sg7
CCTGCCTCCGCTCTACTCACTGG,CCTGCCTCCTCCCTAATCCCTCC,0,sg7
ATGAACACCAGTGAGTAGAGCGG,ATGAACACCAGTAAGTCTAACTT,0,sg6
CTTGCCCCACAGGGCAGTAACGG,CTGTCCCCACAGGGCAGGAGCCC,0,sg3
GGGTGGGGGGAGTTTGCTCCTGG,GGGTGGGGGGACCTGGATCCTGG,0,sg8
TGACATCAATTATTATACATCGG,TGACATCAATTATTGGAATTCCA,0,sg10
GGGTGGGGGGAGTTTGCTCCTGG,GGGTGGGGGGTGTTTGTGTGTGT,0,sg8
TGACATCAATTATTATACATCGG,TGACATCAATTATTAAGTTTCTC,0,sg10
TGACATCAATTATTATACATCGG,TTACATACATTGTTATACATCTA,0,sg10
CTTGCCCCACAGGGCAGTAACGG,CTTGCCCCACACTCCAGGGACTG,0,sg3
GAATCCTAAAAACTCTGCTTCGG,CACATCCAAAAACTCTGCTTCGA,0,sg12
GGGTGGGGGGAGTTTGCTCCTGG,GGATGGTGTGAGTTTGCTATTGG,0,sg8
GAATCCTAAAAACTCTGCTTCGG,GAATCCTAAATACGCTATTCAGG,0,sg12
ATGAACACCAGTGAGTAGAGCGG,ATGGAGACCAGTGACCAGTGAGG,0,sg6
GGGTGGGGGGAGTTTGCTCCTGG,GGGTGGGGGCAGTGGGCAGGTGG,0,sg8
TGACATCAATTATTATACATCGG,AGTCAAAATTTATTATACATCAG,0,sg10
AACACCAGTGAGTAGAGCGGAGG,AACACCAGTCTGTAAAGAGTAAG,0,sg1
AAATGAGAAGAAGAGGCACAGGG,AAATGAGAAGAAGAAACGAATGT,0,sg9
CCTGCCTCCGCTCTACTCACTGG,CCTGCCTCCCTGCCTCTCACTGA,0,sg7
GGGTGGGGGGAGTTTGCTCCTGG,GGGTGGGGGGAGGCCTTGCCTGG,0,sg8
GACACCGAAGCAGAGTTTTTAGG,GAAATCCATGCAGAGTTTTTAAA,0,sg11
TGACATCAATTATTATACATCGG,CAATATCCATTGTTATACATCAG,0,sg10
CCTGCCTCCGCTCTACTCACTGG,CCTGCCTCCTATCCACTATCTTG,0,sg7
AAATGAGAAGAAGAGGCACAGGG,AAAGAAGAAGAAGAGTCAATGGG,0,sg9
TGACATCAATTATTATACATCGG,TGAGATCAATTATTATACGTGAT,0,sg10
AAATGAGAAGAAGAGGCACAGGG,AAGATGGAAGAAGAGGTGCAGGG,0,sg9
AACACCAGTGAGTAGAGCGGAGG,AACACCAGTTAGTTGGCCGGGCG,0,sg1
GGGTGGGGGGAGTTTGCTCCTGG,GGGTGGGGGGAGACAGGTGCTGC,0,sg8
GGGTGGGGGGAGTTTGCTCCTGG,GGGTGGGGGCGGGGGTCTCCTGG,0,sg8
CCTGCCTCCGCTCTACTCACTGG,CCTGCCTCCTCTAGACTCTCTCT,0,sg7
GGGTGGGGGGAGTTTGCTCCTGG,GGGTGGGGGGATTTTGACCACAG,0,sg8
AAATGAGAAGAAGAGGCACAGGG,AATGGAGAAACTGAGGCACAGGG,0,sg9
AAATGAGAAGAAGAGGCACAGGG,TAATGAGAAGAAGATGAAGAGTC,0,sg9
AAATGAGAAGAAGAGGCACAGGG,GAATGAGAAGAAGCAGAGCAAGG,0,sg9
ATGAACACCAGTGAGTAGAGCGG,ATGAACACCAATGGGAAGAACGG,0,sg6
GAATCCTAAAAACTCTGCTTCGG,TAGTCCTAGAAACTCTGCATTTG,0,sg12
GGGTGGGGGGAGTTTGCTCCTGG,GACTGGTGGTATTTTGCTCCTGC,0,sg8
GACACCGAAGCAGAGTTTTTAGG,AACCCGGAAGCAGAGGTTTCAGT,0,sg11
AAATGAGAAGAAGAGGCACAGGG,AAATGAGAAGGGGCTGCAGGGGG,0,sg9
AAATGAGAAGAAGAGGCACAGGG,AAATGAGAAGAAATTCCTCAGGA,0,sg9
GAATCCTAAAAACTCTGCTTCGG,TATTTCTAAAAACTCTCCTTTGA,0,sg12
AACACCAGTGAGTAGAGCGGAGG,AGGAGCAGTGAGTAGGGCAGAGA,0,sg1
AAATGAGAAGAAGAGGCACAGGG,AAATGAGAATGAAATGCCCAGGG,0,sg9
AAATGAGAAGAAGAGGCACAGGG,AAATGAGAAAATAAGGGATATGG,0,sg9
AAATGAGAAGAAGAGGCACAGGG,ATGGGGGAAGAAGAGGGACAGGA,0,sg9
AAATGAGAAGAAGAGGCACAGGG,GAGAGAGAAAGAGAGGCACAGGG,0,sg9
AAATGAGAAGAAGAGGCACAGGG,TTGTGAGAAGAATAGGGACAGGT,0,sg9
TGACATCAATTATTATACATCGG,TGACTTCAATTATTACAAACTTG,0,sg10
AATGACCACTACATCCTCAAGGG,AATCACTGCTATATCCTCAAGCC,0,sg5
AAATGAGAAGAAGAGGCACAGGG,AAAAAAGAAGAAGAGAGAGACGG,0,sg9
AAATGAGAAGAAGAGGCACAGGG,GATTGGGAAGAAGAGGGTCAGGA,0,sg9
GACACCGAAGCAGAGTTTTTAGG,TACACAGAAAATGAGTTTTTAGA,0,sg11
AAATGAGAAGAAGAGGCACAGGG,CAGGCAGAGAAAGAGGCACAGGG,0,sg9
CCTGCCTCCGCTCTACTCACTGG,TCTCCCTCCTCACTACTCACTTT,0,sg7
AAATGAGAAGAAGAGGCACAGGG,AAAAAAAAGAAAGAGGCACAGGG,0,sg9
AAATGAGAAGAAGAGGCACAGGG,GAATGAGAAGAAGAGACACCAGA,0,sg9
CCAGTGAGTAGAGCGGAGGCAGG,ACACAGAGTAGAGCGGAGCCCAG,0,sg2
TGACATCAATTATTATACATCGG,TGACATCAAAAACAATACATATG,0,sg10
GACACCGAAGCAGAGTTTTTAGG,TCCACGCAAGCAGAGTTTTTAAA,0,sg11
GGTCCTGCCGCTGCTTGTCATGG,GGTGCTGCCCTTGCTTGTCATAA,0,sg4
AACACCAGTGAGTAGAGCGGAGG,AACATCAGTGAGTAGAACTCAAG,0,sg1
CTTGCCCCACAGGGCAGTAACGG,CTTGCCCCAGAGGAAAGGGGCGG,0,sg3
AAATGAGAAGAAGAGGCACAGGG,GAGCAAGAAGAAGAGAGACAGGG,0,sg9
CTTGCCCCACAGGGCAGTAACGG,CTTGGCTCACAGGGCAGTGGCTC,0,sg3
GAATCCTAAAAACTCTGCTTCGG,GGTGACTAAGAACTCTGCTTCTG,0,sg12
GGGTGGGGGGAGTTTGCTCCTGG,ATGCTGGGGGAGTTTGGTCATGG,0,sg8
GGGTGGGGGGAGTTTGCTCCTGG,GGGTGGGGGGAGTGGGGTGCAGC,0,sg8
TGACATCAATTATTATACATCGG,TACTATCCATTATTATACATCTT,0,sg10
TGACATCAATTATTATACATCGG,TGATTTCAATTATTATGTATCAT,0,sg10
TGACATCAATTATTATACATCGG,TGACATCAAAAATTCAAAATGGG,0,sg10
AAATGAGAAGAAGAGGCACAGGG,AAAAAAGAAATGGAGGCACAGTG,0,sg9
CCTGCCTCCGCTCTACTCACTGG,CCTGCCTCCTCTGTAGTCATTGT,0,sg7
ATGAACACCAGTGAGTAGAGCGG,ATAACCACCAGTGAGTAATGCTA,0,sg6
GGGTGGGGGGAGTTTGCTCCTGG,ATCTTGGGGCAGTTTGCTCCTGT,0,sg8
CCAGTGAGTAGAGCGGAGGCAGG,CCAGTGAGTATAGAGTATGGAGT,0,sg2
CTTGCCCCACAGGGCAGTAACGG,CTCACCCCACAGGGCTTTCACGA,0,sg3
CCAGTGAGTAGAGCGGAGGCAGG,GCAGTGAGTAGAGGGGCTGCTGC,0,sg2
CTTGCCCCACAGGGCAGTAACGG,CGGGCCCCACAGGGCAGTGTGGC,0,sg3
GAATCCTAAAAACTCTGCTTCGG,TAATCTTAAAAACTCTGTAAAGG,0,sg12
ATGAACACCAGTGAGTAGAGCGG,ATGTAAACCTTGGAGTAGAGCTG,0,sg6
AAATGAGAAGAAGAGGCACAGGG,AAATGAGAAAAGGAGAAAAAAGG,0,sg9
AAATGAGAAGAAGAGGCACAGGG,AAATGAGAAGGACAGGCAAACCC,0,sg9
GGGTGGGGGGAGTTTGCTCCTGG,GGGTGGGGGGAGATCCCAGCTGG,0,sg8
CCTGCCTCCGCTCTACTCACTGG,TCTGTCTCTGCTCTACTCATCTG,0,sg7
ATGAACACCAGTGAGTAGAGCGG,CTGAGCTCCAGTGAGTAGGGATG,0,sg6
AAATGAGAAGAAGAGGCACAGGG,TAATAAGGAGAAGAGGCAGAGGA,0,sg9
CCTGCCTCCGCTCTACTCACTGG,ACTCCCTCTGCTCTACTCCCAGA,0,sg7
ATGAACACCAGTGAGTAGAGCGG,AAGAACACAAGAGAGTAGAGAGG,1,sg6
CTTGCCCCACAGGGCAGTAACGG,CTGGGCCCACAGGGCAGTGCTGC,0,sg3
AAATGAGAAGAAGAGGCACAGGG,AAAAGTGAAGAAGAGCCACGGCA,0,sg9
AAATGAGAAGAAGAGGCACAGGG,AAATGAGAAGCAGCCATAGAGGG,0,sg9
AAATGAGAAGAAGAGGCACAGGG,AAAGAGGAAGAAGAGAAACAGGA,0,sg9
AAATGAGAAGAAGAGGCACAGGG,AAGTGGGAAGAAGAGGCTGCCGG,0,sg9
TGACATCAATTATTATACATCGG,AGAGATCAGTTATTATACAACTG,0,sg10
GGGTGGGGGGAGTTTGCTCCTGG,GGGTGGGGGCAGGGTTGTGCTGG,0,sg8
GACACCGAAGCAGAGTTTTTAGG,CACACTGTCGTAGAGTTTTTAGT,0,sg11
AAATGAGAAGAAGAGGCACAGGG,TAGAGAGGAAAAGAGGCACAGAG,0,sg9
AAATGAGAAGAAGAGGCACAGGG,GAATGAGAAGACAAGCCACAGAC,0,sg9
GAATCCTAAAAACTCTGCTTCGG,GACACCTACAACCTCTGCTTCTC,0,sg12
CCAGTGAGTAGAGCGGAGGCAGG,GCAGGGATCAGAGCGGAGGCCGT,0,sg2
AAATGAGAAGAAGAGGCACAGGG,TAACGTGAAGAAGAGACACACGG,0,sg9
GGTCCTGCCGCTGCTTGTCATGG,GGTCCTGCCGAGCTGTGTCATTG,0,sg4
GAATCCTAAAAACTCTGCTTCGG,ACTTCCTAAAAACTGGGCTTTGG,0,sg12
AATGACCACTACATCCTCAAGGG,AAACACAGTTTCATCCTCAAGGG,0,sg5
GAATCCTAAAAACTCTGCTTCGG,GAATCCTAACTACTGTGCCTCCA,0,sg12
GAATCCTAAAAACTCTGCTTCGG,GAACACTTAAAGCTCTGCTTCTC,0,sg12
GACACCGAAGCAGAGTTTTTAGG,GAACTGGAAGCAGAGATTTTATG,0,sg11
TGACATCAATTATTATACATCGG,AAATATCAATTATTAAGCATAGG,0,sg10
TGACATCAATTATTATACATCGG,TGACATCAAGTATTATCCTTTTT,0,sg10
AAATGAGAAGAAGAGGCACAGGG,AAATGAGAAGAACAGCCCAAGAA,0,sg9
ATGAACACCAGTGAGTAGAGCGG,AGGAACACCAGTGAATAGGACCA,0,sg6
CCTGCCTCCGCTCTACTCACTGG,CCTGCCTCCGTCCAACTCTCGGT,0,sg7
CCTGCCTCCGCTCTACTCACTGG,CCTGCCTCCTCCCTGGTCCCAGG,0,sg7
CTTGCCCCACAGGGCAGTAACGG,CCTGCCCCACAGCCCCGCAAGGG,0,sg3
CTTGCCCCACAGGGCAGTAACGG,GTTATGCCACAGGGCAGTGAAGG,0,sg3
GGGTGGGGGGAGTTTGCTCCTGG,GGGGTGGTTGAGTTTGCTCCAGT,0,sg8
AATGACCACTACATCCTCAAGGG,AAATACCACTACATCATTAAGTC,0,sg5
GAATCCTAAAAACTCTGCTTCGG,GCAGACTAAAAACTCTCATTCTG,0,sg12
GGTCCTGCCGCTGCTTGTCATGG,TGTCCGGCCGCAGCTTGTCATTT,0,sg4
CTTGCCCCACAGGGCAGTAACGG,GTTGCTCCACAGGGCACGTACTG,0,sg3
GGTCCTGCCGCTGCTTGTCATGG,CGTCTGGCCGCTGCTTGCCCAGG,0,sg4
CCAGTGAGTAGAGCGGAGGCAGG,CCAGTGAGTCCAGGGGGTCCAGG,0,sg2
AAATGAGAAGAAGAGGCACAGGG,TTATGAGAAGAATAATCAAAGGG,0,sg9
GGTCCTGCCGCTGCTTGTCATGG,GGTGCTGATGCTGCTTGTCCTTG,0,sg4
TGACATCAATTATTATACATCGG,TATCATAGATTATTATACATAAG,0,sg10
AAATGAGAAGAAGAGGCACAGGG,TAATTACCTGAAGAGGCACAGGA,0,sg9
GGGTGGGGGGAGTTTGCTCCTGG,GGGTGGGGGGCGTCTCCTACGGC,0,sg8
AATGACCACTACATCCTCAAGGG,AATGACCACTAAATGCTGCACGT,0,sg5
AAATGAGAAGAAGAGGCACAGGG,AAATGAGAAGAATGAGCCTGGGG,0,sg9
CCAGTGAGTAGAGCGGAGGCAGG,GCAGAGAGTAGAGCGGAAGGAAG,0,sg2
CCTGCCTCCGCTCTACTCACTGG,CCTCCGTCCGCTCTACTGTCCGC,0,sg7
ATGAACACCAGTGAGTAGAGCGG,ATGAACACCAGTGGGTTCTGCCC,0,sg6
AAATGAGAAGAAGAGGCACAGGG,AACAGGGAAGCTGAGGCACAGAG,0,sg9
GAATCCTAAAAACTCTGCTTCGG,AAACCCCTAAAACTCTGCTTCTT,0,sg12
GACACCGAAGCAGAGTTTTTAGG,AATACAGGAACAGAGTTTTTATG,0,sg11
AAATGAGAAGAAGAGGCACAGGG,AGATGGGAAGAAGAGAGAAAAGG,0,sg9
TGACATCAATTATTATACATCGG,TGACATCAATTCTTAGTTTTCAG,0,sg10
AAATGAGAAGAAGAGGCACAGGG,AAATGAGAAAAATACTCACATTG,0,sg9
TGACATCAATTATTATACATCGG,TTACATCAATTATTGTTTATGGG,0,sg10
AAATGAGAAGAAGAGGCACAGGG,AAATGAGAAGAAAATACACAATG,0,sg9
GGGTGGGGGGAGTTTGCTCCTGG,GGGTGGGGGGGTGGTGCTTCTAG,0,sg8
AAATGAGAAGAAGAGGCACAGGG,AATATGGAAGAAGAGGTTCAGGG,0,sg9
CTTGCCCCACAGGGCAGTAACGG,CTTTCCCCACAGGGCTGTCCCAT,0,sg3
AAATGAGAAGAAGAGGCACAGGG,ATAGCAGGAGAGGAGGCACAGGT,0,sg9
AACACCAGTGAGTAGAGCGGAGG,CACACCAGTGAGTAGGAGTGGGG,0,sg1
GGTCCTGCCGCTGCTTGTCATGG,GGTCCTGCCACAGCCGGTTCTGG,0,sg4
CCTGCCTCCGCTCTACTCACTGG,CCTGCCTCCTCTCTGGGCCCTGC,0,sg7
GACACCGAAGCAGAGTTTTTAGG,TATAAAGAAGCAGAGTTTTTATG,0,sg11
GGTCCTGCCGCTGCTTGTCATGG,GCTGCTGCTGCTGCTTGTCTGGG,0,sg4
AAATGAGAAGAAGAGGCACAGGG,AGCTCAGAAGGGGAGGCACAGGG,0,sg9
GACACCGAAGCAGAGTTTTTAGG,TACTCCTAAACAGAGTTTTTAAG,0,sg11
AAATGAGAAGAAGAGGCACAGGG,AAATAAGAAGAAGAGGGAGAAAA,0,sg9
CTTGCCCCACAGGGCAGTAACGG,AATGTTCCACAGGGCAGTAAAAG,0,sg3
AAATGAGAAGAAGAGGCACAGGG,AAATGAGAATCAGAGATAAATGG,0,sg9
AAATGAGAAGAAGAGGCACAGGG,GGATGCCAAGAAGAGGCAGAGAG,0,sg9
AATGACCACTACATCCTCAAGGG,TTTGACCACTACATTCTAAGGAG,0,sg5
AAATGAGAAGAAGAGGCACAGGG,AAAACTCAAGAAGAGGCACAGAA,0,sg9
GACACCGAAGCAGAGTTTTTAGG,TACAAAGAAGCAGAGGTCTTATG,0,sg11
CTTGCCCCACAGGGCAGTAACGG,CTTGCCCCAGAGGTCAGGGAAGC,0,sg3
GGGTGGGGGGAGTTTGCTCCTGG,GGGTGGGGGTGATTGGATCATGG,0,sg8
GGGTGGGGGGAGTTTGCTCCTGG,GGGTGGGGGGGCTCTCTTCCTGT,0,sg8
GGGTGGGGGGAGTTTGCTCCTGG,GGGTGGGGGGGGTGCACGCCTGT,0,sg8
AAATGAGAAGAAGAGGCACAGGG,AAATGAGAAGTGGAGTAACAACG,0,sg9
GAATCCTAAAAACTCTGCTTCGG,TATTCCTAAAAACTAAGTTTCAG,0,sg12
GAATCCTAAAAACTCTGCTTCGG,AAATCCTAAAAATTATGCTTTTC,0,sg12
CCTGCCTCCGCTCTACTCACTGG,CCTGCCTCCTCCCCGCTCGCGGG,0,sg7
TGACATCAATTATTATACATCGG,TTTCATCAATTAGAATAGATCAG,0,sg10
AAATGAGAAGAAGAGGCACAGGG,AAAAGTCAGGAAGAGGCAGAGGT,0,sg9
GACACCGAAGCAGAGTTTTTAGG,GACACAGAAGCAGAGAAGGAAGG,0,sg11
TGACATCAATTATTATACATCGG,TAATTTCAGTTATTATACTTTGG,0,sg10
AAATGAGAAGAAGAGGCACAGGG,AAATTATAGGAGGAGGCACAGGT,0,sg9
AAATGAGAAGAAGAGGCACAGGG,TAATGAGAAGAAGAAGAAGAGGG,0,sg9
AAATGAGAAGAAGAGGCACAGGG,AGGAAAGAAGAAGAGTAACAGGG,0,sg9
CCTGCCTCCGCTCTACTCACTGG,ACTGCCTCCGCTCACCTCACAAA,0,sg7
TGACATCAATTATTATACATCGG,TTATAAAAATTATTATACATCAT,0,sg10
CCTGCCTCCGCTCTACTCACTGG,CCTGCCTCCTCTCTTATCTCTTT,0,sg7
AAATGAGAAGAAGAGGCACAGGG,TGTTCAGAAGAAGAGCCAGAGGG,0,sg9
TGACATCAATTATTATACATCGG,TGACATCAATTTTTGAATCTAGG,0,sg10
AAATGAGAAGAAGAGGCACAGGG,AAAGGTGAAGAAGAGGCCCACTA,0,sg9
GGTCCTGCCGCTGCTTGTCATGG,AATACTTCAGCTGCTTGTCATGG,0,sg4
AAATGAGAAGAAGAGGCACAGGG,AAGTGAGAAGAAGGGGCCGGGTG,0,sg9
AAATGAGAAGAAGAGGCACAGGG,AGATGAGAAGAAACGGTCCAGGG,0,sg9
GACACCGAAGCAGAGTTTTTAGG,ATAACAGAAGCAGAGTTTTCGGG,0,sg11
CTTGCCCCACAGGGCAGTAACGG,ATGGCCCCACAGAGCAGCAAGAG,0,sg3
GAATCCTAAAAACTCTGCTTCGG,TATTCCTAAAAATTCTGATTCTC,0,sg12
CTTGCCCCACAGGGCAGTAACGG,TTGGACCCACAGGGCTGTACCGC,0,sg3
GAATCCTAAAAACTCTGCTTCGG,TATTCATAAAAACTCGGCTTTGG,0,sg12
CTTGCCCCACAGGGCAGTAACGG,GTGGCCCCACAGGGATGTAGAGG,0,sg3
AAATGAGAAGAAGAGGCACAGGG,AATTGAGAAGAAGAGGGAAATAA,0,sg9
ATGAACACCAGTGAGTAGAGCGG,CAGAACACCAGTGACTAAACAGG,0,sg6
CTTGCCCCACAGGGCAGTAACGG,CTGGACCCACAGGGCAGGGCAGG,0,sg3
TGACATCAATTATTATACATCGG,TGGAATGAATTATTATACAACCT,0,sg10
AAATGAGAAGAAGAGGCACAGGG,GAGTCAGAGCTAGAGGCACAGGG,0,sg9
AAATGAGAAGAAGAGGCACAGGG,AATGGGGAAACCGAGGCACAGGG,0,sg9
AAATGAGAAGAAGAGGCACAGGG,ATTATAGAAGCCGAGGCACAGGG,0,sg9
AAATGAGAAGAAGAGGCACAGGG,AAATGAGAAGAATATCCGCAGGG,0,sg9
CTTGCCCCACAGGGCAGTAACGG,ACTGCCCCACAGGGCAGGAGCCT,0,sg3
GGGTGGGGGGAGTTTGCTCCTGG,GTGTGGGGGGAGCATATTCCAGG,0,sg8
CCAGTGAGTAGAGCGGAGGCAGG,CCAGTGAGTTGGCCAGAGGCTGG,0,sg2
TGACATCAATTATTATACATCGG,TATCATGAATAATTATACATCAT,0,sg10
GAATCCTAAAAACTCTGCTTCGG,GAAAACTAAAAACTCTGCATTGC,0,sg12
GGGTGGGGGGAGTTTGCTCCTGG,AGGAAGGGGGAGTTTGCTGCTGC,0,sg8
ATGAACACCAGTGAGTAGAGCGG,TTGACCCTCAGTGAGTAGAAGGG,0,sg6
GGGTGGGGGGAGTTTGCTCCTGG,GGGTGGGGGGTGTGTGCACTGGT,0,sg8
AAATGAGAAGAAGAGGCACAGGG,GACTGTGAAGGCGAGGCACAGAG,0,sg9
CTTGCCCCACAGGGCAGTAACGG,TCTGCCCCACAGGCCAGGAAGGG,0,sg3
CTTGCCCCACAGGGCAGTAACGG,ATTCCCTAACAGGGCAGTAAGAG,0,sg3
AAATGAGAAGAAGAGGCACAGGG,AAATCAGAAGAAGAGGAGCAGAT,0,sg9
AAATGAGAAGAAGAGGCACAGGG,AGCTTAGGGGAAGAGGCACAGGC,0,sg9
AACACCAGTGAGTAGAGCGGAGG,AGCACCAGTGAGCTGAGATGAGG,0,sg1
GACACCGAAGCAGAGTTTTTAGG,GAGAAAGAAGCAGAGCTCTTAGT,0,sg11
GGGTGGGGGGAGTTTGCTCCTGG,GAGGGCGGGGAGTTTGCTACTGG,0,sg8
GAATCCTAAAAACTCTGCTTCGG,CATCCCTACAAACTCTGCTTCCA,0,sg12
AAATGAGAAGAAGAGGCACAGGG,TATGAAGAAGAAGAGACATAGGG,0,sg9
GAATCCTAAAAACTCTGCTTCGG,AAAACGTAAAAACTCTGTTTCAA,0,sg12
GAATCCTAAAAACTCTGCTTCGG,TTATCCTTAAAACTCTGCTCCCC,0,sg12
AAATGAGAAGAAGAGGCACAGGG,AGAAATGAAGAAGAGGAAGAGGG,0,sg9
GACACCGAAGCAGAGTTTTTAGG,GGCAAGGAAGCAGAGTATCTATG,0,sg11
AATGACCACTACATCCTCAAGGG,AACTAGCATAACATCCTCAAGGT,0,sg5
AAATGAGAAGAAGAGGCACAGGG,AAGTGAGGAGAAGAGGCAGTGGG,0,sg9
GGGTGGGGGGAGTTTGCTCCTGG,AGGTACTGGGAGTTTGCTGTTGG,0,sg8
CCAGTGAGTAGAGCGGAGGCAGG,CATGTGAGTAGAGCCCAAGGAGG,0,sg2
CCTGCCTCCGCTCTACTCACTGG,TCTGCTTACTCTCTACTCACTGA,0,sg7
ATGAACACCAGTGAGTAGAGCGG,CTCAAGACCAGTGAGTAGGATGG,0,sg6
TGACATCAATTATTATACATCGG,TAAAACCAATTATTATAAATCCT,0,sg10
CCAGTGAGTAGAGCGGAGGCAGG,CCAGTGAGTACAGAGTTGGCAAT,0,sg2
AACACCAGTGAGTAGAGCGGAGG,CACAACAGTGAGTAGAGAGGCAT,0,sg1
AAATGAGAAGAAGAGGCACAGGG,ACATGAGAAGAAGTGGTCTGGGG,0,sg9
AAATGAGAAGAAGAGGCACAGGG,AAATGAGAATAATAAGCTCAGTG,0,sg9
AAATGAGAAGAAGAGGCACAGGG,AGAAGAGGAGGAGACGCACATGG,0,sg9
ATGAACACCAGTGAGTAGAGCGG,TTAAACATCACAGAGTAGAGCTG,0,sg6
ATGAACACCAGTGAGTAGAGCGG,AAGAACACCAGTGATTGGATTAG,0,sg6
ATGAACACCAGTGAGTAGAGCGG,ATTAACACCAGTCAGAATGGCGA,0,sg6
AAATGAGAAGAAGAGGCACAGGG,AAGAGAGAAGAAGAGATAGAGGA,0,sg9
GGGTGGGGGGAGTTTGCTCCTGG,TGGGGGTGGGAGTTTGCTCCAAA,0,sg8
GGGTGGGGGGAGTTTGCTCCTGG,TCCTGGGGGGAGTTGGCTCCTTC,0,sg8
AAATGAGAAGAAGAGGCACAGGG,AGGGGAGAAGAAGAGGGAGAGAG,0,sg9
GGTCCTGCCGCTGCTTGTCATGG,TCTCTTGCCCATGCTTGTCATTG,0,sg4
AAATGAGAAGAAGAGGCACAGGG,GGAAAAAAAGAAGAGGCACAAGG,0,sg9
GGGTGGGGGGAGTTTGCTCCTGG,GGGTGGGGGCCGTGAGGTCCAGG,0,sg8
GGGTGGGGGGAGTTTGCTCCTGG,GGGTGGGGGGAGTATAGACGTGA,0,sg8
AACACCAGTGAGTAGAGCGGAGG,GACACCAGTGAGCAGGGCCTGGG,0,sg1
CTTGCCCCACAGGGCAGTAACGG,CCTGAGCCACAGGGCAGTATGGT,0,sg3
AAATGAGAAGAAGAGGCACAGGG,GAAGGAGAAGAAGAGGCAAGGCA,0,sg9
GACACCGAAGCAGAGTTTTTAGG,GACACTTCAGGAGAGTTTTTAAG,0,sg11
CCTGCCTCCGCTCTACTCACTGG,TCTTTCTTTTCTCTACTCACTGG,0,sg7
TGACATCAATTATTATACATCGG,TCACATCAATTACTATATAATGA,0,sg10
GAATCCTAAAAACTCTGCTTCGG,GAATCCTAAAGAATCTCATTCAA,0,sg12
AAATGAGAAGAAGAGGCACAGGG,AAGCATGAGGAAGAGGCACAGGG,0,sg9
ATGAACACCAGTGAGTAGAGCGG,AAGAATATCAGTGAGTAGTGCAG,0,sg6
ATGAACACCAGTGAGTAGAGCGG,AAGAACACCAGTGAATGAAGAGA,0,sg6
AAATGAGAAGAAGAGGCACAGGG,AATTGAGAATTCGAGGCACAGTG,0,sg9
AAATGAGAAGAAGAGGCACAGGG,AAATGAGAAGAGAAGGGAGGGGA,0,sg9
CCAGTGAGTAGAGCGGAGGCAGG,CCAGTGAGTAGAGCGGTCAGAAC,0,sg2
GAATCCTAAAAACTCTGCTTCGG,CCATCCTAAAAATACTGCTTTTG,0,sg12
CTTGCCCCACAGGGCAGTAACGG,CCGGCCCCACAGGGCAGCATTTG,0,sg3
GGGTGGGGGGAGTTTGCTCCTGG,GGGTGGGGGTTCTCAGCCCCTGG,0,sg8
GGGTGGGGGGAGTTTGCTCCTGG,GGGTGGGGGTAGTTTACTAAGGA,0,sg8
AAATGAGAAGAAGAGGCACAGGG,AAATGAGAAGAAGAAAAGCAGGG,0,sg9
GGTCCTGCCGCTGCTTGTCATGG,GGTCCTGCCTCAGTTTGTTATAC,0,sg4
GAATCCTAAAAACTCTGCTTCGG,TACACATACAAACTCTGCTTCAG,0,sg12
AATGACCACTACATCCTCAAGGG,AAGGAACACTACATCCTCACGTG,0,sg5
GGGTGGGGGGAGTTTGCTCCTGG,TTGGGTGGGGAGTTTGGGCCTGG,0,sg8
GGGTGGGGGGAGTTTGCTCCTGG,GGGTGGGGGAAGGTAGCTCCAGG,0,sg8
AAATGAGAAGAAGAGGCACAGGG,GAAGGAGCAGAAGAGGCAGAGAT,0,sg9
AAATGAGAAGAAGAGGCACAGGG,AACAAAGAAGAAGAGGAAGAGGG,0,sg9
AAATGAGAAGAAGAGGCACAGGG,ACAGCTGAAGAAGAGGCACCTGG,0,sg9
AAATGAGAAGAAGAGGCACAGGG,AAATGAGAAGGAGAGCAAGAGGG,0,sg9
TGACATCAATTATTATACATCGG,TGACATCAATGCTTAAACATTCA,0,sg10
AAATGAGAAGAAGAGGCACAGGG,GAAAGTGAGGAAGAGGCATGGGG,0,sg9
CTTGCCCCACAGGGCAGTAACGG,CTTTTATCACAGGGCAGTCAGGG,0,sg3
AACACCAGTGAGTAGAGCGGAGG,AACAGCAGTGAGTAGATGGAACT,0,sg1
GGGTGGGGGGAGTTTGCTCCTGG,GGGTGGGGGGAGACTGTGTGTGG,0,sg8
AATGACCACTACATCCTCAAGGG,AATGTCTTCAATATCCTCAAGGC,0,sg5
TGACATCAATTATTATACATCGG,TGACATCAAGGGACATACATCAG,0,sg10
CCAGTGAGTAGAGCGGAGGCAGG,GGGGTGAGTAGAGCGGAGGGGGC,0,sg2
AAATGAGAAGAAGAGGCACAGGG,AAATGAGAAGAGAAAAAACTGGG,0,sg9
TGACATCAATTATTATACATCGG,AACCATCAATTATGATACATTGG,0,sg10
GGGTGGGGGGAGTTTGCTCCTGG,GGGTGGGGGGAGGTTGCCCAGAT,0,sg8
AAATGAGAAGAAGAGGCACAGGG,AAAGCAGAAGAAGAGACCAAGGT,0,sg9
CCAGTGAGTAGAGCGGAGGCAGG,CTAGTGAGTAGAGGCCAGGAAAG,0,sg2
GAATCCTAAAAACTCTGCTTCGG,GAATCCTAAAAATTATGTTTCAG,0,sg12
AAATGAGAAGAAGAGGCACAGGG,GGGTGAAATGGAGAGGCACAGGG,0,sg9
GAATCCTAAAAACTCTGCTTCGG,GAATGAGAAAAACTCTGCATCAT,0,sg12
GGGTGGGGGGAGTTTGCTCCTGG,GGGTGGGGGCAGGCCGAGCCTGG,0,sg8
AAATGAGAAGAAGAGGCACAGGG,AAAGAGGAAGAAGAGGAGGAGGG,0,sg9
TGACATCAATTATTATACATCGG,TGACATCAAAAATTTTAAATGTG,0,sg10
AACACCAGTGAGTAGAGCGGAGG,GGGACCAGTGAGAGGAGCTGAGG,0,sg1
GGTCCTGCCGCTGCTTGTCATGG,GGACCTGCCGCTCCGTGGGCTGG,0,sg4
CTTGCCCCACAGGGCAGTAACGG,CTTGCCCCAGAGGGTAGTTGCAA,0,sg3
AAATGAGAAGAAGAGGCACAGGG,AAATGAGAAGCTGAGGCTCAGGG,0,sg9
AAATGAGAAGAAGAGGCACAGGG,GAGAGAAAGGAAGAGGCAGAGGG,0,sg9
GAATCCTAAAAACTCTGCTTCGG,ACATCCTTCCAACTCTGCTTCTG,0,sg12
CTTGCCCCACAGGGCAGTAACGG,CTCTCCCCACAGGGCAGCAGCAA,0,sg3
AAATGAGAAGAAGAGGCACAGGG,AAATGAGAAAATTAGACACTGTG,0,sg9
CCTGCCTCCGCTCTACTCACTGG,CCTGCCTCCCCTCCACACATATG,0,sg7
CCTGCCTCCGCTCTACTCACTGG,ACTGCCTCCGCTCCGTCCACTCG,0,sg7
GGGTGGGGGGAGTTTGCTCCTGG,AGGTGGGGGGAGTGGGAGCTTGG,0,sg8
GAATCCTAAAAACTCTGCTTCGG,CAGCCCTGAAAACTCTGCTTTGT,0,sg12
GGTCCTGCCGCTGCTTGTCATGG,GGTCCTGCAGCTGCTTGTTAAGC,0,sg4
AAATGAGAAGAAGAGGCACAGGG,AAATGAGAAGAGAATGAACAGCC,0,sg9
CCAGTGAGTAGAGCGGAGGCAGG,TCAGTGAGTAGAGGAGATGGAGA,0,sg2
ATGAACACCAGTGAGTAGAGCGG,CAGAACACCAGTGAGTACAGTTG,0,sg6
CCTGCCTCCGCTCTACTCACTGG,CCTGCCTCCTCTCTTCTTAAAGG,0,sg7
AATGACCACTACATCCTCAAGGG,AATGCCCACTACATCTGCAAGAA,0,sg5
CTTGCCCCACAGGGCAGTAACGG,CAGGCCCCACAGGGCCACAACAG,0,sg3
AAATGAGAAGAAGAGGCACAGGG,AAAGGGACAGAAGAGGCAGACGG,0,sg9
CCAGTGAGTAGAGCGGAGGCAGG,GCAGTTGGCTAAGCGGAGGCAGG,0,sg2
AACACCAGTGAGTAGAGCGGAGG,CAGACCAGTGAGGAGAACTGAAG,0,sg1
AAATGAGAAGAAGAGGCACAGGG,ACATGTGAAGAAGAGGGACCTGC,0,sg9
AAATGAGAAGAAGAGGCACAGGG,AAATGAGAATAAGTGGTGAAGGG,0,sg9
AAATGAGAAGAAGAGGCACAGGG,AAATGAGAAAGAGAGACAGGGGA,0,sg9
GAATCCTAAAAACTCTGCTTCGG,TTATTCTAAAATCTCTGCTTCCC,0,sg12
CCTGCCTCCGCTCTACTCACTGG,CCTGCCTCCTCTCCCATGAGTGG,0,sg7
AAATGAGAAGAAGAGGCACAGGG,AAATGAGAAAACCAGGCACAGAG,0,sg9
GGGTGGGGGGAGTTTGCTCCTGG,TGGTTGGGGGAGTTTGCAGGTTG,0,sg8
GGGTGGGGGGAGTTTGCTCCTGG,GGGTGGGGGAAGCGGGTTCCAGG,0,sg8
AAATGAGAAGAAGAGGCACAGGG,GGATGAGAAGAAGAGTGTCAGGG,0,sg9
AACACCAGTGAGTAGAGCGGAGG,AACACCAGTGCAGAGAACAGAAG,0,sg1
AAATGAGAAGAAGAGGCACAGGG,AAATGAGAACAAGAGACACATAG,0,sg9
CCTGCCTCCGCTCTACTCACTGG,GCCTCCTCTACTCTACTCCCTGG,0,sg7
AATGACCACTACATCCTCAAGGG,AATGACCACTACTGCCTACAGGA,0,sg5
GAATCCTAAAAACTCTGCTTCGG,GAGTTCTGAAGTCTCTGCTTCAG,0,sg12
AAATGAGAAGAAGAGGCACAGGG,TAGAGAGAAGAAGAGGACCTGGG,0,sg9
GACACCGAAGCAGAGTTTTTAGG,GACACTGAAGCAGTGATTTTAGG,1,sg11
CCAGTGAGTAGAGCGGAGGCAGG,GCAATTTGGAAAGCGGAGGCAGG,0,sg2
ATGAACACCAGTGAGTAGAGCGG,CTGACCATGAGTGAGTAGAGGGG,0,sg6
CTTGCCCCACAGGGCAGTAACGG,ATTGCCCCACAGTGTAGTGTCAG,0,sg3
GGGTGGGGGGAGTTTGCTCCTGG,GGGTGGGGGGTGTATGCTGGCTG,0,sg8
TGACATCAATTATTATACATCGG,TTATCTGACTTATTATACATCTG,0,sg10
GAATCCTAAAAACTCTGCTTCGG,GAATCCTAAAAACAATGTTCAAG,0,sg12
AAATGAGAAGAAGAGGCACAGGG,AAATGAGAAAATGAGGCCCTGAA,0,sg9
CCTGCCTCCGCTCTACTCACTGG,TCTCCCTTTCCCCTACTCACTGG,0,sg7
AAATGAGAAGAAGAGGCACAGGG,AAATGAGAAGGAGAGGTTTAAGA,0,sg9
CCTGCCTCCGCTCTACTCACTGG,CATGGCTCTGCTCTACTCAGTGT,0,sg7
GGGTGGGGGGAGTTTGCTCCTGG,GGGTGGGGGGTGATTGTAACTGG,0,sg8
AAATGAGAAGAAGAGGCACAGGG,AAAAGAGGGGAAGAGGCACAGAG,0,sg9
AAATGAGAAGAAGAGGCACAGGG,GAAAGAGAAGAAGAGAGACAGAA,0,sg9
AAATGAGAAGAAGAGGCACAGGG,GAAGGGGCAAAAGAGGCACAGGG,0,sg9
GACACCGAAGCAGAGTTTTTAGG,TACACTGATGCAGAGTTTTAAAA,0,sg11
GAATCCTAAAAACTCTGCTTCGG,GGATCTGAAACCCTCTGCTTCTG,0,sg12
AAATGAGAAGAAGAGGCACAGGG,AAATGAGAATTAAAGCCATAGGT,0,sg9
CCTGCCTCCGCTCTACTCACTGG,CCTGCCTCCCCTCTGTGCATCGG,0,sg7
AAATGAGAAGAAGAGGCACAGGG,AGGTCAGGAGAAGAGGCAGAGTG,0,sg9
CTTGCCCCACAGGGCAGTAACGG,TTTGGGCCACAGGGCAGTTTTGG,0,sg3
TGACATCAATTATTATACATCGG,TGACTTCACTTATGATACATGGG,1,sg10
GGGTGGGGGGAGTTTGCTCCTGG,GGGGTGGGGGATGTTGCTACTGA,0,sg8
GGTCCTGCCGCTGCTTGTCATGG,GGCCCTGCCGCTGCATGACATGG,1,sg4
CTTGCCCCACAGGGCAGTAACGG,CTTGGCCCACAGGGCAGCCAGCT,0,sg3
GACACCGAAGCAGAGTTTTTAGG,GACACCGAAGCAGCCTGCTTATT,0,sg11
GACACCGAAGCAGAGTTTTTAGG,TTCATCAAAGGAGAGTTTTTAGT,0,sg11
TGACATCAATTATTATACATCGG,ACACATCCTTTATTATACATAGA,0,sg10
AAATGAGAAGAAGAGGCACAGGG,AAATGAGAAGAAGGGGCTCAGAT,0,sg9
GGTCCTGCCGCTGCTTGTCATGG,CTTCCTCTCTCAGCTTGTCATGG,0,sg4
AAATGAGAAGAAGAGGCACAGGG,AAATGAGAAAGAGAGACACAGAG,0,sg9
AAATGAGAAGAAGAGGCACAGGG,AAATGAGAACACGTGGTACTTGG,0,sg9
GGGTGGGGGGAGTTTGCTCCTGG,GGTTGGGGGGAGAGTGGTCAGGG,0,sg8
AAATGAGAAGAAGAGGCACAGGG,GAAGAGGAAGAAGAGGGGCAGGG,0,sg9
AAATGAGAAGAAGAGGCACAGGG,CAAGGGGATGGGGAGGCACAGGG,0,sg9
AAATGAGAAGAAGAGGCACAGGG,GAAAGAGAAGAAGAGGAAGAAGC,0,sg9
AAATGAGAAGAAGAGGCACAGGG,AAATGAGAAGAGAAGCCACTGGA,0,sg9
AATGACCACTACATCCTCAAGGG,AATCCCCACCCCATCCTCAAGGG,0,sg5
GAATCCTAAAAACTCTGCTTCGG,GAATCCTAAGACCTTTCCTTGGT,0,sg12
AAATGAGAAGAAGAGGCACAGGG,AGGTGAGAAGAAAAGGAAAAGGA,0,sg9
ATGAACACCAGTGAGTAGAGCGG,ATGATTTTCAGTGAGTAGAGAGC,0,sg6
AAATGAGAAGAAGAGGCACAGGG,AAATGAGAACAAGAGCCAGAGAG,0,sg9
AAATGAGAAGAAGAGGCACAGGG,AAGTGGCTAAAAGAGGCACAGGT,0,sg9
GAATCCTAAAAACTCTGCTTCGG,TATCCTTAAAAACTCTGCTTCCC,0,sg12
CCTGCCTCCGCTCTACTCACTGG,CCTGCCTCCTGTCAGATCACAGG,0,sg7
TGACATCAATTATTATACATCGG,TGACATGATTTATTATACAAAAT,0,sg10
GGGTGGGGGGAGTTTGCTCCTGG,GGGTGGGGGGTGATGGCTAAGGG,0,sg8
CTTGCCCCACAGGGCAGTAACGG,CTTGAGCCACAGGGCAGCCATGT,0,sg3
AAATGAGAAGAAGAGGCACAGGG,ACTTGGGAGGATGAGGCACAGAG,0,sg9
AATGACCACTACATCCTCAAGGG,AATGACCACCACTGGACCAAGGG,0,sg5
CTTGCCCCACAGGGCAGTAACGG,CTGGCTGCTCAGGGCAGTCATGG,0,sg3
AAATGAGAAGAAGAGGCACAGGG,TAATCTGAAGAAGAGGAATAGTG,0,sg9
GGGTGGGGGGAGTTTGCTCCTGG,GGGTGGGGGGAATTGGCATCTTT,0,sg8
ATGAACACCAGTGAGTAGAGCGG,TTGAGGAGCAGTGAGTAGAGGGA,0,sg6
GGGTGGGGGGAGTTTGCTCCTGG,GGGTGGGGGGAATGTTCCAATGG,0,sg8
AAATGAGAAGAAGAGGCACAGGG,AAATGAGAAAAAGTGGCATAAAT,0,sg9
GAATCCTAAAAACTCTGCTTCGG,TCAGCCTAGCAACTCTGCTTCAG,0,sg12
CCTGCCTCCGCTCTACTCACTGG,CCTCCCTGGCCTCTACTCACTAG,0,sg7
AACACCAGTGAGTAGAGCGGAGG,AACACCAGTATGTAGAGTGCAGT,0,sg1
CTTGCCCCACAGGGCAGTAACGG,CCCTCCCCACAGGGCAGTGATGA,0,sg3
GAATCCTAAAAACTCTGCTTCGG,AACTCCTAAAAATTCTAATTTGG,0,sg12
GGGTGGGGGGAGTTTGCTCCTGG,GGGTTGGGTGAGTTTGCTGAAAG,0,sg8
GACACCGAAGCAGAGTTTTTAGG,TCCACCGAAGCAACATTTCTAGG,0,sg11
GGTCCTGCCGCTGCTTGTCATGG,GGTCCTGGCGCTGCTTCTCCAGG,1,sg4
AAATGAGAAGAAGAGGCACAGGG,AAATGAGAAGTAGAGGGAATTTG,0,sg9
TGACATCAATTATTATACATCGG,AAACATCAATTATTGAATCTCGG,0,sg10
CCTGCCTCCGCTCTACTCACTGG,CCTGCCTCCCTTATATTCTCAGG,0,sg7
AAATGAGAAGAAGAGGCACAGGG,AGATGAGAAGAAGTAGGTCAGTG,0,sg9
AAATGAGAAGAAGAGGCACAGGG,AAAATGGAAGAAGAGGAACTGGA,0,sg9
AAATGAGAAGAAGAGGCACAGGG,CCATCCGAAGAAGAGGCACAGAT,0,sg9
GGTCCTGCCGCTGCTTGTCATGG,GGTCCTGCCCCTCCCTCTCCTGG,0,sg4
GACACCGAAGCAGAGTTTTTAGG,GGAACCGTAAAAGAGTTTTTAGT,0,sg11
AATGACCACTACATCCTCAAGGG,ACTTAGCACAATATCCTCAAGGC,0,sg5
TGACATCAATTATTATACATCGG,TCACATCAATTATATGACATGAG,0,sg10
AAATGAGAAGAAGAGGCACAGGG,AACTTTAAAGAAGAGGCACAGAA,0,sg9
AAATGAGAAGAAGAGGCACAGGG,AAATAGAAAGAAGAGGCAAACAG,0,sg9
CCTGCCTCCGCTCTACTCACTGG,CATGCCTCCGCTTTACATACGGA,0,sg7
CCTGCCTCCGCTCTACTCACTGG,CCTGCAGCCTCCCTACTCACTCT,0,sg7
AAATGAGAAGAAGAGGCACAGGG,AAATCAGATGAAGAGGCATGGGA,0,sg9
TGACATCAATTATTATACATCGG,CTTCAACAATTATTATACATCAA,0,sg10
AATGACCACTACATCCTCAAGGG,AATTCCTACTACATCCTCAGAGT,0,sg5
TGACATCAATTATTATACATCGG,TACCATCAATTATTGAACATTGA,0,sg10
CCTGCCTCCGCTCTACTCACTGG,CCTGCCTCCCCTTCCTTCACTGG,0,sg7
GGGTGGGGGGAGTTTGCTCCTGG,GGGTGGGGGGTGGTTGGTAATTG,0,sg8
CCTGCCTCCGCTCTACTCACTGG,CTTGCTGCCACTCTACTCACTCT,0,sg7
GAATCCTAAAAACTCTGCTTCGG,GCATCCTAAAAACTTTTCATCCT,0,sg12
AAATGAGAAGAAGAGGCACAGGG,AAGTGAGAGGAAGAGGCAGAGAT,0,sg9
AAATGAGAAGAAGAGGCACAGGG,AGATTAGAAGAAGAGAGAAAAGG,0,sg9
AATGACCACTACATCCTCAAGGG,AATGACCACTCCATTTTCCACTG,0,sg5
GGGTGGGGGGAGTTTGCTCCTGG,GACTGGGGGGAGGTTGGTACAGG,0,sg8
AAATGAGAAGAAGAGGCACAGGG,GAATGAGAAGAAGGGGGAAAAGA,0,sg9
AAATGAGAAGAAGAGGCACAGGG,ACAATAGAAGAAGAGGCTCAGAG,0,sg9
AAATGAGAAGAAGAGGCACAGGG,AATTGAGAAGAAAAGGGAAAGGT,0,sg9
AAATGAGAAGAAGAGGCACAGGG,AAAAGAGAAGCTGAGGCACAGGG,1,sg9
ATGAACACCAGTGAGTAGAGCGG,ATTTAAAGCAGTGAGTAGAGGGA,0,sg6
GAATCCTAAAAACTCTGCTTCGG,AAACACTTTAAACTCTGCTTTGG,0,sg12
CCTGCCTCCGCTCTACTCACTGG,CCTGCCTCCGCTCCCCACTCTCC,0,sg7
GGTCCTGCCGCTGCTTGTCATGG,GGTCCTGCCCCTGTTGGCCATAT,0,sg4
AAATGAGAAGAAGAGGCACAGGG,AAAGAAGAAGAAGAGGTGGGGGG,0,sg9
ATGAACACCAGTGAGTAGAGCGG,ATGAACACCAAATAGAAGGCCGG,0,sg6
GGTCCTGCCGCTGCTTGTCATGG,TTTCATGCCATTGCTTGTCATTG,0,sg4
AATGACCACTACATCCTCAAGGG,ACTGACAACAATATCCTCAAGGA,0,sg5
AATGACCACTACATCCTCAAGGG,AATGACCACAACGTCATCAACAA,0,sg5
AACACCAGTGAGTAGAGCGGAGG,AAGCCCTGGGAGTAGAGCAGGGG,0,sg1
GGGTGGGGGGAGTTTGCTCCTGG,GGGTGGGGGGGTCTTTTTCCTCG,0,sg8
ATGAACACCAGTGAGTAGAGCGG,ATGAACACCAGCCAGCTGGGTGG,0,sg6
GAATCCTAAAAACTCTGCTTCGG,AAAAACAAAAAACTCTGCTTTTG,0,sg12
CCAGTGAGTAGAGCGGAGGCAGG,CAGATGGGTAGAGCGGAGATAGG,0,sg2
AAATGAGAAGAAGAGGCACAGGG,AAATGAGAAGACAATGCAAAGAG,0,sg9
GGGTGGGGGGAGTTTGCTCCTGG,GTGTGGTGTGAGTTTGCTCTCAG,0,sg8
GGGTGGGGGGAGTTTGCTCCTGG,GGGTGGGGGGCGCTTACGGCTCG,0,sg8
CCTGCCTCCGCTCTACTCACTGG,CCTGCCTCCTCTCTGATTAATTG,0,sg7
AAATGAGAAGAAGAGGCACAGGG,GAATGGGAAGAAGAGGCATTAGG,0,sg9
AAATGAGAAGAAGAGGCACAGGG,CTAGGTGAAGAAGAGGGAGAGGG,0,sg9
AAATGAGAAGAAGAGGCACAGGG,AGATGAGAAATTGAGGCACAGAG,0,sg9
AATGACCACTACATCCTCAAGGG,ACTTAGCACTACATCTTCAAGGT,0,sg5
CTTGCCCCACAGGGCAGTAACGG,ATCTCCACACAGGGCAGTAAAAG,0,sg3
TGACATCAATTATTATACATCGG,ATACATCAATTATGCTACATCCA,0,sg10
AAATGAGAAGAAGAGGCACAGGG,AAATGAGAAGGAAAGTGGCAGAG,0,sg9
GGGTGGGGGGAGTTTGCTCCTGG,GGGGAGGGGGAATTTGGGCTTGG,0,sg8
AACACCAGTGAGTAGAGCGGAGG,ATCACCAGTGAGTACAGCCAAGT,0,sg1
AAATGAGAAGAAGAGGCACAGGG,AAAGGAGAAGAAGAGGAAGAAGA,0,sg9
TGACATCAATTATTATACATCGG,TGACATCAATAATTTCCCATTGA,0,sg10
TGACATCAATTATTATACATCGG,GGCCATTAAATATTATACATCCT,0,sg10
TGACATCAATTATTATACATCGG,TTAAATGAATTATTATACATTTA,0,sg10
AAATGAGAAGAAGAGGCACAGGG,AGAAGACAGGAAGAGGCAGCGGG,0,sg9
GGGTGGGGGGAGTTTGCTCCTGG,TGGTGAGGGGAGTTTGTTACGTG,0,sg8
GGGTGGGGGGAGTTTGCTCCTGG,GGTAGGGGGCCCTTTGCTCCTGA,0,sg8
AAATGAGAAGAAGAGGCACAGGG,GGTTGAGGGGAAGAGGCAAAGGG,0,sg9
GGTCCTGCCGCTGCTTGTCATGG,GACCGTGCCGCTGCTTCGCATGG,0,sg4
AAATGAGAAGAAGAGGCACAGGG,AAATGAGAAGCTGGGGCTCCGGC,0,sg9
CTTGCCCCACAGGGCAGTAACGG,TGTGCCCAGCAGGGCAGTAACTA,0,sg3
GACACCGAAGCAGAGTTTTTAGG,GCCAGGGGATCAGAGTTTTTAAG,0,sg11
CCTGCCTCCGCTCTACTCACTGG,CCTGCCTCCCGGCTCCCCACTGT,0,sg7
TGACATCAATTATTATACATCGG,TGACATCAATTACTGTAAGTCTG,0,sg10
TGACATCAATTATTATACATCGG,TGACATCAACTGTTTTACATTAG,0,sg10
AATGACCACTACATCCTCAAGGG,TATGACATCCACATCCTCAAGCC,0,sg5
AAATGAGAAGAAGAGGCACAGGG,AGAGGAGAAGAAGAGGAGGTGGG,0,sg9
GAATCCTAAAAACTCTGCTTCGG,CGCTCATAAAAACTCTGCTTTGG,0,sg12
TGACATCAATTATTATACATCGG,TGAGTTCATGTTTTATACATCAG,0,sg10
GGGTGGGGGGAGTTTGCTCCTGG,AGCTGGGGGGAGGCAGCTCATGG,0,sg8
AAATGAGAAGAAGAGGCACAGGG,AGATGTGAAAATGAGGCACAGAA,0,sg9
AAATGAGAAGAAGAGGCACAGGG,TAAGGAGAGGCTGAGGCACAGGT,0,sg9
TGACATCAATTATTATACATCGG,TGATAACAATTATTATTGATTGA,0,sg10
CCAGTGAGTAGAGCGGAGGCAGG,CCAGTGAGGAGAGAGGAGCCAGG,1,sg2
AAATGAGAAGAAGAGGCACAGGG,AGGAGAGGAGAAGAGGCAGATGG,0,sg9
GGTCCTGCCGCTGCTTGTCATGG,GGTCCTGCCTGTGCCTCTCTTTG,0,sg4
CCTGCCTCCGCTCTACTCACTGG,CCTGCCTCCTCCTTAATCCTTGG,0,sg7
AAATGAGAAGAAGAGGCACAGGG,AATGGAGAAAGGGAGGCACAGTG,0,sg9
GACACCGAAGCAGAGTTTTTAGG,GCCAAGGGGGCAGAGTTTTTAAG,0,sg11
TGACATCAATTATTATACATCGG,TGACATCAATTAGCATACATATT,0,sg10
AAATGAGAAGAAGAGGCACAGGG,AAAGAAGAAAATGAGGCACAGCA,0,sg9
TGACATCAATTATTATACATCGG,TGACATCAATTAAAATTCTTCCA,0,sg10
GACACCGAAGCAGAGTTTTTAGG,GGCACTTAAACAGAGTTTTTACT,0,sg11
GACACCGAAGCAGAGTTTTTAGG,GGCAGGGAAGCAGAGTGGTCAGG,0,sg11
AAATGAGAAGAAGAGGCACAGGG,AAAATACAGGATGAGGCACAGGT,0,sg9
GACACCGAAGCAGAGTTTTTAGG,GAAACTGAAGCAGAGAGTTTAAA,0,sg11
AAATGAGAAGAAGAGGCACAGGG,GAAAGAGAAGAAGAGAGAGAGAG,0,sg9
CCTGCCTCCGCTCTACTCACTGG,TCTTCCAAAGCACTACTCACTGG,0,sg7
CTTGCCCCACAGGGCAGTAACGG,TTTGCCCCACAGTCCAGCAAAGA,0,sg3
GGGTGGGGGGAGTTTGCTCCTGG,GGGTGGGGGTTGTCTGCTTTAGG,0,sg8
AAATGAGAAGAAGAGGCACAGGG,GACTGTGGACGAGAGGCACAGGG,0,sg9
CCTGCCTCCGCTCTACTCACTGG,ACTGTATCTAATCTACTCACTGG,0,sg7
CCAGTGAGTAGAGCGGAGGCAGG,CCAGTGAGTAAAACGGAGAAAAG,0,sg2
GAATCCTAAAAACTCTGCTTCGG,AAATCTGTTGAACTCTGCTTCGG,0,sg12
AAATGAGAAGAAGAGGCACAGGG,AATGTGGAAGTTGAGGCACAGGG,0,sg9
AAATGAGAAGAAGAGGCACAGGG,ATATGAGAAGAAAATGCACAGAT,0,sg9
AAATGAGAAGAAGAGGCACAGGG,AAAAAAAAAGAAGAGGCACTGAC,0,sg9
ATGAACACCAGTGAGTAGAGCGG,ATGGAAACCAGTGAGGAGAGGGA,0,sg6
AAATGAGAAGAAGAGGCACAGGG,AGAAGTGAAGAAGAGTTACAGAG,0,sg9
GGGTGGGGGGAGTTTGCTCCTGG,GTGAGGGGGGAGTTTGCCTCTGG,0,sg8
TGACATCAATTATTATACATCGG,TGACATCAATTATAACTTATCTA,0,sg10
GAATCCTAAAAACTCTGCTTCGG,CACTCCTAAAAACTCTACTTTGT,0,sg12
TGACATCAATTATTATACATCGG,AAACATCAATTATTATACTATGT,0,sg10
GACACCGAAGCAGAGTTTTTAGG,GACCCTGAAGCAGAGTTTGGGAG,0,sg11
GGGTGGGGGGAGTTTGCTCCTGG,GGGTGGGGGGCGGTGGCTCACGC,0,sg8
CCTGCCTCCGCTCTACTCACTGG,CCTGCCTCCGCTTAGCCAACTGC,0,sg7
GGGTGGGGGGAGTTTGCTCCTGG,AGGAGAGGGGAGTTTGGTCAGGG,0,sg8
AAATGAGAAGAAGAGGCACAGGG,TGATGAGAAACTGAGGCACAGGC,0,sg9
CTTGCCCCACAGGGCAGTAACGG,CAGGCCCACCAGGGCAGTGCCGG,0,sg3
AAATGAGAAGAAGAGGCACAGGG,AAATGAGAAGAAGAGGAAAAGAA,0,sg9
AAATGAGAAGAAGAGGCACAGGG,CTAAGAGATGGAGAGGCACAGGT,0,sg9
TGACATCAATTATTATACATCGG,AGACAGCAATTATTAAATAAAGG,0,sg10
CCTGCCTCCGCTCTACTCACTGG,CGGGCCTCCGCTCGACGGACTGC,0,sg7
AAATGAGAAGAAGAGGCACAGGG,CAATGACCAGAAGAGGCACCAGC,0,sg9
AATGACCACTACATCCTCAAGGG,AGTGATGACTACATCCTCAGATG,0,sg5
AAATGAGAAGAAGAGGCACAGGG,AAGTGTGAAACTGAGGCACAGAG,0,sg9
AAATGAGAAGAAGAGGCACAGGG,GAATGAGAAGAAGAGGAGGAGGA,0,sg9
GGTCCTGCCGCTGCTTGTCATGG,GAGCCTGCCGCTCCCTGGCAGGG,0,sg4
AAATGAGAAGAAGAGGCACAGGG,GTAGAAAAAGAAGAGGCACTGGG,0,sg9
GACACCGAAGCAGAGTTTTTAGG,GACACCGAAGAAGAGATTAGTGA,0,sg11
GGGTGGGGGGAGTTTGCTCCTGG,CGGAAGGTGGAGTTTGCTTCTGT,0,sg8
AATGACCACTACATCCTCAAGGG,AATGACCACTAAATAAGCAGAGG,0,sg5
GACACCGAAGCAGAGTTTTTAGG,GGCTGCCATGCTGAGTTTTTAGG,0,sg11
AATGACCACTACATCCTCAAGGG,AATGACCACTACAACTATAATTG,0,sg5
TGACATCAATTATTATACATCGG,ACAGATCAGTTCTTATACATCTG,0,sg10
AAATGAGAAGAAGAGGCACAGGG,AAATGAGAAGCTGAGGCTTTTGG,0,sg9
GAATCCTAAAAACTCTGCTTCGG,GAAACTTTAAAACTCTGCTGAGT,0,sg12
AAATGAGAAGAAGAGGCACAGGG,AAATGAGAAGAGGAGGGAAGGAG,0,sg9
AAATGAGAAGAAGAGGCACAGGG,AGCTGATTACAGGAGGCACAGGG,0,sg9
AACACCAGTGAGTAGAGCGGAGG,AACACCAGTGAGCACTGCTGGGT,0,sg1
GGGTGGGGGGAGTTTGCTCCTGG,GAAGGTGGGGAGTTTGCTTCTCG,0,sg8
AAATGAGAAGAAGAGGCACAGGG,GACTGATTAGAAGAGGCACCAGG,0,sg9
AAATGAGAAGAAGAGGCACAGGG,AAATGAGAAAAGGAAGCAAAAGT,0,sg9
CCTGCCTCCGCTCTACTCACTGG,CTTCCCTCACCTCTACTCACTAA,0,sg7
CTTGCCCCACAGGGCAGTAACGG,CCTCCCACACAGGGCAGTTGCGA,0,sg3
TGACATCAATTATTATACATCGG,TCACATCAATTAGTACACTCTGG,0,sg10
TGACATCAATTATTATACATCGG,TGACATCAAATTTGACACCTCAG,0,sg10
GAATCCTAAAAACTCTGCTTCGG,AGATCCTAAAAAATATTCTTTGG,0,sg12
AAATGAGAAGAAGAGGCACAGGG,ATATAGGAAAATGAGGCACAGAG,0,sg9
AAATGAGAAGAAGAGGCACAGGG,AAAGAAAATGAAGAGGCAAAAGG,0,sg9
CTTGCCCCACAGGGCAGTAACGG,ACTGCCCCACAGAGCAGTTGCAG,0,sg3
GACACCGAAGCAGAGTTTTTAGG,AACACAGAAGCAGAGGTTTAAAG,0,sg11
GGGTGGGGGGAGTTTGCTCCTGG,GGCTGGGGGGAGTTTGGAAGTGG,0,sg8
AATGACCACTACATCCTCAAGGG,AATGACCACTTCAGCTTTAAGTG,0,sg5
AAATGAGAAGAAGAGGCACAGGG,AAATGAGAAAAAGAGGCCAGGTG,0,sg9
AAATGAGAAGAAGAGGCACAGGG,AGATGGGAAGAAGAGAAAGAGAG,0,sg9
AAATGAGAAGAAGAGGCACAGGG,AAATGAGAAAATGAGACTCTGAG,0,sg9
CCAGTGAGTAGAGCGGAGGCAGG,CCAGTGAGTGGAGCTGAGAAGGG,0,sg2
AAATGAGAAGAAGAGGCACAGGG,AAATGAGAAAAAGGGGAAAAAAG,0,sg9
AAATGAGAAGAAGAGGCACAGGG,GAATTAGAAGAAGAGGGATTAGG,0,sg9
GGGTGGGGGGAGTTTGCTCCTGG,GGGTGGGGGTAGTTTAGTGAGGG,0,sg8
CCAGTGAGTAGAGCGGAGGCAGG,CCAGTGAGTAGAGAGTTGGGTGT,0,sg2
AAATGAGAAGAAGAGGCACAGGG,AGAGGTGGAGAAGAGGCACAGTG,0,sg9
TGACATCAATTATTATACATCGG,TGCCAACAATTATTATCTATCAT,0,sg10
AAATGAGAAGAAGAGGCACAGGG,GAGGCAGAAGAGGAGGCACAGGA,0,sg9
AAATGAGAAGAAGAGGCACAGGG,AAATGAGAAAAGCAGGCAGCTGG,0,sg9
GGTCCTGCCGCTGCTTGTCATGG,GGTCCTGCCACTCCAGGTCCTGC,0,sg4
ATGAACACCAGTGAGTAGAGCGG,ATGAACACCCGAGAGGACCTCGG,0,sg6
AATGACCACTACATCCTCAAGGG,AAAGACCACTACATACTTATTAG,0,sg5
GGGTGGGGGGAGTTTGCTCCTGG,GGGTGGGGGCAGCTTGATGGGGG,0,sg8
AACACCAGTGAGTAGAGCGGAGG,GATACCAGTGAGTAGGGGAGGGG,0,sg1
CCTGCCTCCGCTCTACTCACTGG,CCTGCCTCCTCCCTTCTCCTTCG,0,sg7
TGACATCAATTATTATACATCGG,TGTTATAAATTATTATACATAGT,0,sg10
TGACATCAATTATTATACATCGG,AAATATTAATTATTATACAACAG,0,sg10
GGGTGGGGGGAGTTTGCTCCTGG,GGGTGGGGGGAGCTTGGTGCTCT,0,sg8
AAATGAGAAGAAGAGGCACAGGG,AAATGAGAATAAATGGCACATAG,0,sg9
AAATGAGAAGAAGAGGCACAGGG,AAATGAGAAGGCACAGAACAGGG,0,sg9
CTTGCCCCACAGGGCAGTAACGG,CTTGCCCCACCCTGCAGTGCCTG,0,sg3
AAATGAGAAGAAGAGGCACAGGG,AACTGAAAAGTAGAGGCACAGGT,0,sg9
AAATGAGAAGAAGAGGCACAGGG,GAATGGGAAACTGAGGCACAGAG,0,sg9
CCTGCCTCCGCTCTACTCACTGG,CCACCATCAGCTCTACTCACTGC,0,sg7
AAATGAGAAGAAGAGGCACAGGG,AAAGAAGAAGAAGAAGAAGAGGC,0,sg9
AAATGAGAAGAAGAGGCACAGGG,AAATGAGAATCATAGAAAAAGGG,0,sg9
CTTGCCCCACAGGGCAGTAACGG,CTCTCCCCACAGGGCGACAACGG,0,sg3
GAATCCTAAAAACTCTGCTTCGG,GCCTCCTAACTTCTCTGCTTCTG,0,sg12
AATGACCACTACATCCTCAAGGG,AATGACCACAGCAGCCCCATGAG,0,sg5
GGTCCTGCCGCTGCTTGTCATGG,GGCCCATCCGCTGCTTGTCCAGG,0,sg4
CCTGCCTCCGCTCTACTCACTGG,CCTGCCTCCCAGCCCCTCCCTGG,0,sg7
CTTGCCCCACAGGGCAGTAACGG,CAGGCCCCACAGGCCAGTCCCTG,0,sg3
GACACCGAAGCAGAGTTTTTAGG,ATCTCAGAAGCAGAGCTTCTAGG,0,sg11
GGGTGGGGGGAGTTTGCTCCTGG,GATTGGTGGCATTTTGCTCCTGT,0,sg8
AATGACCACTACATCCTCAAGGG,ATTGCAGTTTACATCCTCAAGGG,0,sg5
CCTGCCTCCGCTCTACTCACTGG,CCTGCCTCCTCACCACCCCCTGT,0,sg7
ATGAACACCAGTGAGTAGAGCGG,ATGAACACCTGAGGGCAGAGCTG,0,sg6
TGACATCAATTATTATACATCGG,TGATATTAATTATTATACCCCAA,0,sg10
TGACATCAATTATTATACATCGG,TGATATTAATGTTTATACATCCA,0,sg10
TGACATCAATTATTATACATCGG,TGTCATCAATTATTTTCTATAGT,0,sg10
TGACATCAATTATTATACATCGG,TGACATCAAATATATAACATATG,0,sg10
AACACCAGTGAGTAGAGCGGAGG,AAAGCCAGTGAGTAGGGAAGTGG,0,sg1
AAATGAGAAGAAGAGGCACAGGG,GAAAAAGAAGAAGAAGAAGAGGG,0,sg9
GGGTGGGGGGAGTTTGCTCCTGG,GGGTGGGGGGAGCTCAGGCATGG,0,sg8
TGACATCAATTATTATACATCGG,TGACATCAATGACTAAAGTTCTG,0,sg10
AAATGAGAAGAAGAGGCACAGGG,AAATGAGAAAAAAACCCACCTGG,0,sg9
AATGACCACTACATCCTCAAGGG,AAGGCCCACTACATCCTGTCAGG,0,sg5
AAATGAGAAGAAGAGGCACAGGG,AAAGGACAGAGAGAGGCACAGTG,0,sg9
AACACCAGTGAGTAGAGCGGAGG,AACACCAGTGATCACAGCTCAGA,0,sg1
AACACCAGTGAGTAGAGCGGAGG,AACACCAGTTAGAAGAGGCAAGA,0,sg1
AAATGAGAAGAAGAGGCACAGGG,AAATGTGCAGAAGAGGCAAATCT,0,sg9
GGGTGGGGGGAGTTTGCTCCTGG,GGGGGGGGGCATTTTTCTGCTGA,0,sg8
TGACATCAATTATTATACATCGG,TCACAACCATTTTTATACATCAA,0,sg10
ATGAACACCAGTGAGTAGAGCGG,ATTCCTACCAGTGAGAAGAGGGG,0,sg6
AAATGAGAAGAAGAGGCACAGGG,AAAAGGAAAGAAGAGGCAAAGAA,0,sg9
GAATCCTAAAAACTCTGCTTCGG,CAATCCTTAAAACTCTGCAGCAG,0,sg12
ATGAACACCAGTGAGTAGAGCGG,AGGAATAACAGAGAGTAGAGCCC,0,sg6
GGTCCTGCCGCTGCTTGTCATGG,GGTCCTGCCGCTGCTTCCAGAGG,0,sg4
GAATCCTAAAAACTCTGCTTCGG,GAATCCTAAAGCATCTGCCTGTG,0,sg12
AAATGAGAAGAAGAGGCACAGGG,ACAAGAGATGAAGAGGCAGAGCC,0,sg9
AAATGAGAAGAAGAGGCACAGGG,AAATGAGAAGTAGAGCCCTGGGA,0,sg9
AATGACCACTACATCCTCAAGGG,AATAACGAATACATCCTCAAATT,0,sg5
AAATGAGAAGAAGAGGCACAGGG,ACATAGGAAGAAGAGGGAAAGGG,0,sg9
GAATCCTAAAAACTCTGCTTCGG,CAATGGTTCAAACTCTGCTTCAG,0,sg12
AAATGAGAAGAAGAGGCACAGGG,GAAGCCAGAGAAGAGGCACAGGG,0,sg9
AAATGAGAAGAAGAGGCACAGGG,CAAGGAGAGGAAGAGGCAAAGGG,0,sg9
TGACATCAATTATTATACATCGG,TTAAGTCAATTATTATAAATAAG,0,sg10
GGTCCTGCCGCTGCTTGTCATGG,GGTCCTGCCACTGGCTGTCTACG,0,sg4
AACACCAGTGAGTAGAGCGGAGG,AATTGCAGTGAGTAGAGTTGAGA,0,sg1
AAATGAGAAGAAGAGGCACAGGG,ACTCGAGAAGCTGAGGCACAGGA,0,sg9
GACACCGAAGCAGAGTTTTTAGG,GACTCCAAAGCAGAGTTTTCAAA,0,sg11
GGGTGGGGGGAGTTTGCTCCTGG,GGGTGGGGGGATGTTGATGCGCG,0,sg8
ATGAACACCAGTGAGTAGAGCGG,AGGAAGACCAGTGAGTCGAGAGT,0,sg6
TGACATCAATTATTATACATCGG,TTACATCAATTATTTTAAAGTGT,0,sg10
AAATGAGAAGAAGAGGCACAGGG,AAATGAGAACAAATGGCACAAAG,0,sg9
AATGACCACTACATCCTCAAGGG,AATGACCACATTATGCTCAATGT,0,sg5
GGTCCTGCCGCTGCTTGTCATGG,GAGCCTGCCGCTTCCTGGCCTGG,0,sg4
AAATGAGAAGAAGAGGCACAGGG,AAGTGAGAAGAAGAGCAAAAAGA,0,sg9
GAATCCTAAAAACTCTGCTTCGG,GAATCCTAAAAAGGCTATTTCTC,0,sg12
AAATGAGAAGAAGAGGCACAGGG,AAATGAGAAGAAAAGACAAATGT,0,sg9
CCTGCCTCCGCTCTACTCACTGG,CATTCCTGGGCTCTACTCACCGG,0,sg7
AATGACCACTACATCCTCAAGGG,TGTGACCACTACCACATCAAGGT,0,sg5
CCTGCCTCCGCTCTACTCACTGG,CCTGCCTCCCATCTTCTTTCTGG,0,sg7
TGACATCAATTATTATACATCGG,TTACATCAATTATCAAGGATTGG,0,sg10
TGACATCAATTATTATACATCGG,TGCCTGCAATTATTAGTCATCAG,0,sg10
GGTCCTGCCGCTGCTTGTCATGG,GCTCCTGCCGCTGCAGTTCCCGG,0,sg4
CCAGTGAGTAGAGCGGAGGCAGG,GCAGTGAGTAGAAATGAGGAAGT,0,sg2
AAATGAGAAGAAGAGGCACAGGG,AAAAGAGAAGAAGAGGAAGAAGA,0,sg9
AAATGAGAAGAAGAGGCACAGGG,AAATGAGAAACTAAGCCACAGAG,0,sg9
GGTCCTGCCGCTGCTTGTCATGG,GGTCCTGCCTCTGCCTGCCCTCC,0,sg4
CCAGTGAGTAGAGCGGAGGCAGG,CCACAGAGTAGAGCGAAAGCAAG,0,sg2
CCTGCCTCCGCTCTACTCACTGG,GCAGCCTATGCTCTACTCTCTTG,0,sg7
GACACCGAAGCAGAGTTTTTAGG,GGCACCTAATATGAGTTTTTATG,0,sg11
ATGAACACCAGTGAGTAGAGCGG,AAGAACACCAGTGTGTGAAACAG,0,sg6
AAATGAGAAGAAGAGGCACAGGG,AACAGAGAAGAAGAGGCAGTGCA,0,sg9
AAATGAGAAGAAGAGGCACAGGG,AGACCAGAAGAAGAGGCTCATTG,0,sg9
AACACCAGTGAGTAGAGCGGAGG,ACCACCAGTGAGTAGACCTGTTA,0,sg1
GGTCCTGCCGCTGCTTGTCATGG,TGTGCTGTTTTTGCTTGTCATGG,0,sg4
AAATGAGAAGAAGAGGCACAGGG,GATGGAGAAGACGAGGCACAGGA,0,sg9
GGTCCTGCCGCTGCTTGTCATGG,ACTTCTGTCTCTGCTTGTCATGG,0,sg4
AAATGAGAAGAAGAGGCACAGGG,AAAAAAGAAGAAGAAGAAGAGGC,0,sg9
CCAGTGAGTAGAGCGGAGGCAGG,CCACTGGCAAGAGCGGAGGGCGG,0,sg2
CCTGCCTCCGCTCTACTCACTGG,CATGCCTGCCCTCTACTCACTAT,0,sg7
AAATGAGAAGAAGAGGCACAGGG,GACTGAGAAGAAGAAGCAAAGAT,0,sg9
ATGAACACCAGTGAGTAGAGCGG,AGCACCACAAGTGAGTAGAGCAA,0,sg6
AAATGAGAAGAAGAGGCACAGGG,GGAAGAGGAGAGGAGGCACAGGA,0,sg9
GACACCGAAGCAGAGTTTTTAGG,GACACCCAGGAGGAGTTTTTACA,0,sg11
CTTGCCCCACAGGGCAGTAACGG,TTTACCCCACAGGGCTGCTAAGG,0,sg3
GACACCGAAGCAGAGTTTTTAGG,GCCTATGAAACAGAGTTTTTAGC,0,sg11
ATGAACACCAGTGAGTAGAGCGG,GAGAACACCAGTTAGTAGAGTGA,0,sg6
GGTCCTGCCGCTGCTTGTCATGG,CAGGCTGCTGCTGCTTGTCATGC,0,sg4
AAATGAGAAGAAGAGGCACAGGG,ACATGAGAAGAAGAGATACTGTT,0,sg9
AAATGAGAAGAAGAGGCACAGGG,TTACAAGAAGAAGAGGCACAAAG,0,sg9
TGACATCAATTATTATACATCGG,TTACATATATTATTATACTTCTA,0,sg10
AAATGAGAAGAAGAGGCACAGGG,AGATGAAAAACTGAGGCACAGGT,0,sg9
ATGAACACCAGTGAGTAGAGCGG,GTGAACTACACTGAGTAGAGCAG,0,sg6
AACACCAGTGAGTAGAGCGGAGG,AACACCAGTGTGGAGGCTGGACG,0,sg1
AAATGAGAAGAAGAGGCACAGGG,AAATGAGAAAAACATGCTCATGA,0,sg9
AAATGAGAAGAAGAGGCACAGGG,AAACATGCAGAAGAGGCAAATGG,0,sg9
TGACATCAATTATTATACATCGG,TGACCCCAATTATTATTCTTTTG,0,sg10
AAATGAGAAGAAGAGGCACAGGG,AAATGTGAAGAAGAGTCCTAGTG,0,sg9
TGACATCAATTATTATACATCGG,TTCCCTCATTTATTATACATGAG,0,sg10
TGACATCAATTATTATACATCGG,TGAGCTCAATTATTAAGCATGCG,0,sg10
GAATCCTAAAAACTCTGCTTCGG,GAATCCTAAATATTCTGTATTGA,0,sg12
AAATGAGAAGAAGAGGCACAGGG,ACTTGAGAGGCTGAGGCACAGGA,0,sg9
AATGACCACTACATCCTCAAGGG,TAAGAGGACTACATCCTCAGTGG,0,sg5
AAATGAGAAGAAGAGGCACAGGG,AAATGAGAAAAATTGTCACTTGG,0,sg9
AATGACCACTACATCCTCAAGGG,GACGACCACTACAGCCTGCAGAG,0,sg5
ATGAACACCAGTGAGTAGAGCGG,ATCAACACCAGTGCAAAGAGGGG,0,sg6
CCAGTGAGTAGAGCGGAGGCAGG,CCAGTGAGTGGGGTGGGGGAGGG,0,sg2
ATGAACACCAGTGAGTAGAGCGG,GTTAAAACCAGTGAGGACAGTGG,0,sg6
GAATCCTAAAAACTCTGCTTCGG,TGATCTTAAAAACTCTGCTTCAA,0,sg12
CCTGCCTCCGCTCTACTCACTGG,CCATCCACCCTTCTACTCACTCG,0,sg7
AATGACCACTACATCCTCAAGGG,GATGACCACTACACCGGCCAGGT,0,sg5
AACACCAGTGAGTAGAGCGGAGG,GGCGGGAGTGGGTAGAGCGGAGG,0,sg1
AAATGAGAAGAAGAGGCACAGGG,AATGGAGAGGAAGAGGCACAGAA,0,sg9
CCTGCCTCCGCTCTACTCACTGG,CCTGCCTCCTCCTCCCTCACTGT,0,sg7
TGACATCAATTATTATACATCGG,TGACATCAATTAATTTACTTGAT,0,sg10
AAATGAGAAGAAGAGGCACAGGG,AAAAAAGAAGAAGAGGACTGGGG,0,sg9
GGGTGGGGGGAGTTTGCTCCTGG,GGGTGGGGGGATTTGTATCATGG,0,sg8
AAATGAGAAGAAGAGGCACAGGG,CAGTGAGTAAAAGAGGCACAGAA,0,sg9
AAATGAGAAGAAGAGGCACAGGG,AAACAAGAGAAGGAGGCACAGGG,0,sg9
CTTGCCCCACAGGGCAGTAACGG,ACAGCCCCACAGGGCACTAGAGG,0,sg3
AAATGAGAAGAAGAGGCACAGGG,AAATGAGAAGAAGAAGAGGAGGA,0,sg9
CCAGTGAGTAGAGCGGAGGCAGG,GCAGTGAGTAGAGAGTAGGGGAG,0,sg2
AAATGAGAAGAAGAGGCACAGGG,GAATGAGAAGAAAAGGAAAATGG,0,sg9
AAATGAGAAGAAGAGGCACAGGG,AAATGAGAATAAAAAGGAGAGAG,0,sg9
AAATGAGAAGAAGAGGCACAGGG,AGACGAGAAGAAGAGAAAAAGAG,0,sg9
AAATGAGAAGAAGAGGCACAGGG,AAATGAGAAGGAGAGGACAAGTC,0,sg9
AAATGAGAAGAAGAGGCACAGGG,CACTGAAAGGAAGAGGCATGGGG,0,sg9
CCTGCCTCCGCTCTACTCACTGG,CCTGCCTCCCCACCCTTCAGTGG,0,sg7
GAATCCTAAAAACTCTGCTTCGG,GAATCCTAATAATTCTGATGCAT,0,sg12
ATGAACACCAGTGAGTAGAGCGG,GAGGACAGGAGTGAGTAGAGAGG,0,sg6
AAATGAGAAGAAGAGGCACAGGG,AAATGAGAAAAATAACCTCAAGG,0,sg9
CCTGCCTCCGCTCTACTCACTGG,CCTGCCTCCACTCTAATGAGCAG,0,sg7
AATGACCACTACATCCTCAAGGG,AATGACCACTGTATCATCATATG,0,sg5
AAATGAGAAGAAGAGGCACAGGG,AAAGGGTAAACAGAGGCACAGTG,0,sg9
AAATGAGAAGAAGAGGCACAGGG,AAAAAAAAAAAAGAGGCACAGCC,0,sg9
AAATGAGAAGAAGAGGCACAGGG,CAATGAGAAGAAATGGGTCAGTG,0,sg9
CCAGTGAGTAGAGCGGAGGCAGG,CCTGTGAGTAGACCTCATGCATG,0,sg2
CCTGCCTCCGCTCTACTCACTGG,CCTGCCTCCTGTCTCCTTGCTGG,0,sg7
AAATGAGAAGAAGAGGCACAGGG,GAAGAAGAAGAGAAGGCACTGGG,0,sg9
AAATGAGAAGAAGAGGCACAGGG,AAATGAGAAAAAAAGTACCAGGT,0,sg9
CCTGCCTCCGCTCTACTCACTGG,CCTTGACCCACTCTACTCACTGA,0,sg7
TGACATCAATTATTATACATCGG,TTATTTCAGTTATTATACATTGC,0,sg10
GACACCGAAGCAGAGTTTTTAGG,TTCATGGAAGCAGAGTTTGCAGG,0,sg11
AACACCAGTGAGTAGAGCGGAGG,AACACCAGTGGCTACAGCACATG,0,sg1
GGGTGGGGGGAGTTTGCTCCTGG,GGGTGGGGGGCGGCGGCTCCTCT,0,sg8
AAATGAGAAGAAGAGGCACAGGG,AAATGAGAAAAAGAGAGAGAGAG,0,sg9
GGGTGGGGGGAGTTTGCTCCTGG,GGGTGGGGGGTGTTGGCTACAGT,0,sg8
GAATCCTAAAAACTCTGCTTCGG,GAATCCTAATAACACCTCTTTGT,0,sg12
AACACCAGTGAGTAGAGCGGAGG,AACACCAGTTGGTAAAACGATGG,0,sg1
AAATGAGAAGAAGAGGCACAGGG,TGATGTGAAGAAGAGACACAGGG,0,sg9
AAATGAGAAGAAGAGGCACAGGG,AAATGAGAAGTGGAAGCCCCCGG,0,sg9
AAATGAGAAGAAGAGGCACAGGG,GATTTAGAAGAAGAGGCAAATGT,0,sg9
AACACCAGTGAGTAGAGCGGAGG,ACCACCAGTGAGCAGGGATGAGA,0,sg1
TGACATCAATTATTATACATCGG,TGAACTCTCTTATTATACACCGT,0,sg10
AACACCAGTGAGTAGAGCGGAGG,AAGACCAGTGAGGTCAGCAGAGA,0,sg1
CCTGCCTCCGCTCTACTCACTGG,CCTGCCTCCCCTCTAACCCCTGC,0,sg7
GACACCGAAGCAGAGTTTTTAGG,GACACTGAAGCAGAGGACTCAGT,0,sg11
GGGTGGGGGGAGTTTGCTCCTGG,GGGTGGGGGGTGTATGTGACTGC,0,sg8
AAATGAGAAGAAGAGGCACAGGG,AAATGAGAAGAAAAGACAAAAGT,0,sg9
ATGAACACCAGTGAGTAGAGCGG,ATGAAGCCAAGGGAGTAGAGCTA,0,sg6
CTTGCCCCACAGGGCAGTAACGG,CTGTCCCCACAGGGCAGCTACAT,0,sg3
CCTGCCTCCGCTCTACTCACTGG,CCTGCCTACTCACTGCTCATTGC,0,sg7
GGGTGGGGGGAGTTTGCTCCTGG,GGGTTGGGGGAGGTGGGTCCATG,0,sg8
AAATGAGAAGAAGAGGCACAGGG,GAAGAAGAAGAAGAGACGCAAGG,0,sg9
AAATGAGAAGAAGAGGCACAGGG,AAGGCAGAAGAAGAGACCCAGGC,0,sg9
GAATCCTAAAAACTCTGCTTCGG,ATATCCTAAAAACTCATCTTGGC,0,sg12
TGACATCAATTATTATACATCGG,TGACATCAATTTTTGTATATTTG,0,sg10
CTTGCCCCACAGGGCAGTAACGG,CTTCCCCCACAGGGCTGGGCTGG,0,sg3
AATGACCACTACATCCTCAAGGG,ATTCACTGCTGCATCCTCAAGGG,0,sg5
AAATGAGAAGAAGAGGCACAGGG,AAATGAGAAAAAGATGCAAGGAA,0,sg9
TGACATCAATTATTATACATCGG,AGCCAACAATTATTATTCAGCAG,0,sg10
AAATGAGAAGAAGAGGCACAGGG,AACAGCTAAGAAGAGGCACAGAG,0,sg9
AAATGAGAAGAAGAGGCACAGGG,AAACCAGAAGAAGAGGCTATGAG,0,sg9
AAATGAGAAGAAGAGGCACAGGG,AAAAGAGAAGAAGAGAAATAGTA,0,sg9
GAATCCTAAAAACTCTGCTTCGG,GAATCCTAATAACCTTCCATCTG,0,sg12
CCTGCCTCCGCTCTACTCACTGG,CCTGCCTCCTGTCACCTCACTGC,0,sg7
AAATGAGAAGAAGAGGCACAGGG,TCACCAGAAGAAGAGGCAAAGGA,0,sg9
ATGAACACCAGTGAGTAGAGCGG,ATGAACACCATTTAATTAATCGG,0,sg6
GGGTGGGGGGAGTTTGCTCCTGG,AGGTGGGGGGAGTCAGCCCCCCG,0,sg8
AAATGAGAAGAAGAGGCACAGGG,AAAAAAGAAGAAGAGGAAGAGTG,0,sg9
AAATGAGAAGAAGAGGCACAGGG,AAAGAATAAGCAGAGGCACAGTT,0,sg9
GGGTGGGGGGAGTTTGCTCCTGG,TGTTTTGGTGAGTTTGCTGCTGG,0,sg8
AAATGAGAAGAAGAGGCACAGGG,AAAGTGGAAGAAGAGGCAGAAGA,0,sg9
TGACATCAATTATTATACATCGG,AAACATAAATTGTTATACATCAT,0,sg10
AAATGAGAAGAAGAGGCACAGGG,AAATGAGAAGGCCAGGCACAGTG,0,sg9
TGACATCAATTATTATACATCGG,TTATCACAATTATTATACACCAG,0,sg10
AAATGAGAAGAAGAGGCACAGGG,GAAGAGGAAGAAGAGGAAAAGGG,0,sg9
AAATGAGAAGAAGAGGCACAGGG,AAATAAGAAACTGAGGCACAGTA,0,sg9
AAATGAGAAGAAGAGGCACAGGG,AAATGAGAAAACTGAGCCCAGGG,0,sg9
CTTGCCCCACAGGGCAGTAACGG,CCAGCCCAACATGGCAGTAACAT,0,sg3
TGACATCAATTATTATACATCGG,TGACATCAATTATTTGAAATTCT,0,sg10
CCTGCCTCCGCTCTACTCACTGG,CAGGCCTCCGCTCTATAGACTGG,0,sg7
AAATGAGAAGAAGAGGCACAGGG,AGAAGAGAAGAAGAAGAATTGGG,0,sg9
CCTGCCTCCGCTCTACTCACTGG,CCTGTCTCTGCTCTACTCTTTGT,0,sg7
AAATGAGAAGAAGAGGCACAGGG,AAAGGATGAGAAGAGGCAAATGA,0,sg9
GAATCCTAAAAACTCTGCTTCGG,GAATTAGAAAAGCTCTGCTTCAG,0,sg12
AAATGAGAAGAAGAGGCACAGGG,AAATGAGAAAAAGAGGGAAGGAA,0,sg9
TGACATCAATTATTATACATCGG,TAATTTCATTTATTATACTTCAG,0,sg10
GGGTGGGGGGAGTTTGCTCCTGG,GGGTGGGGGGAGGGGGCGGCGGG,0,sg8
GGTCCTGCCGCTGCTTGTCATGG,GGTCCTGCCTCCGCTCCTCTAGG,0,sg4
CCAGTGAGTAGAGCGGAGGCAGG,ACAGTGAGTAGAGAAGAGACATA,0,sg2
CCAGTGAGTAGAGCGGAGGCAGG,CTAGTGAGTAGAGGCAAGGAATG,0,sg2
AAATGAGAAGAAGAGGCACAGGG,AAATGAGAAACAGAGGCAGAATA,0,sg9
CCTGCCTCCGCTCTACTCACTGG,CCTGCCTCCCTCCTCTTCACTTG,0,sg7
GGGTGGGGGGAGTTTGCTCCTGG,GGGTGGGGGGACATTCCTCCTCT,0,sg8
CCTGCCTCCGCTCTACTCACTGG,TCTCACCCAGCTCTACTCCCTGG,0,sg7
CTTGCCCCACAGGGCAGTAACGG,GTTGCCCCACAGTGCAGGAGCTG,0,sg3
GGGTGGGGGGAGTTTGCTCCTGG,AGGGCTGGGAGGTTTGCTCCTGG,0,sg8
GGGTGGGGGGAGTTTGCTCCTGG,GGGTGGGGGCAGGCTGGTCCTCC,0,sg8
TGACATCAATTATTATACATCGG,AAATATCACTTATTATACTTGGG,0,sg10
GGGTGGGGGGAGTTTGCTCCTGG,GGGTGGGGGGATATTGATCCTCT,0,sg8
CCTGCCTCCGCTCTACTCACTGG,CCTGTATCAGCTCTACTCCCCTG,0,sg7
GACACCGAAGCAGAGTTTTTAGG,TACATAGAAGCAGAGCTTGTTGG,0,sg11
CCAGTGAGTAGAGCGGAGGCAGG,GCTGGGAGAAGAGCGGAGCCAGG,0,sg2
AAATGAGAAGAAGAGGCACAGGG,AAGAGAGAATGAGAGGCACAGAT,0,sg9
GGGTGGGGGGAGTTTGCTCCTGG,GGGAGGGGGGAGTTTGTCCATGT,0,sg8
CCAGTGAGTAGAGCGGAGGCAGG,CCTGTGAGTAGAGAAAAGGGAGG,0,sg2
ATGAACACCAGTGAGTAGAGCGG,ATGAACACCAGATGGAAGAGATG,0,sg6
CCTGCCTCCGCTCTACTCACTGG,CCTCCCTGGGCCCTCCACACTGG,0,sg7
AAATGAGAAGAAGAGGCACAGGG,GACTGAGAAGAATACACAGAGGG,0,sg9
GACACCGAAGCAGAGTTTTTAGG,GCATCTGAAGCAGAGCTTATAGG,0,sg11
GAATCCTAAAAACTCTGCTTCGG,TCTTCCTGGAAACTCTGCTTCAG,0,sg12
AAATGAGAAGAAGAGGCACAGGG,AAATAGGAAGAAGAGGCAGGCAG,0,sg9
AAATGAGAAGAAGAGGCACAGGG,GAATGAGAAGAATAAAGACAGAG,0,sg9
GACACCGAAGCAGAGTTTTTAGG,ACTAATGAAGCAGAGTTTTTAGT,0,sg11
CCTGCCTCCGCTCTACTCACTGG,ACTTCCTCATTTCTACTCACTGC,0,sg7
GACACCGAAGCAGAGTTTTTAGG,AAGACGGAAGCAGAGATTGCAGG,0,sg11
CTTGCCCCACAGGGCAGTAACGG,CTCGCCCCACAGTGCTGACCCGG,0,sg3
AACACCAGTGAGTAGAGCGGAGG,AACAAGAGGGAGTAGAGCACAGC,0,sg1
GACACCGAAGCAGAGTTTTTAGG,GAAATGGTAGAAGAGTTTTTAGT,0,sg11
GAATCCTAAAAACTCTGCTTCGG,GAATCCTAAAAAATATGCCTGCA,0,sg12
CTTGCCCCACAGGGCAGTAACGG,CCGGGACCACAGGGCATTAAAGG,0,sg3
CTTGCCCCACAGGGCAGTAACGG,TTTGCCCCACAGGCCACTGAGGC,0,sg3
GGTCCTGCCGCTGCTTGTCATGG,GATGCTGCTGCTGCTTGTCTGGG,0,sg4
TGACATCAATTATTATACATCGG,GCACAGCATTTATTATACTTTGG,0,sg10
AAATGAGAAGAAGAGGCACAGGG,TAATAAGAAGAAGAGGAAGAAGA,0,sg9
GAATCCTAAAAACTCTGCTTCGG,GAGTCCTAAAAACTATTATTTGG,0,sg12
CCTGCCTCCGCTCTACTCACTGG,CCTGCCTCCCCTCCCTGCACAGG,0,sg7
GAATCCTAAAAACTCTGCTTCGG,TAATCCTAAAAACTCATCATCTC,0,sg12
AACACCAGTGAGTAGAGCGGAGG,AACACCAGTGAAAAGAAAGCAAG,0,sg1
AAATGAGAAGAAGAGGCACAGGG,GAAGAGGAAGAAGAGGCACACGG,0,sg9
GGTCCTGCCGCTGCTTGTCATGG,GGTCCTGCCACTGATGCTCATGA,0,sg4
AATGACCACTACATCCTCAAGGG,AATGACCACAACAACCTATATGT,0,sg5
CTTGCCCCACAGGGCAGTAACGG,CTTGCCCCAGAGGCCTGTAGGGA,0,sg3
AAATGAGAAGAAGAGGCACAGGG,AAATGAGAAGAAGGAACAGAGAT,0,sg9
ATGAACACCAGTGAGTAGAGCGG,ATGAACACCAGTGCCTACTGTGT,0,sg6
AAATGAGAAGAAGAGGCACAGGG,AAGTGAGAAGAAGGGAGCCAAGG,0,sg9
TGACATCAATTATTATACATCGG,TGACATCAATTATTACTCTAAGA,0,sg10
AAATGAGAAGAAGAGGCACAGGG,ATATGTTAAGAAGAGGCACTAGA,0,sg9
GGGTGGGGGGAGTTTGCTCCTGG,GGGTGGGGGGATTATGTACCTGC,0,sg8
CCTGCCTCCGCTCTACTCACTGG,CATCCCTGGACTCTACTCACTAG,0,sg7
CCTGCCTCCGCTCTACTCACTGG,CCTGCCTCCTCTCCACTGACAGC,0,sg7
AAATGAGAAGAAGAGGCACAGGG,GAATGAGAAGAAAAAACACAATG,0,sg9
CCTGCCTCCGCTCTACTCACTGG,CCTGAATCTGCTCTACTCCCAGT,0,sg7
AAATGAGAAGAAGAGGCACAGGG,GGAAATGAAGAAGAGGCACACGG,0,sg9
AAATGAGAAGAAGAGGCACAGGG,AAATGAGAAGAATACATACATGT,0,sg9
GGGTGGGGGGAGTTTGCTCCTGG,GGCTGGGGGGAGCCTGCTGGTGC,0,sg8
AAATGAGAAGAAGAGGCACAGGG,CCATGAGAAGAAGAGGAATAAGG,0,sg9
TGACATCAATTATTATACATCGG,TTTCACCAATAATTATACATCTA,0,sg10
AATGACCACTACATCCTCAAGGG,TATCACCACTACATCCATAAAGG,0,sg5
GAATCCTAAAAACTCTGCTTCGG,CAACTTAAATAACTCTGCTTCGG,0,sg12
GAATCCTAAAAACTCTGCTTCGG,GACCCCCAACAACTCTGCTTCGT,0,sg12
AACACCAGTGAGTAGAGCGGAGG,AGAGCCAGTGAGTAGAGGGGACT,0,sg1
AATGACCACTACATCCTCAAGGG,AATGACCACAAAAATCTCAAGGC,0,sg5
GGGTGGGGGGAGTTTGCTCCTGG,GGGTGGGGGGAACTTGTTCCAGG,0,sg8
AACACCAGTGAGTAGAGCGGAGG,AACACCAGTGATGATAGTGGGGG,0,sg1
AATGACCACTACATCCTCAAGGG,ACTGACAAAAGCATCCTCAAGAG,0,sg5
GGGTGGGGGGAGTTTGCTCCTGG,GGGTGGGGGGGTGTTGCACCCAG,0,sg8
CCAGTGAGTAGAGCGGAGGCAGG,CCAGTGAGTTGAGCATGGCCTGG,0,sg2
AAATGAGAAGAAGAGGCACAGGG,AAATGAGAAGAGGATTACCATGG,0,sg9
AAATGAGAAGAAGAGGCACAGGG,AAATGAGAAACGGAGGCACAGAA,0,sg9
AATGACCACTACATCCTCAAGGG,AGTGACCACTACATAATAAAGCA,0,sg5
TGACATCAATTATTATACATCGG,GCACAATAATTATTATACAGCTG,0,sg10
CCAGTGAGTAGAGCGGAGGCAGG,CAGGAGAGAGAAGCGGAGGCAGG,0,sg2
AATGACCACTACATCCTCAAGGG,TATGACCACTACATAACCAAAGA,0,sg5
GAATCCTAAAAACTCTGCTTCGG,GTATCAGAAGAACTCTGCTTCTC,0,sg12
AAATGAGAAGAAGAGGCACAGGG,AAATGAGAAACAGCCTGACAGGG,0,sg9
AAATGAGAAGAAGAGGCACAGGG,AAAAGCAAGGAAGAGGCAAAGTG,0,sg9
CCTGCCTCCGCTCTACTCACTGG,CCTGCCTCCTGGCTTGTCAATGG,0,sg7
GAATCCTAAAAACTCTGCTTCGG,GAATCCTAAAATGGCTTCTTCAT,0,sg12
GGGTGGGGGGAGTTTGCTCCTGG,GGGTGGGGGGAGTTAGTTGCAAG,0,sg8
GAATCCTAAAAACTCTGCTTCGG,GAATTCTAAAAACTCTGAAACTG,0,sg12
AAATGAGAAGAAGAGGCACAGGG,TAATGAGAAGAAAAAGAAAAGGA,0,sg9
GGGTGGGGGGAGTTTGCTCCTGG,GGGTGGGGGGAGGGGGCGGGTGG,0,sg8
GGGTGGGGGGAGTTTGCTCCTGG,GGGTGGGAGGTGGTGGTTCTTGG,0,sg8
AAATGAGAAGAAGAGGCACAGGG,AGAGTAGAAGAAGAGAAACAGGA,0,sg9
GACACCGAAGCAGAGTTTTTAGG,CCCTCTGAAGCAGAGTTTTTAAG,0,sg11
TGACATCAATTATTATACATCGG,TGACATCAATTGTAACACATGTA,0,sg10
AAATGAGAAGAAGAGGCACAGGG,AAATGAGAAAAAGAGCAAAGGGA,0,sg9
CTTGCCCCACAGGGCAGTAACGG,CTTGCCCCACAGGAAAGCAGCAT,0,sg3
CCAGTGAGTAGAGCGGAGGCAGG,CCAGTGAGTAGTACGGAGGTCAG,0,sg2
GACACCGAAGCAGAGTTTTTAGG,GAAAGACAAGCAGAGTTTTGAAG,0,sg11
AACACCAGTGAGTAGAGCGGAGG,AACACCAGTCATCAGAACGGCTG,0,sg1
GGTCCTGCCGCTGCTTGTCATGG,CGCCCCGCCGCTGCTTTGCATGA,0,sg4
AAATGAGAAGAAGAGGCACAGGG,AAATGAGAAACAGAGGAAGAAGA,0,sg9
CCAGTGAGTAGAGCGGAGGCAGG,CATTTGAGTAGAGCGAACGCAGC,0,sg2
GGGTGGGGGGAGTTTGCTCCTGG,GGGAGGGGTGGGGGTGCTCCTGG,0,sg8
TGACATCAATTATTATACATCGG,TGACATCAATGATAATCCACCTG,0,sg10
GGGTGGGGGGAGTTTGCTCCTGG,GGGTGGGGGGGGTTGGGTCTGGG,0,sg8
AAATGAGAAGAAGAGGCACAGGG,GACAGTGAAGAAGAGGCAGGGGG,0,sg9
CTTGCCCCACAGGGCAGTAACGG,CCTGCCCCACAGGGAAGTAGTTC,0,sg3
AACACCAGTGAGTAGAGCGGAGG,AACACCAGTAAATAACTTGGAGG,0,sg1
AAATGAGAAGAAGAGGCACAGGG,GAATGGGTGGAAGAGGCAGAGGT,0,sg9
AAATGAGAAGAAGAGGCACAGGG,AAAGGGGCAGAAGAGGCACCCAG,0,sg9
AAATGAGAAGAAGAGGCACAGGG,AGATGAGAAGAAAAGGCAGTGTG,0,sg9
AAATGAGAAGAAGAGGCACAGGG,AAATGAGAAGACAAGCCACAGAA,0,sg9
AAATGAGAAGAAGAGGCACAGGG,AAGTGAGAAGAACAGGCAAGATG,0,sg9
AACACCAGTGAGTAGAGCGGAGG,AGCAGCAGTGAGTAGACCCTCGG,0,sg1
AAATGAGAAGAAGAGGCACAGGG,ATATGTGAAGAAGAGTCACATTA,0,sg9
AAATGAGAAGAAGAGGCACAGGG,AAATGAGAAGCAGAGTCCCAGGC,0,sg9
GGGTGGGGGGAGTTTGCTCCTGG,GGGTGGGGGAAATTCGCAGCAGG,0,sg8
CTTGCCCCACAGGGCAGTAACGG,CTTGCCCCAGAGGTAGGTAGCAG,0,sg3
AAATGAGAAGAAGAGGCACAGGG,AAATGAGAAGAAAAGTGATAAGA,0,sg9
GGGTGGGGGGAGTTTGCTCCTGG,GGTTGGGGGGAGCTCGGGCATGG,0,sg8
TGACATCAATTATTATACATCGG,TCACCTCAATTATTATTCATTAT,0,sg10
CTTGCCCCACAGGGCAGTAACGG,CAGGCCCCACAGAGCAGCGAAGG,0,sg3
AAATGAGAAGAAGAGGCACAGGG,AAATGAGAATAAATGGATCAAGG,0,sg9
GACACCGAAGCAGAGTTTTTAGG,GTCACTGCAGCAGAGTTTTAACC,0,sg11
CCAGTGAGTAGAGCGGAGGCAGG,CGAGTGAGTAGAGACCAGGGAAG,0,sg2
CCAGTGAGTAGAGCGGAGGCAGG,CTGGGGAGGAAAGCGGAGGCAGA,0,sg2
AAATGAGAAGAAGAGGCACAGGG,AAATGAGAAAAAAAGCCAAAATG,0,sg9
GACACCGAAGCAGAGTTTTTAGG,GGCTCACAAGCAGAGTTTCTAGA,0,sg11
GAATCCTAAAAACTCTGCTTCGG,ACATCCTAAAAACTATTTTTCAG,0,sg12
CCTGCCTCCGCTCTACTCACTGG,CATTCCTTGCCTCTACTCACTAG,0,sg7
CTTGCCCCACAGGGCAGTAACGG,CTTGCCCCACCTGGCTGTAGGTG,0,sg3
GGGTGGGGGGAGTTTGCTCCTGG,TAATTGGGGGAGTTTTCTGCTGG,0,sg8
GGGTGGGGGGAGTTTGCTCCTGG,GGGTGGGGGGTGGTGACTGCTTG,0,sg8
CTTGCCCCACAGGGCAGTAACGG,CTAGCCCCACAGGAGTGTAAGTG,0,sg3
CCTGCCTCCGCTCTACTCACTGG,CCTGCCTCCACTCCTGCCGCTGG,0,sg7
GACACCGAAGCAGAGTTTTTAGG,TAGACCAAGGCAGAGTTTATAGT,0,sg11
AAATGAGAAGAAGAGGCACAGGG,AAAGGAAGTGATGAGGCACAGAG,0,sg9
GGTCCTGCCGCTGCTTGTCATGG,GGCCCTGCCGCTCCCTCTCCTGC,0,sg4
CTTGCCCCACAGGGCAGTAACGG,CTTGCCCCACACTGCATAAACCA,0,sg3
GACACCGAAGCAGAGTTTTTAGG,GACAGAGAAGCAGAGATGATAGT,0,sg11
ATGAACACCAGTGAGTAGAGCGG,ATGTACACAAGTGAGTAGATTAG,0,sg6
TGACATCAATTATTATACATCGG,TGACATCAATTAAAATACAATAA,0,sg10
AAATGAGAAGAAGAGGCACAGGG,AGTTCAGAAGAAGAGCCAAAGGT,0,sg9
AAATGAGAAGAAGAGGCACAGGG,ACAGGAGGGGAAGAGGCAGAGGA,0,sg9
GAATCCTAAAAACTCTGCTTCGG,CAATCCTAAAAACTATGATAAGC,0,sg12
AAATGAGAAGAAGAGGCACAGGG,AAATGAGAATCAAATACAAAGGG,0,sg9
TGACATCAATTATTATACATCGG,TGACATCAATCAATATAATTCAC,0,sg10
AATGACCACTACATCCTCAAGGG,AGTCTACACTACATCCTGAAGGA,0,sg5
GAATCCTAAAAACTCTGCTTCGG,GAATCCTAATATTTCTGTTGAGG,0,sg12
TGACATCAATTATTATACATCGG,TCACAAGAATTATTATACACCAA,0,sg10
AACACCAGTGAGTAGAGCGGAGG,AACACCAGTGAGAAGGGTGAAAG,0,sg1
AAATGAGAAGAAGAGGCACAGGG,GAAGGAGCAGAAGAGGCAGAGCC,0,sg9
AAATGAGAAGAAGAGGCACAGGG,AAAAGAGAAGAAGAGGTAAAAGC,0,sg9
GACACCGAAGCAGAGTTTTTAGG,CACACACACACAGAGTTTTTAGT,0,sg11
CCTGCCTCCGCTCTACTCACTGG,CCTGCCTCCCATCTTTCCACTGT,0,sg7
AAATGAGAAGAAGAGGCACAGGG,AAATGAGAATGAGTGGCACAGTT,0,sg9
GGGTGGGGGGAGTTTGCTCCTGG,GGCTGGGGGGAGAGTCCTCGTGT,0,sg8
GAATCCTAAAAACTCTGCTTCGG,GATTCCTAAAAAGATTCCTTCTG,0,sg12
GAATCCTAAAAACTCTGCTTCGG,TAACACTGAACACTCTGCTTCAG,0,sg12
CTTGCCCCACAGGGCAGTAACGG,CAAGCCCCACAGGGCAGGGACCA,0,sg3
ATGAACACCAGTGAGTAGAGCGG,AGTAAGACCATGGAGTAGAGCAG,0,sg6
CCTGCCTCCGCTCTACTCACTGG,CCCACAACTGCACTACTCACTGG,0,sg7
TGACATCAATTATTATACATCGG,TGACATCAAGTGTTTTAAATCTC,0,sg10
CTTGCCCCACAGGGCAGTAACGG,CTTGCCCCACAGGGTGGTTGTGG,0,sg3
AAATGAGAAGAAGAGGCACAGGG,AAATGAGAAGGTAAGCCACAGAC,0,sg9
AATGACCACTACATCCTCAAGGG,GATGACCACTACAACATGTAGGT,0,sg5
CCAGTGAGTAGAGCGGAGGCAGG,CCTGGTAGTGGAGCGGAGGCACG,0,sg2
AAATGAGAAGAAGAGGCACAGGG,AAATGAGAAGATAAGCCACAGAA,0,sg9
AAATGAGAAGAAGAGGCACAGGG,AAAGGTGAAGAAGAGTGACATTG,0,sg9
AAATGAGAAGAAGAGGCACAGGG,AAATGAGAAGAAAACACACATAT,0,sg9
CCTGCCTCCGCTCTACTCACTGG,TGCGCCTCCGCTGTAATCACTGG,0,sg7
GGGTGGGGGGAGTTTGCTCCTGG,GGGTGGGGGCAGGCTGCTGCTAA,0,sg8
AATGACCACTACATCCTCAAGGG,AAAGAGTTCTGCATCCTCAAGGC,0,sg5
AAATGAGAAGAAGAGGCACAGGG,GGCTGAGATTCAGAGGCACAGGG,0,sg9
TGACATCAATTATTATACATCGG,TGCCATTATTTATTATACATATG,0,sg10
AAATGAGAAGAAGAGGCACAGGG,TGATGAGAAGAAGGGGAGAAGGG,0,sg9
GACACCGAAGCAGAGTTTTTAGG,TAACCCAAATCAGAGTTTTTAGT,0,sg11
ATGAACACCAGTGAGTAGAGCGG,GAGAAGTCCAGTGAGTAGAGCTC,0,sg6
CCTGCCTCCGCTCTACTCACTGG,CCTGCCTCCCCTCCTCCCACAGG,0,sg7
TGACATCAATTATTATACATCGG,TTCTACCAATTATTATAAATCTG,0,sg10
AAATGAGAAGAAGAGGCACAGGG,TGATTAGAAGAAGAGGAGAAGGG,0,sg9
AATGACCACTACATCCTCAAGGG,AATGACCACTTCAAAGTAAATGG,0,sg5
GGGTGGGGGGAGTTTGCTCCTGG,GGGTGGGGGGGGTCATCTCTAGG,0,sg8
AAATGAGAAGAAGAGGCACAGGG,GAAGAAGAAGAAGAGGCACAGCA,0,sg9
GAATCCTAAAAACTCTGCTTCGG,GAACCCTGCAAACTCTGCATCAG,0,sg12
AATGACCACTACATCCTCAAGGG,ATGCAGCACTACATCCTGAAGGC,0,sg5
CCTGCCTCCGCTCTACTCACTGG,CCACCCCCTGCTCTACTCACCAG,0,sg7
TGACATCAATTATTATACATCGG,TGACACCAATTATTATGCCTTTG,0,sg10
GAATCCTAAAAACTCTGCTTCGG,AAATCCTCAATACTCTGCTTCCA,0,sg12
AAATGAGAAGAAGAGGCACAGGG,CTAGGGAAAGATGAGGCACAGGG,0,sg9
AACACCAGTGAGTAGAGCGGAGG,AACAGAATAGAGTAGAGCAGAAG,0,sg1
AAATGAGAAGAAGAGGCACAGGG,AACTGGGAAGAAGAGCCCCTGGG,0,sg9
GGGTGGGGGGAGTTTGCTCCTGG,GGGTGGGGGGTGCTTGCCTCCCG,0,sg8
GGGTGGGGGGAGTTTGCTCCTGG,GGGTGGGGGTACTTTTAGCCAGG,0,sg8
AAATGAGAAGAAGAGGCACAGGG,GGAACAGAACAAGAGGCACAGGA,0,sg9
CCTGCCTCCGCTCTACTCACTGG,CTTGCCTCCGCTCCACTCAGCGC,0,sg7
CCTGCCTCCGCTCTACTCACTGG,CCTGGTGTTCCTCTACTCACTGG,0,sg7
GAATCCTAAAAACTCTGCTTCGG,AAGCCCTAAAAACTCTACTTCCT,0,sg12
CTTGCCCCACAGGGCAGTAACGG,CAGGCCCCACAGGGAACTAACAA,0,sg3
AAATGAGAAGAAGAGGCACAGGG,AAATGAGAAAAATAGGAAAAAGA,0,sg9
AATGACCACTACATCCTCAAGGG,CTGGTCCACTACATCAGCAAGGG,0,sg5
CTTGCCCCACAGGGCAGTAACGG,TTTGCCCCACAGGGCATATTTGG,0,sg3
GGTCCTGCCGCTGCTTGTCATGG,GGTCCTGCCCCTGCCACTCCTCG,0,sg4
AAATGAGAAGAAGAGGCACAGGG,AAAGAGGAAGAAGAGACACAGAC,0,sg9
GAATCCTAAAAACTCTGCTTCGG,GGATCCTAAAAATTTTGATTCCT,0,sg12
AATGACCACTACATCCTCAAGGG,AATGACCACTACAGGGGCAGGGG,0,sg5
AAATGAGAAGAAGAGGCACAGGG,AAGGGAGAAGAAGAGGCCTCAGG,0,sg9
GGGTGGGGGGAGTTTGCTCCTGG,GGGTGGGGGCTGGAGGCCCCTGG,0,sg8
AAATGAGAAGAAGAGGCACAGGG,GAAGGAGAAGAAGAGGAAAAAGG,0,sg9
AAATGAGAAGAAGAGGCACAGGG,AGATGATGTGAAGAGGCACAGCT,0,sg9
AAATGAGAAGAAGAGGCACAGGG,AAATGAGGCTCTGAGGCACAGGG,0,sg9
CTTGCCCCACAGGGCAGTAACGG,CTTGCCCCACAGGGCATCTGGTG,0,sg3
AAATGAGAAGAAGAGGCACAGGG,AAATGAGAAGATGAGGGAAAGGA,0,sg9
TGACATCAATTATTATACATCGG,TCAGTTCAATTATTATAACTGGG,0,sg10
AATGACCACTACATCCTCAAGGG,AAGGATGACAATATCCTCAAGTG,0,sg5
GAATCCTAAAAACTCTGCTTCGG,GAATCTTAAAAACTCTGATCTTT,0,sg12
GGGTGGGGGGAGTTTGCTCCTGG,TGGTCTGGGGAGTTTGCCCCCAG,0,sg8
GACACCGAAGCAGAGTTTTTAGG,GAAGCTGAAGCAGAGATTTTAAG,0,sg11
TGACATCAATTATTATACATCGG,AGACATCAATTATTTCAAATAGT,0,sg10
CCAGTGAGTAGAGCGGAGGCAGG,CCAGTGAGTATAACTGATCCTGG,0,sg2
AACACCAGTGAGTAGAGCGGAGG,ACCACCAGTGAGGAACTCAGAGG,0,sg1
GGGTGGGGGGAGTTTGCTCCTGG,TGATTGGGTGAGTTTGCTGCTGA,0,sg8
TGACATCAATTATTATACATCGG,TGACATCAATTTTTTCAAATAGT,0,sg10
AAATGAGAAGAAGAGGCACAGGG,AGATTTGAAGATGAGGCACAGAG,0,sg9
GGGTGGGGGGAGTTTGCTCCTGG,GGGTGGGGGAGGCTTGCCCCTCA,0,sg8
CCAGTGAGTAGAGCGGAGGCAGG,ATAGTGAGTAGACAGGAGCCAGC,0,sg2
GGGTGGGGGGAGTTTGCTCCTGG,AAGTTAAGGGAGTTTGCTCCTGC,0,sg8
GAATCCTAAAAACTCTGCTTCGG,ATGTCCTCAAAACTCTGCCTCTG,0,sg12
GGGTGGGGGGAGTTTGCTCCTGG,GGGTGGGAGGAGATGGCTGGTGG,0,sg8
TGACATCAATTATTATACATCGG,TCATATAAATTATTATACATTCT,0,sg10
ATGAACACCAGTGAGTAGAGCGG,ATGAAAGGCATGGAGTAGAGCTG,0,sg6
AAATGAGAAGAAGAGGCACAGGG,AAATGAGAAGAAAATACAAAAGG,0,sg9
AAATGAGAAGAAGAGGCACAGGG,ACATGAGAAGAAACAGCAGAGGC,0,sg9
ATGAACACCAGTGAGTAGAGCGG,ATTTATCTCAGTGAGTAGAGGGG,0,sg6
AAATGAGAAGAAGAGGCACAGGG,CATGGGGAAGCAGAGGCACAGGG,0,sg9
ATGAACACCAGTGAGTAGAGCGG,ATGAACACCAGTGAATTGTTCCC,0,sg6
AAATGAGAAGAAGAGGCACAGGG,AAATGAGAATATGAGAAGTAGGG,0,sg9
TGACATCAATTATTATACATCGG,AGCAATCTATTATTATACATGGA,0,sg10
AAATGAGAAGAAGAGGCACAGGG,AAATTTGGAGAAGAGGCACAGGA,0,sg9
CCTGCCTCCGCTCTACTCACTGG,CCTGCCTCCACTCTACAGAGGTG,0,sg7
AAATGAGAAGAAGAGGCACAGGG,GAATGTAATGAAGAGGCAAATGG,0,sg9
TGACATCAATTATTATACATCGG,TGACATCAATGTTTTAACATTTG,0,sg10
GGGTGGGGGGAGTTTGCTCCTGG,GCGTGTGCGGAGTTTGCTCCTTC,0,sg8
CCAGTGAGTAGAGCGGAGGCAGG,ACAGTGAGTAGAGTGAATGCAAA,0,sg2
CCTGCCTCCGCTCTACTCACTGG,CATCCCTGACCTCTACTCACTAG,0,sg7
AATGACCACTACATCCTCAAGGG,AATGACCACTAAGTGTTCAAGTG,0,sg5
GAATCCTAAAAACTCTGCTTCGG,AACTCCTAAAAATTCTACTAAGG,0,sg12
AAATGAGAAGAAGAGGCACAGGG,ATAAAAGAAGAAGAGGAAAAGGA,0,sg9
GGGTGGGGGGAGTTTGCTCCTGG,GGGTGGGGGCAATTTGCCCCTGA,0,sg8
AAATGAGAAGAAGAGGCACAGGG,ACATGTGAACCAGAGGCACAGTA,0,sg9
GAATCCTAAAAACTCTGCTTCGG,AATTCCTAAAAACTCTGCCTCCA,0,sg12
GGGTGGGGGGAGTTTGCTCCTGG,GGGTGCGGGGAGGGTGCTCCCAT,0,sg8
CCTGCCTCCGCTCTACTCACTGG,CCCGCCTCCGCTCTGCTCTGCGC,0,sg7
CCAGTGAGTAGAGCGGAGGCAGG,GCGGTGGGGAGAGCGGAGCCTGG,0,sg2
ATGAACACCAGTGAGTAGAGCGG,TTGAAAACCAGTGAGCAAATCAG,0,sg6
AAATGAGAAGAAGAGGCACAGGG,AAATGAGAATAAGATTTACAGGA,0,sg9
AAATGAGAAGAAGAGGCACAGGG,AGAAAAGAAGAAGAGGAAGAAGG,0,sg9
AAATGAGAAGAAGAGGCACAGGG,AGAAGTGAAGAAGAGGGCCGGGG,0,sg9
CCAGTGAGTAGAGCGGAGGCAGG,CCAGTGAGTAGGCTGGAGCAAGT,0,sg2
GGGTGGGGGGAGTTTGCTCCTGG,GGGTGGGGGGTCCTGGCTCTAGG,0,sg8
AAATGAGAAGAAGAGGCACAGGG,AGCTCAGAAGAAGAGTGGCAGGG,0,sg9
GAATCCTAAAAACTCTGCTTCGG,GATGCCACAAAACTCTGCTTGGC,0,sg12
CCTGCCTCCGCTCTACTCACTGG,CCTGCCTCCTCTTTGCCCACTCC,0,sg7
GAATCCTAAAAACTCTGCTTCGG,GCATCCTAAAAACGGGTCTTCTG,0,sg12
AAATGAGAAGAAGAGGCACAGGG,AAATTTGAAGAAGAGATATAGGA,0,sg9
AAATGAGAAGAAGAGGCACAGGG,TGATGGGGAGAAGAGGCACAGAG,0,sg9
AAATGAGAAGAAGAGGCACAGGG,AAATGAGAAGAACTGTGACAGTG,0,sg9
GGGTGGGGGGAGTTTGCTCCTGG,GGGTGGGGGCTGTTCGCTCCATG,0,sg8
AACACCAGTGAGTAGAGCGGAGG,AACACCAGTAAGTTGAATTCAGG,0,sg1
GACACCGAAGCAGAGTTTTTAGG,GAGACCGCTAAAGAGTTTTTAAG,0,sg11
CCTGCCTCCGCTCTACTCACTGG,CCTGCCTCCCTTGTCCCCACTGA,0,sg7
CCTGCCTCCGCTCTACTCACTGG,CCTGCCTCCCCCAAACTCACTTT,0,sg7
AAATGAGAAGAAGAGGCACAGGG,CATTGAGAAGAAAAGCCAAAGGT,0,sg9
GACACCGAAGCAGAGTTTTTAGG,GGCACCGAAGCAGAATATGAAGT,0,sg11
TGACATCAATTATTATACATCGG,TTACTCCTATTATTATACATTGT,0,sg10
GACACCGAAGCAGAGTTTTTAGG,GAGGCCGAAGCAGAGACTGTGGG,0,sg11
GACACCGAAGCAGAGTTTTTAGG,GACAACAATGCAGAGTTTGAAGC,0,sg11
CTTGCCCCACAGGGCAGTAACGG,CTTGCCCCACAGCTCAGTAATGC,0,sg3
AAATGAGAAGAAGAGGCACAGGG,AAATGAGAAAAAGAAGAGCAATG,0,sg9
CTTGCCCCACAGGGCAGTAACGG,CCTGCTCTGCAGGGCAGTCACAG,0,sg3
CTTGCCCCACAGGGCAGTAACGG,TTTGTCCCACAGGGCACAACTGG,0,sg3
GGGTGGGGGGAGTTTGCTCCTGG,TGGGGGGTGGGGGGTGCTCCTGG,0,sg8
AACACCAGTGAGTAGAGCGGAGG,AAAACCAGTGAGCAGAGAGCATA,0,sg1
AAATGAGAAGAAGAGGCACAGGG,AAAAGAGAAGAAGAGTCCCCAGC,0,sg9
CTTGCCCCACAGGGCAGTAACGG,CTTGCCCCACAGCAGAGTGAGGG,0,sg3
AAATGAGAAGAAGAGGCACAGGG,AAATGAGAAGACTAAGCGAGGGG,0,sg9
AAATGAGAAGAAGAGGCACAGGG,AAATAAGAAGAAGAGGAAGAGGA,0,sg9
GGTCCTGCCGCTGCTTGTCATGG,AGCCCGGCCGCTGCTTGTCTTTT,0,sg4
GACACCGAAGCAGAGTTTTTAGG,GTCATGGAAGCAGAGTTTATAGT,0,sg11
ATGAACACCAGTGAGTAGAGCGG,ATAAACACCAGTGGTCAGATCTG,0,sg6
AAATGAGAAGAAGAGGCACAGGG,AAGTAGGAAGAAGAGTGACTGGG,0,sg9
TGACATCAATTATTATACATCGG,AGAAATGAATTATTATACATGTA,0,sg10
TGACATCAATTATTATACATCGG,GGAAGTCAATTATTATACATAGA,0,sg10
GACACCGAAGCAGAGTTTTTAGG,GCGGGAGAAGCAGAGTTTTGAGG,0,sg11
GGGTGGGGGGAGTTTGCTCCTGG,GGGTGGGGGGAGTGGGGATCAGG,0,sg8
GGGTGGGGGGAGTTTGCTCCTGG,GGGTGGGGGGAGGCTGGGACAGG,0,sg8
CCTGCCTCCGCTCTACTCACTGG,CCTGCCTCCTCTTTAGTCACTAA,0,sg7
GACACCGAAGCAGAGTTTTTAGG,GAAACAGAAGCAGAGTGTTTAGG,1,sg11
TGACATCAATTATTATACATCGG,TTACATCAATTAATTTGCATATG,0,sg10
GAATCCTAAAAACTCTGCTTCGG,CAGTCCTAAAAACTTTCCTTAAG,0,sg12
GGGTGGGGGGAGTTTGCTCCTGG,GCGGGGGTGGGGGTGGCTCCTGG,0,sg8
AAATGAGAAGAAGAGGCACAGGG,GCAGGAGAAGAAGAGAAACAGAG,0,sg9
AAATGAGAAGAAGAGGCACAGGG,AAGGGAGGGGAAGAGGCAGAGAG,0,sg9
AAATGAGAAGAAGAGGCACAGGG,CAAGGAAGAGAAGAGGCACTGTG,0,sg9
AAATGAGAAGAAGAGGCACAGGG,AAATGAGAACAAAAGACACAAAA,0,sg9
AAATGAGAAGAAGAGGCACAGGG,AAAGGAGAAGAAGAGTAGGAGGA,0,sg9
GGGTGGGGGGAGTTTGCTCCTGG,GGGTGGGGGCGGTTTGAGCCTGG,0,sg8
CTTGCCCCACAGGGCAGTAACGG,CTTGCCCCAGTGGGAAGTGCAGG,0,sg3
ATGAACACCAGTGAGTAGAGCGG,ATTAACACCAGTGAGGAAGAAGG,0,sg6
AAATGAGAAGAAGAGGCACAGGG,AAATGAGAACCTGAGGCCCAGAG,0,sg9
CCTGCCTCCGCTCTACTCACTGG,CCTGCCTCCTCTCTCATTCCTGG,0,sg7
AAATGAGAAGAAGAGGCACAGGG,AAATGAGAAAATGAGTCACAGTG,0,sg9
AACACCAGTGAGTAGAGCGGAGG,AAGACCAGTGAGTGGACAGCAGA,0,sg1
AAATGAGAAGAAGAGGCACAGGG,GAAAAAGGAGAAGAGGCAAGGGG,0,sg9
GGGTGGGGGGAGTTTGCTCCTGG,GGGTGGGGGTAGTTTCCGGATGA,0,sg8
AAATGAGAAGAAGAGGCACAGGG,AGGGGGTAAGAAGAGGCACGGGG,0,sg9
ATGAACACCAGTGAGTAGAGCGG,GTTCCCACCAGTGAGTAGACTGG,0,sg6
CTTGCCCCACAGGGCAGTAACGG,CTTGCCCCAGAAGGCTGTAGGGT,0,sg3
GGTCCTGCCGCTGCTTGTCATGG,GGGGGAGCCTCTGCTTGTCATTG,0,sg4
CCAGTGAGTAGAGCGGAGGCAGG,CCAGTGAGTACACAGAAGTCAAG,0,sg2
GACACCGAAGCAGAGTTTTTAGG,GACCAAGAAGCAGAGTTTTCTGG,0,sg11
AAATGAGAAGAAGAGGCACAGGG,AAGAGAGAAGAAGAGAGAAAGAG,0,sg9
GGGTGGGGGGAGTTTGCTCCTGG,GGGTCTCCGGTGTTTGCTCCTGG,0,sg8
AAATGAGAAGAAGAGGCACAGGG,GCATGGAAAAAGGAGGCACAGGG,0,sg9
GGGTGGGGGGAGTTTGCTCCTGG,GGCTGGGGGGAGCCCTCTCCTGC,0,sg8
TGACATCAATTATTATACATCGG,TAACATCAATTAGTAAGCATCAT,0,sg10
AAATGAGAAGAAGAGGCACAGGG,AAATGAGAAAAAAAGAAAGAGTG,0,sg9
TGACATCAATTATTATACATCGG,TGATATTAGTTATTATACATAAC,0,sg10
AAATGAGAAGAAGAGGCACAGGG,AAAGTAGAAGAAGAGACACCCCG,0,sg9
CCAGTGAGTAGAGCGGAGGCAGG,GCAGCCAGTCGAGCGGAGGCACA,0,sg2
AAATGAGAAGAAGAGGCACAGGG,AAATGAGAAGACTGAGTACAGAG,0,sg9
CCTGCCTCCGCTCTACTCACTGG,CCTGCCCCACCTCTACTCACTGA,0,sg7
ATGAACACCAGTGAGTAGAGCGG,ATCAACACCAGTGAGTGGCCCTC,0,sg6
ATGAACACCAGTGAGTAGAGCGG,AACAACACCAGTAAAAAGAGCGT,0,sg6
AACACCAGTGAGTAGAGCGGAGG,AATACCAGTGAGGACAGCAGACA,0,sg1
AAATGAGAAGAAGAGGCACAGGG,AAAGTCGAAGAAGAGGCAAAAGA,0,sg9
AAATGAGAAGAAGAGGCACAGGG,ATGGGAGCAGAGGAGGCACAGAG,0,sg9
ATGAACACCAGTGAGTAGAGCGG,ATGGAAAGGAGTGAGTAGAGGGT,0,sg6
AAATGAGAAGAAGAGGCACAGGG,GAAGAGGAAGCTGAGGCACAGGG,0,sg9
AAATGAGAAGAAGAGGCACAGGG,CAAAGAGAGGATGAGGCACAGGA,0,sg9
AATGACCACTACATCCTCAAGGG,GAAGAGGGCTGCATCCTCAAGGG,0,sg5
AAATGAGAAGAAGAGGCACAGGG,AATTGGGAAGAAGAGCCATAGGA,0,sg9
AAATGAGAAGAAGAGGCACAGGG,TTCTAAGAAGAAGAGGCAAAGAG,0,sg9
TGACATCAATTATTATACATCGG,TGACATCAAATAGTATATATGTT,0,sg10
AAATGAGAAGAAGAGGCACAGGG,GGAAGAGAAGAAGAGAGAGAGGG,0,sg9
AAATGAGAAGAAGAGGCACAGGG,AACTCAGAGGAAGAGGCAGGGGC,0,sg9
CCAGTGAGTAGAGCGGAGGCAGG,CCAGTGAGTCAACAGGAGTGAGG,0,sg2
GACACCGAAGCAGAGTTTTTAGG,GAGACTGAAGCAGAGTGATCAAG,0,sg11
GGGTGGGGGGAGTTTGCTCCTGG,GGGTGGGGGGTGCTTGCCCCCCC,0,sg8
AAATGAGAAGAAGAGGCACAGGG,AAAGAGGAAGAAGAGGGGCTGGG,0,sg9
CCAGTGAGTAGAGCGGAGGCAGG,CCAGTGAGTGGGTCTGGGGCAAG,0,sg2
AAATGAGAAGAAGAGGCACAGGG,GAAAAAGAAGAAGAGGAGGAGGG,0,sg9
GGGTGGGGGGAGTTTGCTCCTGG,GGTTGGGGGGAGTTGTCTGTTGA,0,sg8
ATGAACACCAGTGAGTAGAGCGG,ATGAACACCATGGTTTACAGAGG,0,sg6
AAATGAGAAGAAGAGGCACAGGG,AGAGGTGGACATGAGGCACAGGG,0,sg9
CCTGCCTCCGCTCTACTCACTGG,CTGGCCTCTGCTCTACTCACAAG,0,sg7
GAATCCTAAAAACTCTGCTTCGG,AAATTGTATTAACTCTGCTTCAG,0,sg12
CCTGCCTCCGCTCTACTCACTGG,CCTGCCTCCACTCTGGGGGCTGG,0,sg7
AAATGAGAAGAAGAGGCACAGGG,GATAGGGAAAATGAGGCACAGGG,0,sg9
CCTGCCTCCGCTCTACTCACTGG,CCTGGGTTCTGGCTACTCACTGG,0,sg7
AAATGAGAAGAAGAGGCACAGGG,AAATGAGAAGGAGGAGGACAATG,0,sg9
CCAGTGAGTAGAGCGGAGGCAGG,CTAGTGAGTAGAGGGCAGGGATG,0,sg2
TGACATCAATTATTATACATCGG,AGAAATGAATTATTATACTTCAT,0,sg10
GACACCGAAGCAGAGTTTTTAGG,GATACTGAAGCAGAGTTTGCATA,0,sg11
GAATCCTAAAAACTCTGCTTCGG,GAATTTTCAAAACTCTGCTAAGG,0,sg12
GAATCCTAAAAACTCTGCTTCGG,CAATCCTCTAAACTCTGCCTTGA,0,sg12
TGACATCAATTATTATACATCGG,CAGCATCAATTATTATAATTCAG,0,sg10
TGACATCAATTATTATACATCGG,TGACATCAAGCATAATACAACAT,0,sg10
CCAGTGAGTAGAGCGGAGGCAGG,CTACTCAGGAGGGCGGAGGCAGG,0,sg2
AAATGAGAAGAAGAGGCACAGGG,GAATGAGAAGAAGAGCCACAGAC,0,sg9
AAATGAGAAGAAGAGGCACAGGG,GAAGGAGAAGAAGAGGAAAAGCC,0,sg9
AAATGAGAAGAAGAGGCACAGGG,AGGTGAGGAAATGAGGCACAGGC,0,sg9
GGGTGGGGGGAGTTTGCTCCTGG,GGGTGGGGGCTGTTAGGGCCTAG,0,sg8
TGACATCAATTATTATACATCGG,TGACATCAATTTTCTTTCTTCTG,0,sg10
TGACATCAATTATTATACATCGG,AGACATCAATTATTCCCTAACGG,0,sg10
AAATGAGAAGAAGAGGCACAGGG,AAATGAGAAAATGAGGGTGAGAG,0,sg9
AAATGAGAAGAAGAGGCACAGGG,AAATGAGAAATAGAGCCACCATG,0,sg9
TGACATCAATTATTATACATCGG,CAAAGTCAATAATTATACATCAG,0,sg10
GGGTGGGGGGAGTTTGCTCCTGG,GGGTGGGGGGAGCATGGCGCAGG,0,sg8
AAATGAGAAGAAGAGGCACAGGG,TAAAGATGAGAAGAAACACAGGG,0,sg9
CTTGCCCCACAGGGCAGTAACGG,TGGGCCCCACAGGGCAGCAGCTG,0,sg3
AACACCAGTGAGTAGAGCGGAGG,AACACCAGTTAGGGGTGCAGAAG,0,sg1
AAATGAGAAGAAGAGGCACAGGG,AGATAAAAAGAGGAGGCACAGAA,0,sg9
CCTGCCTCCGCTCTACTCACTGG,CCTGCCTCCACTTTTCCCTCTGC,0,sg7
AAATGAGAAGAAGAGGCACAGGG,CGATGACCTGAAGAGGCACAGGA,0,sg9
AAATGAGAAGAAGAGGCACAGGG,AAATAAGGGGTTGAGGCACAGAG,0,sg9
CCTGCCTCCGCTCTACTCACTGG,CCTGCCTCCCTTCTTCACCCTTG,0,sg7
AAATGAGAAGAAGAGGCACAGGG,AAAGGTTTGGAAGAGGCACAGAG,0,sg9
AAATGAGAAGAAGAGGCACAGGG,AAATGAGAAGGTGAGCTAGAGCG,0,sg9
GAATCCTAAAAACTCTGCTTCGG,GATTCCTGATTGCTCTGCTTCTG,0,sg12
GGTCCTGCCGCTGCTTGTCATGG,GGTCCTGCCTCAGCCTCCCAGGG,0,sg4
GGTCCTGCCGCTGCTTGTCATGG,GATACTGATGCTGCTTGTCCTTG,0,sg4
AAATGAGAAGAAGAGGCACAGGG,AAAATTGAGCAGGAGGCACAGGG,0,sg9
GGTCCTGCCGCTGCTTGTCATGG,GGTCCTGCCACTGCTACTATGGG,0,sg4
AACACCAGTGAGTAGAGCGGAGG,AACACCAGTGGGAAGAGAGGTTC,0,sg1
GACACCGAAGCAGAGTTTTTAGG,GACACCGAAGCAGAGGTTTCAAC,0,sg11
AACACCAGTGAGTAGAGCGGAGG,AACACCAGTGTCTAGATGGGATG,0,sg1
GAATCCTAAAAACTCTGCTTCGG,TAGCCCTGAAAACTCTGCTTTGT,0,sg12
GACACCGAAGCAGAGTTTTTAGG,GGCACTAAACCAGAGTTTTTACC,0,sg11
AAATGAGAAGAAGAGGCACAGGG,GCCAGAGGAGAGGAGGCACAGGG,0,sg9
ATGAACACCAGTGAGTAGAGCGG,ATGATCAACAGTGAGTAGTCAAG,0,sg6
GGGTGGGGGGAGTTTGCTCCTGG,GGGTGGGGGGAGTCGTGGCCTCG,0,sg8
ATGAACACCAGTGAGTAGAGCGG,GTGAACATCAGTGAGTAGAAAGT,0,sg6
GAATCCTAAAAACTCTGCTTCGG,GAATTATTCAAACTCTGCTTTGG,0,sg12
CCTGCCTCCGCTCTACTCACTGG,CCTGCCTCCTCTCTACCCCCTCC,0,sg7
AAATGAGAAGAAGAGGCACAGGG,GCATGACATGAAGAGGCACGGGC,0,sg9
AAATGAGAAGAAGAGGCACAGGG,AGCTGAGAAGAACAGGCAAGGAG,0,sg9
GGGTGGGGGGAGTTTGCTCCTGG,GGGGGTGGGGGGTGTGTTCCAGG,0,sg8
AAATGAGAAGAAGAGGCACAGGG,AGAGGAGACAATGAGGCACAGAG,0,sg9
GGTCCTGCCGCTGCTTGTCATGG,GGTCCTGCCACTCATTATCTTTG,0,sg4
TGACATCAATTATTATACATCGG,TGACATCAATTTCAATATATATG,0,sg10
ATGAACACCAGTGAGTAGAGCGG,AATAACACCAGTGAATAGTTCAG,0,sg6
GGTCCTGCCGCTGCTTGTCATGG,TGTCCTGCTGCTGCTTGTCGCAG,0,sg4
AACACCAGTGAGTAGAGCGGAGG,AAAAGCAGTGAGTAGATCGGTTT,0,sg1
CTTGCCCCACAGGGCAGTAACGG,CTAGTGCCACAGGGCAGAGAAGG,0,sg3
AAATGAGAAGAAGAGGCACAGGG,AAATGAGAAAAATAGGCACAGAA,0,sg9
CTTGCCCCACAGGGCAGTAACGG,CTTGGCCCACAGGGCACTATGTG,0,sg3
GGTCCTGCCGCTGCTTGTCATGG,GGACCTGCCGCTCCTCGGCCTGT,0,sg4
GGTCCTGCCGCTGCTTGTCATGG,CGACTTTCTGCTGCTTGTCATGA,0,sg4
ATGAACACCAGTGAGTAGAGCGG,ATGAACACCAGTGAGTTCAGACT,0,sg6
CCAGTGAGTAGAGCGGAGGCAGG,CCAGGGAAGAGGGCGGAGGCATG,0,sg2
AAATGAGAAGAAGAGGCACAGGG,AAAGATCTAGAAGAGGCAGAGGG,0,sg9
AAATGAGAAGAAGAGGCACAGGG,AAATGAGAAGCAGGGGTAAAGGG,0,sg9
AAATGAGAAGAAGAGGCACAGGG,AAATGAGAAGTATAGGTCAGGGG,0,sg9
GAATCCTAAAAACTCTGCTTCGG,GCATAATGATAACTCTGCTTCTG,0,sg12
GGGTGGGGGGAGTTTGCTCCTGG,GGCTGGAGGGAGTTTGCTGAGGA,0,sg8
AAATGAGAAGAAGAGGCACAGGG,ATAGGGGAAGAAGAGGGACAGAA,0,sg9
TGACATCAATTATTATACATCGG,CTACATCAATTATTATATTTCCT,0,sg10
ATGAACACCAGTGAGTAGAGCGG,CTTAACACCAGTGATTACAGTGC,0,sg6
AAATGAGAAGAAGAGGCACAGGG,AAATGAGAATCAGAAGAACAGAG,0,sg9
GGGTGGGGGGAGTTTGCTCCTGG,GGGGGTGGGGGTTTTGCTGCTGG,0,sg8
ATGAACACCAGTGAGTAGAGCGG,ATATGCACCAGTGAGTGGGGTGG,0,sg6
AATGACCACTACATCCTCAAGGG,AATAACCTAAACATCCTCAAGTT,0,sg5
CCAGTGAGTAGAGCGGAGGCAGG,ACAGTGGGGAGAGCGGAGGTGGG,0,sg2
AAATGAGAAGAAGAGGCACAGGG,AAATGAGAACATGAAGCATTTGG,0,sg9
AATGACCACTACATCCTCAAGGG,AAAGACCACTACAGAGTCCAGTG,0,sg5
CTTGCCCCACAGGGCAGTAACGG,CTTGCCCCACGCTGCAGGAAGGG,0,sg3
ATGAACACCAGTGAGTAGAGCGG,ACGGATAGCAGTGAGTAGACTGG,0,sg6
AAATGAGAAGAAGAGGCACAGGG,CCGTGAGAAGAAGGGTCACTGGG,0,sg9
CCTGCCTCCGCTCTACTCACTGG,CCTGCCTCCTCTTCACCCACCAG,0,sg7
AAATGAGAAGAAGAGGCACAGGG,AAATGAGAAAAACAGGGACAAGG,0,sg9
AAATGAGAAGAAGAGGCACAGGG,AAGTGAGAAGAAGAAGAAGAGGA,0,sg9
CCAGTGAGTAGAGCGGAGGCAGG,CTGGTGCACAGGGCGGAGGCAGG,0,sg2
CCAGTGAGTAGAGCGGAGGCAGG,CCAGTGAGTGGAACGCCGTCGGG,0,sg2
CTTGCCCCACAGGGCAGTAACGG,CATGCTCCACAGGGCAGCCAGGA,0,sg3
GGGTGGGGGGAGTTTGCTCCTGG,GGGTGGGGGGATTTTATGGCAGG,0,sg8
CCAGTGAGTAGAGCGGAGGCAGG,GCAGTGGAGGCAGCGGAGGCAGG,0,sg2
GGGTGGGGGGAGTTTGCTCCTGG,GGGTTCCCAGTGTTTGCTCCTGG,0,sg8
AAATGAGAAGAAGAGGCACAGGG,AAAGGAGAAGAAGAGAAGGAGGG,0,sg9
AAATGAGAAGAAGAGGCACAGGG,AAATGAGAATGAGATCCAGAGGC,0,sg9
GAATCCTAAAAACTCTGCTTCGG,GAATCCTAATAGTTTTGTTTTGG,0,sg12
GGGTGGGGGGAGTTTGCTCCTGG,TGGTGGGGGGAGGCTGCTGGTAG,0,sg8
GGGTGGGGGGAGTTTGCTCCTGG,GGGTGGGGGGAGATGGAGTCTTG,0,sg8
GAATCCTAAAAACTCTGCTTCGG,GGATCCTAAAAACACCTCTTCCA,0,sg12
AAATGAGAAGAAGAGGCACAGGG,AAATGAGAAAAAGAAAGGCAGGA,0,sg9
GGTCCTGCCGCTGCTTGTCATGG,GGTCCTGCCTCTAAATGTTATGC,0,sg4
CCAGTGAGTAGAGCGGAGGCAGG,CCAGTGAGTTCCACGGGGTCAGG,0,sg2
AAATGAGAAGAAGAGGCACAGGG,AAATGAGAATTAGAGAGACAAAG,0,sg9
CCTGCCTCCGCTCTACTCACTGG,CCTGCCTCCTCTCCAGCATCTGG,0,sg7
CTTGCCCCACAGGGCAGTAACGG,CTTGCCCCAAAAGCCATTAGTGG,0,sg3
GGTCCTGCCGCTGCTTGTCATGG,GGTCCTGCCACTACTTGTTGAAG,0,sg4
CCAGTGAGTAGAGCGGAGGCAGG,CCAGTGAGTGGAGGGAAGGAGGT,0,sg2
AAATGAGAAGAAGAGGCACAGGG,AAAAGAGCAGAAGAGGCAAAAGC,0,sg9
CCTGCCTCCGCTCTACTCACTGG,CCTGCCTCCTCTTTGCTCAGCAG,0,sg7
CCTGCCTCCGCTCTACTCACTGG,CCTGCCTCCTCCCTGCACCCGGG,0,sg7
AAATGAGAAGAAGAGGCACAGGG,AAAAGAGAAGAAGAGGGAGAGTG,0,sg9
AAATGAGAAGAAGAGGCACAGGG,TAAAAAGAAGAAGAGGAAGAGGG,0,sg9
AAATGAGAAGAAGAGGCACAGGG,AGAAGGGAAGAAGAGGCTCTGGG,0,sg9
AAATGAGAAGAAGAGGCACAGGG,AAATGAGAACATGAGGACCAGAG,0,sg9
TGACATCAATTATTATACATCGG,TTATATCAATTATTATAGATTTT,0,sg10
GACACCGAAGCAGAGTTTTTAGG,GAAACCCAAGCAGAGTTTATTGT,0,sg11
AACACCAGTGAGTAGAGCGGAGG,CTCACCAGTGAGTAGTGGGAAGA,0,sg1
AAATGAGAAGAAGAGGCACAGGG,GAAGGAAAAGAAGAGGCAGAGAT,0,sg9
ATGAACACCAGTGAGTAGAGCGG,ATCAAAACCAGTGAGTGGCACAG,0,sg6
GAATCCTAAAAACTCTGCTTCGG,AAAAATTAAAGACTCTGCTTCTG,0,sg12
AATGACCACTACATCCTCAAGGG,AATGACCACCCCATCGCAAAAGG,0,sg5
AAATGAGAAGAAGAGGCACAGGG,AAAAGAGAAGAAGAGCAAGACTG,0,sg9
AAATGAGAAGAAGAGGCACAGGG,AAATGAGAAGAAATTACTCAGTG,0,sg9
CTTGCCCCACAGGGCAGTAACGG,CATGAGACGCAGGGCAGTCACGG,0,sg3
AAATGAGAAGAAGAGGCACAGGG,AAGACAGAAGAAGAGGCAAGGGA,0,sg9
AAATGAGAAGAAGAGGCACAGGG,AAATGAGAAGATGGGAATCAGAG,0,sg9
CCTGCCTCCGCTCTACTCACTGG,CCTGCCTCCCTCCCACGCCCTGG,0,sg7
CTTGCCCCACAGGGCAGTAACGG,CTGACACCTCAGGGCAGTGAAGG,0,sg3
AAATGAGAAGAAGAGGCACAGGG,AAATGAGAAGCAGAAGTAGGAGG,0,sg9
AATGACCACTACATCCTCAAGGG,AAAGACCACTACATACCCAAGAA,0,sg5
AAATGAGAAGAAGAGGCACAGGG,AACTGGGAAGAAGAGGAGGAGGA,0,sg9
GGGTGGGGGGAGTTTGCTCCTGG,GGGTGGGTGGGGGGTGATGCTGG,0,sg8
AAATGAGAAGAAGAGGCACAGGG,AGAAGAGAAGAAGAGGCAGAAAA,0,sg9
AAATGAGAAGAAGAGGCACAGGG,AGATGTGACGAAGAGGCACAGGG,0,sg9
CCTGCCTCCGCTCTACTCACTGG,CCAGCCTCCGCTCTTCTCCCATC,0,sg7
GGGTGGGGGGAGTTTGCTCCTGG,GGGTGGGGGGAGTATGTTCTAAT,0,sg8
GAATCCTAAAAACTCTGCTTCGG,GAATCTTAAAAACTCTCCAGGGA,0,sg12
CCAGTGAGTAGAGCGGAGGCAGG,CCCTTCTGCAGAGCGGAGGCAGA,0,sg2
GACACCGAAGCAGAGTTTTTAGG,AAAAACTAAGAAGAGTTTTTAGC,0,sg11
AAATGAGAAGAAGAGGCACAGGG,AATTGAGAAGAAGAAACACTGCA,0,sg9
CCTGCCTCCGCTCTACTCACTGG,CTTGGCCTCCCTCTACTCACTTG,0,sg7
GACACCGAAGCAGAGTTTTTAGG,GACACCGAATAAGAGTGGTGAGA,0,sg11
GGGTGGGGGGAGTTTGCTCCTGG,AGGTGGGGGGAGCTTTAAACTGG,0,sg8
ATGAACACCAGTGAGTAGAGCGG,ATGAACACCAGGGCTCAGAGCCC,0,sg6
GAATCCTAAAAACTCTGCTTCGG,TAATCCTAAAAACTTCACTTTTG,0,sg12
AAATGAGAAGAAGAGGCACAGGG,GAAAGGGAAGAAGAGGACCAGAG,0,sg9
GGGTGGGGGGAGTTTGCTCCTGG,GGGTGGGGGGGGGTGGAACCTAG,0,sg8
AAATGAGAAGAAGAGGCACAGGG,AGAAGATAAATTGAGGCACAGGG,0,sg9
AAATGAGAAGAAGAGGCACAGGG,AAATGAGAAGTAGAGGCAGGTTT,0,sg9
GGGTGGGGGGAGTTTGCTCCTGG,TGGTGGGGGGAGGGTGCTCCCTG,0,sg8
AATGACCACTACATCCTCAAGGG,AATGACCACCTCACCTTCTAGGT,0,sg5
AATGACCACTACATCCTCAAGGG,AATAACCACTACATCCTGGAAAA,0,sg5
GACACCGAAGCAGAGTTTTTAGG,GATGAGGAAGCAGAGTCTTTACG,0,sg11
AAATGAGAAGAAGAGGCACAGGG,AGAAGAGAGGAAGGGGGACGGGG,0,sg9
AAATGAGAAGAAGAGGCACAGGG,GAGTTAGAAGAAGAGGCAGAGTT,0,sg9
GGGTGGGGGGAGTTTGCTCCTGG,TGGTGGGTGGGGGCTGTTCCTGG,0,sg8
GGGTGGGGGGAGTTTGCTCCTGG,GGGTGGGGGGAGGGTCCCACAGG,0,sg8
CCTGCCTCCGCTCTACTCACTGG,CCTGCCTCCTCTACATGCACAGG,0,sg7
ATGAACACCAGTGAGTAGAGCGG,GTGAATACCAGTGAGTATACCTG,0,sg6
CCTGCCTCCGCTCTACTCACTGG,CCTGCCTCCACTGTATACAGTGC,0,sg7
AATGACCACTACATCCTCAAGGG,AATGACCACCACCACCTCAAAAC,0,sg5
AAATGAGAAGAAGAGGCACAGGG,CACTGAACAGCAGAGGCACAGGC,0,sg9
AAATGAGAAGAAGAGGCACAGGG,AAAGGGGAGGAAGAGGCAAAAGC,0,sg9
ATGAACACCAGTGAGTAGAGCGG,GTGAACACCAGTTTGGAGAGTGA,0,sg6
AATGACCACTACATCCTCAAGGG,CTGCCCCACTACATCCTCAAGGC,0,sg5
GAATCCTAAAAACTCTGCTTCGG,GAAGCTGCTAAACTCTGCCTCGG,0,sg12
AACACCAGTGAGTAGAGCGGAGG,AACACCAGTGGGAAGGGCTGAGG,0,sg1
AAATGAGAAGAAGAGGCACAGGG,GAATGAGAAGAACTGAGACAGAG,0,sg9
GGGTGGGGGGAGTTTGCTCCTGG,GGGTGGGGGTTGGTCTCTCCCGG,0,sg8
CTTGCCCCACAGGGCAGTAACGG,CTTACCCCACTGGGCAGTGTCCC,0,sg3
TGACATCAATTATTATACATCGG,TGACATCAATTTTTATTTCTAGG,0,sg10
ATGAACACCAGTGAGTAGAGCGG,ATCAACACCAGTGAATAGGAGGA,0,sg6
CCTGCCTCCGCTCTACTCACTGG,CCTGCCTCCCCTACAATCACTGG,0,sg7
CTTGCCCCACAGGGCAGTAACGG,CGGGCCCCACAGCGCAGTCTCGG,0,sg3
AAATGAGAAGAAGAGGCACAGGG,AAATGAGAAGTTGAGACAATGGA,0,sg9
GAATCCTAAAAACTCTGCTTCGG,TGGTCCTAAAAAGTCTGCTTTTG,0,sg12
GACACCGAAGCAGAGTTTTTAGG,GACACCGAATCCTAGTCATGAGG,0,sg11
AAATGAGAAGAAGAGGCACAGGG,AAAACATAAGCAGAGGCACAGAG,0,sg9
GACACCGAAGCAGAGTTTTTAGG,CTCACTGAAGAAGAGTTTTTATG,0,sg11
AAATGAGAAGAAGAGGCACAGGG,ACATGCTGGGAAGAGGCACAGGG,0,sg9
AAATGAGAAGAAGAGGCACAGGG,GAAAGAGAAGAAGAGACTCAGTG,0,sg9
AAATGAGAAGAAGAGGCACAGGG,AAAGAAGAAGAAGAAGAAGAGTG,0,sg9
ATGAACACCAGTGAGTAGAGCGG,ATGACCACCAGTGAGTTTAGCCA,0,sg6
GGGTGGGGGGAGTTTGCTCCTGG,GGGGTGGGGGAGAGTGCTCCAGG,0,sg8
GAATCCTAAAAACTCTGCTTCGG,GGATACTGATAACTCTGCTTCAG,0,sg12
GACACCGAAGCAGAGTTTTTAGG,CACACCGAAGCAATGTGCTGAGG,0,sg11
GGTCCTGCCGCTGCTTGTCATGG,GGTCCTGCCGCAGCCAGGCGTGC,0,sg4
TGACATCAATTATTATACATCGG,CAGCATCAATTAATACACATTGG,0,sg10
AAATGAGAAGAAGAGGCACAGGG,AAATGACATGAAGAGGCACCCAT,0,sg9
CCTGCCTCCGCTCTACTCACTGG,CCTGCCTCCTCCCTACCCTTAGG,0,sg7
TGACATCAATTATTATACATCGG,TGACATCAATTATTTCACCTCAC,0,sg10
AAATGAGAAGAAGAGGCACAGGG,GAGGGAGAAGAAGAGGGACAGGG,0,sg9
AAATGAGAAGAAGAGGCACAGGG,TTATGAGAAGAAGAGACACCAGC,0,sg9
GGTCCTGCCGCTGCTTGTCATGG,GGTCCTGCCGCTGCTCGGCCGCC,0,sg4
AAATGAGAAGAAGAGGCACAGGG,AAAAGTGAAGAAGAGTTTTAGGG,0,sg9
AAATGAGAAGAAGAGGCACAGGG,AACCTGGAAGCAGAGGCACAGGA,0,sg9
ATGAACACCAGTGAGTAGAGCGG,ATGAACACCATAGAGTATAGTTA,0,sg6
AAATGAGAAGAAGAGGCACAGGG,ATAAAAGAAGAAGAGGGGCAGGG,0,sg9
AAATGAGAAGAAGAGGCACAGGG,AAATTTGAGGAAGAGGCACTTGG,0,sg9
GAATCCTAAAAACTCTGCTTCGG,TAATCCTAAAAACTCTGCAAGAT,0,sg12
AAATGAGAAGAAGAGGCACAGGG,AAAGGACAGGAAGAGGCAGAGGC,0,sg9
AAATGAGAAGAAGAGGCACAGGG,TAGTTAAAAGAAGAGGCAAAGCG,0,sg9
AAATGAGAAGAAGAGGCACAGGG,GAATATGCAGCAGAGGCACAGGT,0,sg9
AAATGAGAAGAAGAGGCACAGGG,ACTTGAAAAAAAGAGGCACAGAG,0,sg9
AAATGAGAAGAAGAGGCACAGGG,ACAGAAGAAACAGAGGCACAGAG,0,sg9
AAATGAGAAGAAGAGGCACAGGG,AAATGAGAAGATGAGGAAATTAG,0,sg9
AAATGAGAAGAAGAGGCACAGGG,AAAAAAGAAGAAGAGGCCGAGCA,0,sg9
GACACCGAAGCAGAGTTTTTAGG,GACACCGAAGCAGTCTTGTAGAG,0,sg11
GAATCCTAAAAACTCTGCTTCGG,GAATCCTAAATACCCAGTCTCTG,0,sg12
AAATGAGAAGAAGAGGCACAGGG,GATGGAGAAAGCGAGGCACAGGG,0,sg9
TGACATCAATTATTATACATCGG,TGACATCAAATATGTTAAAGCGC,0,sg10
GGGTGGGGGGAGTTTGCTCCTGG,GGGAGTTTGGAGTTTGCTCTTGG,0,sg8
AAATGAGAAGAAGAGGCACAGGG,ATGGGAGAAACCGAGGCACAGGG,0,sg9
AAATGAGAAGAAGAGGCACAGGG,AAATGAGAACAAGATGAACACAA,0,sg9
GGGTGGGGGGAGTTTGCTCCTGG,GGGTGGGGGGAACTGGCTTGGGG,0,sg8
CCAGTGAGTAGAGCGGAGGCAGG,CCTGTGAGTAGAGTGAGGGCAGG,0,sg2
GACACCGAAGCAGAGTTTTTAGG,GATCCCAAAACAGAGTTTTTATT,0,sg11
CCTGCCTCCGCTCTACTCACTGG,CCTGCCTCCCGTCTACCCACTTC,0,sg7
GGGTGGGGGGAGTTTGCTCCTGG,GGGTGGGGGGAGATGGTACCTGG,0,sg8
AACACCAGTGAGTAGAGCGGAGG,GACACCAGTGAGAACACCTTAGG,0,sg1
AATGACCACTACATCCTCAAGGG,AATGACCACAAAGTGATCAGGGG,0,sg5
AATGACCACTACATCCTCAAGGG,ATTTACCTGTAAATCCTCAAGTG,0,sg5
GGGTGGGGGGAGTTTGCTCCTGG,GGGTGGGGGGTGTTTCTTGCTTT,0,sg8
GAATCCTAAAAACTCTGCTTCGG,GAATCCTAAGAACTGTTTATCTG,0,sg12
GGGTGGGGGGAGTTTGCTCCTGG,GGGTGGGGGGAGGGAGCTGGAGG,0,sg8
GAATCCTAAAAACTCTGCTTCGG,GAAGTCTAAAAACTCTTGATAGG,0,sg12
GAATCCTAAAAACTCTGCTTCGG,TATTCTTAAAAACTCTGCTCCCC,0,sg12
AAATGAGAAGAAGAGGCACAGGG,AAGGCAGGAGGTGAGGCACAGGG,0,sg9
GAATCCTAAAAACTCTGCTTCGG,GAATTCCAAAGCCTCTGCTTCTC,0,sg12
AAATGAGAAGAAGAGGCACAGGG,AAATGAGAAGTGTAGACACACGG,0,sg9
GAATCCTAAAAACTCTGCTTCGG,TAAAGTTAAAAACTCTGCTCAGG,0,sg12
AAATGAGAAGAAGAGGCACAGGG,AAGGAAGAGGAAGAGGCAGAGAG,0,sg9
GGGTGGGGGGAGTTTGCTCCTGG,GAGGCGGGGAACTTTGCTCCTGC,0,sg8
CTTGCCCCACAGGGCAGTAACGG,CTTGCCCCAGAGGTAAGAATCGT,0,sg3
AAATGAGAAGAAGAGGCACAGGG,AAATGAGAAAAACAGGCAGATAA,0,sg9
AAATGAGAAGAAGAGGCACAGGG,AAGTGAGAAGAAAAGGTAAGAGG,0,sg9
TGACATCAATTATTATACATCGG,AGGCATCAATTATTATACCCCTG,0,sg10
AATGACCACTACATCCTCAAGGG,AATGAGTGATACATCCTCAAGCT,0,sg5
GACACCGAAGCAGAGTTTTTAGG,TGCAGAGAAGCAGAGATTGTAGG,0,sg11
CTTGCCCCACAGGGCAGTAACGG,ATGGACCCCCAGGGCAGTCACAG,0,sg3
GAATCCTAAAAACTCTGCTTCGG,GAATCCTAAACACCATGACTCAG,0,sg12
GACACCGAAGCAGAGTTTTTAGG,GACTGGGGAGCAGAGTTTTTAAG,0,sg11
AAATGAGAAGAAGAGGCACAGGG,AAATGAGAACATGAGGTATGAGG,0,sg9
AAATGAGAAGAAGAGGCACAGGG,ACAGCTGGTGAAGAGGCACAGGG,0,sg9
AAATGAGAAGAAGAGGCACAGGG,AAGAGAAAAGATGAGGCACAGAA,0,sg9
TGACATCAATTATTATACATCGG,TCTCATCAATTATTATTTCTCTG,0,sg10
GACACCGAAGCAGAGTTTTTAGG,GGCACTGAAGCAGAGTATTGATC,0,sg11
AAATGAGAAGAAGAGGCACAGGG,GAAACAGAAGAAGAGGCAGAGTG,0,sg9
GAATCCTAAAAACTCTGCTTCGG,GTCTCTGACAAACTCTGCTTCGG,0,sg12
CCTGCCTCCGCTCTACTCACTGG,CCTCCATATTCACTACTCACTGG,0,sg7
AAATGAGAAGAAGAGGCACAGGG,AAATGTCAAGAAGAGGCAAATCC,0,sg9
GAATCCTAAAAACTCTGCTTCGG,AAATCATAAAAACTCTGGTTGAC,0,sg12
GGGTGGGGGGAGTTTGCTCCTGG,GGCAGGAGTGAGTTTGCTGTTGG,0,sg8
AAATGAGAAGAAGAGGCACAGGG,AAAAGTGAGGGAGAGGCACAGGT,0,sg9
ATGAACACCAGTGAGTAGAGCGG,TTGACTAGCAGTGAGTAGAGCTG,0,sg6
GAATCCTAAAAACTCTGCTTCGG,GATTCATGGTAACTCTGCTTCTG,0,sg12
AAATGAGAAGAAGAGGCACAGGG,TTATGAGAAGAAGAGACACCAGA,0,sg9
GGGTGGGGGGAGTTTGCTCCTGG,GTGTATTGGGAGTTTGCTACTTG,0,sg8
GGTCCTGCCGCTGCTTGTCATGG,ACACCTGCTGCTGCTTGTCATTG,0,sg4
GGTCCTGCCGCTGCTTGTCATGG,CCTCCTGCCGCTGCTGGTGACCG,0,sg4
TGACATCAATTATTATACATCGG,TGTACTGTATTATTATACATAGG,0,sg10
GGTCCTGCCGCTGCTTGTCATGG,GGCTCTGCGGCTGCTTGTCAAAG,0,sg4
GGTCCTGCCGCTGCTTGTCATGG,GGTCCTGCCCATGCCCATCCTGG,0,sg4
TGACATCAATTATTATACATCGG,GGACATCTTTGTTTATACATCTG,0,sg10
AAATGAGAAGAAGAGGCACAGGG,ACTTGAGCCCAAGAGGCACAGGT,0,sg9
GAATCCTAAAAACTCTGCTTCGG,TTCTCATAAAAACTCTGCTTCAT,0,sg12
ATGAACACCAGTGAGTAGAGCGG,AGGAAGACCAGTGAGGAGATAAG,0,sg6
GACACCGAAGCAGAGTTTTTAGG,GACACAGAAGCAGAGGCCTAGGG,0,sg11
AAATGAGAAGAAGAGGCACAGGG,GAAAGAGAAGGAGAGGCACAGAC,0,sg9
AATGACCACTACATCCTCAAGGG,AAAAATCACTACATCCACCAGGA,0,sg5
CCAGTGAGTAGAGCGGAGGCAGG,CCAGTGAGTAGAGAGGCGGGGGA,0,sg2
GACACCGAAGCAGAGTTTTTAGG,AACACTGAAGCAGAGATTTGTGG,0,sg11
TGACATCAATTATTATACATCGG,AGACTACAATTATTATACACAGT,0,sg10
CTTGCCCCACAGGGCAGTAACGG,CTGTCCCCACAGGGCTGTCAGAG,0,sg3
AAATGAGAAGAAGAGGCACAGGG,AAATGAGAAAATGAGGAAATAGG,0,sg9
AAATGAGAAGAAGAGGCACAGGG,AAATGAGAAAAATAAGGACAGTG,0,sg9
GGGTGGGGGGAGTTTGCTCCTGG,GGGTGGGGGCATGGTGGTCCTGG,0,sg8
AAATGAGAAGAAGAGGCACAGGG,TAGAGAAAAGGAGAGGCACAGAG,0,sg9
GGTCCTGCCGCTGCTTGTCATGG,GGTCCTGCCTCTCCTTGTAGTCT,0,sg4
AAATGAGAAGAAGAGGCACAGGG,CCATGAGATTAAGAGGCACAGAG,0,sg9
CCTGCCTCCGCTCTACTCACTGG,CTTCCTTCCGCTCTACTCTCTGC,0,sg7
ATGAACACCAGTGAGTAGAGCGG,ATAAACACCAGTGAGTGGATATT,0,sg6
AACACCAGTGAGTAGAGCGGAGG,GACAGCAGTGAGTAGATTGGAGG,0,sg1
AAATGAGAAGAAGAGGCACAGGG,AAAGGAGAGGAACAGGAAGAGGC,0,sg9
TGACATCAATTATTATACATCGG,TGAGCTCAATTATTATTTATGGG,0,sg10
AAATGAGAAGAAGAGGCACAGGG,AAATGAGAACAAGATATACATAG,0,sg9
AATGACCACTACATCCTCAAGGG,AATGACCACAAACTCCTCAGGGC,0,sg5
AAATGAGAAGAAGAGGCACAGGG,AGATGAGGTGATGAGGCACAGAG,0,sg9
AAATGAGAAGAAGAGGCACAGGG,ACATGAAATGCAGAGGCACAGTA,0,sg9
GGGTGGGGGGAGTTTGCTCCTGG,GGGTGGGGGTGGGGTTCTCCCGG,0,sg8
AACACCAGTGAGTAGAGCGGAGG,GGAAGGAATGAGTAGAGCGGAGG,0,sg1
GAATCCTAAAAACTCTGCTTCGG,GATTCCTCACCACTCTGCTTCCT,0,sg12
TGACATCAATTATTATACATCGG,TGACATCAATAATTATATTTGGT,0,sg10
GAATCCTAAAAACTCTGCTTCGG,GAATCCTAAATGCTTTACTTCAT,0,sg12
GGGTGGGGGGAGTTTGCTCCTGG,GGGTGGGGGTGGTGTGGGCGTGG,0,sg8
CCTGCCTCCGCTCTACTCACTGG,CCTGCCTCCTCTTTAATCCCAGA,0,sg7
GGGTGGGGGGAGTTTGCTCCTGG,GGGTGGGGGGGGTCTCCCGCTGG,0,sg8
GGGTGGGGGGAGTTTGCTCCTGG,GGGTGGGGGGAGATGGTTTGTGG,0,sg8
GGTCCTGCCGCTGCTTGTCATGG,GGGCCAGCCGCTGCTTTTCCGCG,0,sg4
GGTCCTGCCGCTGCTTGTCATGG,AATGCAGCTGCTGCTTGTCATGA,0,sg4
AAATGAGAAGAAGAGGCACAGGG,GGGTGAGATGAAGAGGCACAGCA,0,sg9
AAATGAGAAGAAGAGGCACAGGG,AAGTGAGAAGAAAAATGACTGGG,0,sg9
AAATGAGAAGAAGAGGCACAGGG,AGAAGAGAAGAAGAGGAGGAGGA,0,sg9
GACACCGAAGCAGAGTTTTTAGG,AACACAGAAGCAGAGATAGTAGC,0,sg11
AAATGAGAAGAAGAGGCACAGGG,AAATGAGAAGCACAGGCTTTGGC,0,sg9
CCAGTGAGTAGAGCGGAGGCAGG,GCAGTGAGTAGATCCCAGGTAAG,0,sg2
TGACATCAATTATTATACATCGG,CAGCATCAATTTTTATACATCCT,0,sg10
AAATGAGAAGAAGAGGCACAGGG,CTTGGGGCAGAAGAGGCACAGGG,0,sg9
GACACCGAAGCAGAGTTTTTAGG,GACACCGAAACAGAATGTAGAGT,0,sg11
CCTGCCTCCGCTCTACTCACTGG,CATCCCTGGGCTCTACTCACTAG,0,sg7
TGACATCAATTATTATACATCGG,TGACATCAATTCGTGAGCCTCGG,0,sg10
AAATGAGAAGAAGAGGCACAGGG,CCAAATGCAGAAGAGGCACAGGG,0,sg9
CCAGTGAGTAGAGCGGAGGCAGG,AAAGTGAGTAGACTGAAAGCAGG,0,sg2
GGGTGGGGGGAGTTTGCTCCTGG,GGGTGGGGGGACTTTTTTCCCGC,0,sg8
GGTCCTGCCGCTGCTTGTCATGG,CCTCCTCCCTGAGCTTGTCATGG,0,sg4
GGGTGGGGGGAGTTTGCTCCTGG,GGATGGGGGGAGGTTCCTGTTGT,0,sg8
AACACCAGTGAGTAGAGCGGAGG,AACACCAGTTAGCAAAACACAGG,0,sg1
AAATGAGAAGAAGAGGCACAGGG,GAAGAAGAAGAAGAGGAATAGGA,0,sg9
CCTGCCTCCGCTCTACTCACTGG,CCTTCCTTCCTTCTACTCACTGT,0,sg7
CCAGTGAGTAGAGCGGAGGCAGG,CCAGTGAGTGGGGGGCAGCCTGG,0,sg2
AACACCAGTGAGTAGAGCGGAGG,GGAGCCAGTGAGTAGTGGGGAGG,0,sg1
TGACATCAATTATTATACATCGG,AAACATCAATTATTTTACTTGGA,0,sg10
AAATGAGAAGAAGAGGCACAGGG,ACATGAGTAGAAGAGGCAGACAC,0,sg9
GAATCCTAAAAACTCTGCTTCGG,CCATGCACAAAACTCTGCTTCAG,0,sg12
GGGTGGGGGGAGTTTGCTCCTGG,GGGGTTGGGGGTTTTGCTCCTGA,0,sg8
AAATGAGAAGAAGAGGCACAGGG,AAATGAGAAAACGGAGGCCAGGG,0,sg9
GAATCCTAAAAACTCTGCTTCGG,GATTCTGAAAATCTCTGCTTCCT,0,sg12
AACACCAGTGAGTAGAGCGGAGG,AACACCAGTGAGGAGAACCCTAG,0,sg1
AATGACCACTACATCCTCAAGGG,AATGACCACCCACCCCTGAAGGG,0,sg5
CCAGTGAGTAGAGCGGAGGCAGG,GAGGTGAGTAGAGAGGGAGCAGG,0,sg2
GGGTGGGGGGAGTTTGCTCCTGG,GGGTGGGGGAGGTATGCTTATGG,0,sg8
AACACCAGTGAGTAGAGCGGAGG,CAGTCCAGTGAGTAGGGCTGGGG,0,sg1
GAATCCTAAAAACTCTGCTTCGG,GAATCCTAATAGCTCCTCTTCTT,0,sg12
GACACCGAAGCAGAGTTTTTAGG,GACATTGAAGCAGAGATTTGAGT,0,sg11
CTTGCCCCACAGGGCAGTAACGG,CCTTCCCCACAGGGCAGGTGGGG,0,sg3
CCAGTGAGTAGAGCGGAGGCAGG,ACAGGCATTGGAGCGGAGGCAGG,0,sg2
AAATGAGAAGAAGAGGCACAGGG,AAATGAGAAAAAAAGCTCCAGAG,0,sg9
TGACATCAATTATTATACATCGG,CTACTTCAATCTTTATACATCAG,0,sg10
AAATGAGAAGAAGAGGCACAGGG,AAAGGAGAAAAAGAAGAAGAGGA,0,sg9
AATGACCACTACATCCTCAAGGG,AATGACCACTACACTAACAGAGG,0,sg5
AAATGAGAAGAAGAGGCACAGGG,AAATGAGAAGAAGGGAGAGGAGG,0,sg9
TGACATCAATTATTATACATCGG,TAATATCAATTATTATACAGTCT,0,sg10
AAATGAGAAGAAGAGGCACAGGG,TTATGTTAAGAAGAGGCAGAGGA,0,sg9
CTTGCCCCACAGGGCAGTAACGG,CCTGTGACTCAGGGCAGTAACGT,0,sg3
AAATGAGAAGAAGAGGCACAGGG,AAATGAGAATATGAAGCCCAGAA,0,sg9
AAATGAGAAGAAGAGGCACAGGG,AAACTATAAGAAGAGGCAAAGAA,0,sg9
AAATGAGAAGAAGAGGCACAGGG,AAATGAGAAAATGAGACTCAGAA,0,sg9
AAATGAGAAGAAGAGGCACAGGG,AAATGAGAAGACTAGGGGCAGAG,0,sg9
TGACATCAATTATTATACATCGG,TGTAATGAAATATTATACATCTA,0,sg10
CCTGCCTCCGCTCTACTCACTGG,CCTGCCTCCCAGCTACTCATTCC,0,sg7
AAATGAGAAGAAGAGGCACAGGG,AACTGAGAAGAAAAGAGACATGA,0,sg9
CTTGCCCCACAGGGCAGTAACGG,CTTGCCCCAGAGGGCAGGGCCCC,0,sg3
AAATGAGAAGAAGAGGCACAGGG,TTATAAAAAAAAGAGGCACAGGG,0,sg9
AACACCAGTGAGTAGAGCGGAGG,AAGACCAGTGAGTAGGATGGGGT,0,sg1
CCTGCCTCCGCTCTACTCACTGG,CATCCCTGGTCTCTACTCACTAG,0,sg7
AATGACCACTACATCCTCAAGGG,CATTAAAAGCACATCCTCAAGGG,0,sg5
GGGTGGGGGGAGTTTGCTCCTGG,GAGGTACGGGAGTTTGCTCTTGG,0,sg8
CCTGCCTCCGCTCTACTCACTGG,GATCCCTCGTATCTACTCACTGG,0,sg7
AAATGAGAAGAAGAGGCACAGGG,GAATGAGAAGAAGAAGAAGAAGA,0,sg9
AAATGAGAAGAAGAGGCACAGGG,AGATGGGAAAATGAGGCACAGGG,0,sg9
AACACCAGTGAGTAGAGCGGAGG,GACACCAGTGAGGAGAGCTGGTG,0,sg1
AACACCAGTGAGTAGAGCGGAGG,AACACCAGTGGGGAAAAAGGATG,0,sg1
GACACCGAAGCAGAGTTTTTAGG,GATACCGAAGCAGGGATTTCTGT,0,sg11
GGGTGGGGGGAGTTTGCTCCTGG,GGGTGGGGGTAGAGTGCTACTGG,0,sg8
GGTCCTGCCGCTGCTTGTCATGG,GCTGCTGCTGCTGCTTGTGTAGG,0,sg4
AAATGAGAAGAAGAGGCACAGGG,AAAGGGGAAGAAGAGGTGCAGGG,0,sg9
AATGACCACTACATCCTCAAGGG,AATGACCACTTCAGCGGCAAGAG,0,sg5
AATGACCACTACATCCTCAAGGG,CATCATCAGTAAATCCTCAAGTG,0,sg5
TGACATCAATTATTATACATCGG,TTATATGTATTATTATACATGGA,0,sg10
CTTGCCCCACAGGGCAGTAACGG,CTTGCCCCACAGTGAGTAAACCG,0,sg3
CCTGCCTCCGCTCTACTCACTGG,GCTTTCTCCTGTCTACTCACTGT,0,sg7
GGGTGGGGGGAGTTTGCTCCTGG,GGGTGGGGGTAGTTAGAACCTTT,0,sg8
AAATGAGAAGAAGAGGCACAGGG,AACAGGGATGCTGAGGCACAGGG,0,sg9
GGTCCTGCCGCTGCTTGTCATGG,GCTCCTGCCGCTGCTTCCCTGAG,0,sg4
TGACATCAATTATTATACATCGG,GGACATCAATTATTTTGGATTAG,0,sg10
TGACATCAATTATTATACATCGG,TGACATCAATTATCTCAGACCAG,0,sg10
AAATGAGAAGAAGAGGCACAGGG,CAGACAAAACAAGAGGCACAGGG,0,sg9
ATGAACACCAGTGAGTAGAGCGG,ATTAGAACCAGTGAGAAGATAGG,0,sg6
AAATGAGAAGAAGAGGCACAGGG,AAATGAGAAGAGGCGAGACTGGC,0,sg9
AAATGAGAAGAAGAGGCACAGGG,GGAGGAGAAGAAGAGGAAGAGGA,0,sg9
TGACATCAATTATTATACATCGG,TGTCCTCAATTATTATAAATGCC,0,sg10
AACACCAGTGAGTAGAGCGGAGG,CACACCAGTGAGGTGGGGGGTGG,0,sg1
CCTGCCTCCGCTCTACTCACTGG,CCTGCCTCCCCGCTCCTGTCTTG,0,sg7
GGGTGGGGGGAGTTTGCTCCTGG,GGGTGGGGGATGTGAGGGCCTGG,0,sg8
TGACATCAATTATTATACATCGG,TGACATCAAGTATAATGCCAAGG,0,sg10
AAATGAGAAGAAGAGGCACAGGG,AAATGAGAAGAAGAAACAGTATG,0,sg9
GGTCCTGCCGCTGCTTGTCATGG,AATCCACCCTCAGCTTGTCATGG,0,sg4
AACACCAGTGAGTAGAGCGGAGG,AACACCAGTGATTAGATTGAGGG,0,sg1
TGACATCAATTATTATACATCGG,TGACATGACTTATTATACAAGGC,0,sg10
ATGAACACCAGTGAGTAGAGCGG,ATAAACACCAGTAAACAGAGGTG,0,sg6
AAATGAGAAGAAGAGGCACAGGG,AAATGAGAAAAAGAGAAGTGGGG,0,sg9
GGTCCTGCCGCTGCTTGTCATGG,GGTCCTGCCCCTTCTTGCCCTTT,0,sg4
GGGTGGGGGGAGTTTGCTCCTGG,GGGTGGGGGGAGAAAGCCCCGGT,0,sg8
CCTGCCTCCGCTCTACTCACTGG,GCCCACTCCCCTCTACTCACTGG,0,sg7
TGACATCAATTATTATACATCGG,TCCCATCAATTATTTACCATGGG,0,sg10
AAATGAGAAGAAGAGGCACAGGG,AAAAGAGAAGAAGAGGTAGAGAA,0,sg9
AATGACCACTACATCCTCAAGGG,AATGACCACAACTTACACTATGG,0,sg5
CCAGTGAGTAGAGCGGAGGCAGG,CTAGTGAGTAGAAGGTGGGAAGG,0,sg2
CCTGCCTCCGCTCTACTCACTGG,CCTGCCTCCTCTATTCTCTATAG,0,sg7
ATGAACACCAGTGAGTAGAGCGG,ATGACCACCAGTGAGCCTAGAGT,0,sg6
GAATCCTAAAAACTCTGCTTCGG,GAATCCTAATTATACTGCTTGTG,0,sg12
AAATGAGAAGAAGAGGCACAGGG,AGACAATGTGAAGAGGCACAGGG,0,sg9
CCAGTGAGTAGAGCGGAGGCAGG,CCTCTGGAGAGAGCGGAGGCAGT,0,sg2
TGACATCAATTATTATACATCGG,TGACATCAATTATTTTAGGTAAT,0,sg10
AAATGAGAAGAAGAGGCACAGGG,AGAAGAGAAGAATGGGCTCTGGG,0,sg9
CTTGCCCCACAGGGCAGTAACGG,TTTGTCCCACAGGGCCCCAAAGG,0,sg3
AAATGAGAAGAAGAGGCACAGGG,ACATGAGAAGAATACACACTGAG,0,sg9
AAATGAGAAGAAGAGGCACAGGG,AAAGTAGAAGAAGAGGTATTCGG,0,sg9
GACACCGAAGCAGAGTTTTTAGG,GTCCCAGAAGCAGAGTTGCTGGG,0,sg11
AAATGAGAAGAAGAGGCACAGGG,AAATGAGAAGTAGTATCTCAGTG,0,sg9
GAATCCTAAAAACTCTGCTTCGG,GAATCCTAACACTCCTGCTTAGT,0,sg12
CTTGCCCCACAGGGCAGTAACGG,CCTCCCGCACAGGGCAGTCAGGA,0,sg3
AAATGAGAAGAAGAGGCACAGGG,GAATAGGAAACAGAGGCACAGAG,0,sg9
AAATGAGAAGAAGAGGCACAGGG,AAATGAGACGGTGAGGAAGAGGC,0,sg9
GGGTGGGGGGAGTTTGCTCCTGG,GGCCAGAGGGAGTTTGCTCAGGG,0,sg8
TGACATCAATTATTATACATCGG,TCACATAAATTATTATACTTAAT,0,sg10
AAATGAGAAGAAGAGGCACAGGG,GAATGAATAGAAGAGGCAGAAGG,0,sg9
AAATGAGAAGAAGAGGCACAGGG,AAATGAGAAAAAGACTTTCAGTG,0,sg9
AATGACCACTACATCCTCAAGGG,AATGACCACTGAAAACTGATGGG,0,sg5
AAATGAGAAGAAGAGGCACAGGG,TAATAAGATGAAGAGGCACCAGA,0,sg9
TGACATCAATTATTATACATCGG,TGACATCAATTTTCTTGCATTGA,0,sg10
AAATGAGAAGAAGAGGCACAGGG,AAATGAGAATAAGAGGAATTCGA,0,sg9
AAATGAGAAGAAGAGGCACAGGG,GAAGGGGAAGAAGAGGAAGAGGG,0,sg9
AAATGAGAAGAAGAGGCACAGGG,GAAGGACAAGAAGAGGCAAAGTA,0,sg9
AATGACCACTACATCCTCAAGGG,ATTTCCCATTTCATCCTCAAGGA,0,sg5
CTTGCCCCACAGGGCAGTAACGG,CTCATCCCACAGGGCAATCACAG,0,sg3
AAATGAGAAGAAGAGGCACAGGG,AAATGCTGAGAAGAGGCACGGAA,0,sg9
AAATGAGAAGAAGAGGCACAGGG,CATGGAGAAGAAGAGGTTCGGGG,0,sg9
AACACCAGTGAGTAGAGCGGAGG,CAGAAAAGTGAGTAGAGTTGAGG,0,sg1
GAATCCTAAAAACTCTGCTTCGG,CAATCAGAAAAACTCTGCTTTTA,0,sg12
GGGTGGGGGGAGTTTGCTCCTGG,CAGAGGAGGAAGTTTGCTCCTTG,0,sg8
AAATGAGAAGAAGAGGCACAGGG,AACTTCTAAGAAGAGGCACTGTG,0,sg9
AATGACCACTACATCCTCAAGGG,AATGACCACTACCTCAACAGCTG,0,sg5
AAATGAGAAGAAGAGGCACAGGG,AAATGAGAATTAGAAAGACAGAG,0,sg9
ATGAACACCAGTGAGTAGAGCGG,ATGATCAGTGATGAGTAGAGCGG,0,sg6
TGACATCAATTATTATACATCGG,GGACAGGTATTATTATACATATG,0,sg10
GGGTGGGGGGAGTTTGCTCCTGG,GGGTGGGGGGTGTCTGGGCCTGG,0,sg8
CTTGCCCCACAGGGCAGTAACGG,TCTGCCCCACAGGGAAGGAGCGC,0,sg3
AAATGAGAAGAAGAGGCACAGGG,ATATGGGAACCTGAGGCACAGCG,0,sg9
GGGTGGGGGGAGTTTGCTCCTGG,TGGGGGTGGGGGTGGGCTCCTGG,0,sg8
AAATGAGAAGAAGAGGCACAGGG,AAATGAGAAGACCCAGCACACAG,0,sg9
AAATGAGAAGAAGAGGCACAGGG,AAATGAGAAGAAAATACCAAGGG,0,sg9
CCTGCCTCCGCTCTACTCACTGG,CAGGCCTCAGCTCTACTCCTTGG,0,sg7
GGTCCTGCCGCTGCTTGTCATGG,CCTCCTGCCGCTGCTTGGCGCGG,0,sg4
AAATGAGAAGAAGAGGCACAGGG,CAATAAGAAGAAGAGTGAAAGAG,0,sg9
AAATGAGAAGAAGAGGCACAGGG,GCAAGAGAAGGTGAGGCACAGAG,0,sg9
AAATGAGAAGAAGAGGCACAGGG,AAATGAGAAGACAAGATACAGAA,0,sg9
GAATCCTAAAAACTCTGCTTCGG,GAGCCCTGAAAACTCTGCTCTGT,0,sg12
GGGTGGGGGGAGTTTGCTCCTGG,GGGTGGGGGGAGCATCTGCCGGG,0,sg8
TGACATCAATTATTATACATCGG,TACCATCAATTATTTTTCATTGA,0,sg10
AAATGAGAAGAAGAGGCACAGGG,AAGGGGGAAGAAGAGGAGCAGGG,0,sg9
CCAGTGAGTAGAGCGGAGGCAGG,CAAGGGTCAGGAGCGGAGGCAGG,0,sg2
GACACCGAAGCAGAGTTTTTAGG,TAGAAGGAAGCAGAGTTTATTGG,0,sg11
AAATGAGAAGAAGAGGCACAGGG,TTATAAGAAGAAGAGACACTAGG,0,sg9
TGACATCAATTATTATACATCGG,TGACATCAAAGATTATACTCTTG,0,sg10
AAATGAGAAGAAGAGGCACAGGG,TTAGAAGAAGAAGAGGCTCTGGG,0,sg9
AATGACCACTACATCCTCAAGGG,AAAGTCAACTGTATCCTCAAGGA,0,sg5
GGTCCTGCCGCTGCTTGTCATGG,GGCGGTGCAGCTGCTTGTGTTGG,0,sg4
GGGTGGGGGGAGTTTGCTCCTGG,GGGTGGGGGAGGATTGCTTAAGG,0,sg8
CCAGTGAGTAGAGCGGAGGCAGG,TGAGTGAGTAGAGTGAAGTCAGA,0,sg2
GGTCCTGCCGCTGCTTGTCATGG,GGTGCTGCCGCTGCTCCAGCTGG,0,sg4
CCTGCCTCCGCTCTACTCACTGG,CCTGCCTCCCACCTCCTCCCTGC,0,sg7
GACACCGAAGCAGAGTTTTTAGG,GTCATGGAAGCAGAGCACTTAGG,0,sg11
AATGACCACTACATCCTCAAGGG,AATGACCACAACACCCGCAGAGA,0,sg5
GACACCGAAGCAGAGTTTTTAGG,GAAGCACAGGCAGAGTTTTTACG,0,sg11
AAATGAGAAGAAGAGGCACAGGG,GAGGGAGGAGAGGAGGCACAGGT,0,sg9
TGACATCAATTATTATACATCGG,TGTCATCTATTATTATACTTTCT,0,sg10
AAATGAGAAGAAGAGGCACAGGG,AGCTGAGAAGAAGTGGCCTTGGG,0,sg9
AAATGAGAAGAAGAGGCACAGGG,AGATGAGAAACTGAGGCACAGAA,0,sg9
CCTGCCTCCGCTCTACTCACTGG,GCTGCCTCCGCTCCTCTCCTAGG,0,sg7
AATGACCACTACATCCTCAAGGG,AATGACCACTAGACATCCAAGTG,0,sg5
GAATCCTAAAAACTCTGCTTCGG,CTAACCTAATAACTCTGCTTCCT,0,sg12
AAATGAGAAGAAGAGGCACAGGG,AAAAAAGATGAAGAGGCACATTA,0,sg9
AAATGAGAAGAAGAGGCACAGGG,AAATGAGAAAAGTAGGCAGATGT,0,sg9
AATGACCACTACATCCTCAAGGG,AAGGACCACTACATCCTGCAGCA,0,sg5
GAATCCTAAAAACTCTGCTTCGG,CAGTCCTAAAAATTCTGCTTACT,0,sg12
GAATCCTAAAAACTCTGCTTCGG,GATTCCTTTACACTCTGCTTCAT,0,sg12
GAATCCTAAAAACTCTGCTTCGG,CAGTGCTAAAAACTCTATTTCAG,0,sg12
AAATGAGAAGAAGAGGCACAGGG,AAAGAAAGAGAAGAGGCACAGAG,0,sg9
GACACCGAAGCAGAGTTTTTAGG,GGCTCAAAAGCAGAGTTTTGTGG,0,sg11
TGACATCAATTATTATACATCGG,AGAAATCAATTATTAAAAAAAGG,0,sg10
AAATGAGAAGAAGAGGCACAGGG,TAACCAGAGGAAGAGGCACATGA,0,sg9
AAATGAGAAGAAGAGGCACAGGG,AACTGAGAAGAAGAGGCCCAGGA,0,sg9
GGGTGGGGGGAGTTTGCTCCTGG,GGGTGGGGGGACGTTCTCCCTGA,0,sg8
GGGTGGGGGGAGTTTGCTCCTGG,GGGTGGGGGTAGTGGGCTGCCAG,0,sg8
AAATGAGAAGAAGAGGCACAGGG,CAATGAGAAGAAGAGGAGCTGTG,0,sg9
AAATGAGAAGAAGAGGCACAGGG,GACTGAGAAGAAGTGCCACAGCA,0,sg9
AAATGAGAAGAAGAGGCACAGGG,AAATGGGAAGAAGAGAGAAAATG,0,sg9
AAATGAGAAGAAGAGGCACAGGG,AAATGAGAAAAAGGGGTCCAAGG,0,sg9
GACACCGAAGCAGAGTTTTTAGG,TCCACCGAAGCAGTGTTTCTCGA,0,sg11
AAATGAGAAGAAGAGGCACAGGG,AAATGAGAAACTGAGGCTCAGGG,0,sg9
GGTCCTGCCGCTGCTTGTCATGG,AGTGATGGCTGTGCTTGTCATGG,0,sg4
GGGTGGGGGGAGTTTGCTCCTGG,GGGGTGGGGGTGCATGCTCCAGG,0,sg8
TGACATCAATTATTATACATCGG,TCTCTTTATTTATTATACATCTG,0,sg10
GGGTGGGGGGAGTTTGCTCCTGG,GGGTGGGGGGAGTCGCTGTCTGG,0,sg8
CTTGCCCCACAGGGCAGTAACGG,TTTTAGCCACAGGGCACTAACGC,0,sg3
AAATGAGAAGAAGAGGCACAGGG,AAATGAGAAGTAAAGCCAAGGGA,0,sg9
TGACATCAATTATTATACATCGG,TTACATCAATTATTATACTTTGC,0,sg10
CCTGCCTCCGCTCTACTCACTGG,TCTGCCTGTCTTCTACTCACTTG,0,sg7
AAATGAGAAGAAGAGGCACAGGG,AACTATGAAGAAGAGTGACAGGT,0,sg9
CTTGCCCCACAGGGCAGTAACGG,CCTGCCCCACAGATGAGGAACGC,0,sg3
GACACCGAAGCAGAGTTTTTAGG,GAGACTGAAGCAGAGACTTTAAT,0,sg11
AAATGAGAAGAAGAGGCACAGGG,ACATGAGAAGAACAAGCAGTTGG,0,sg9
AAATGAGAAGAAGAGGCACAGGG,AGAAGAGAAAAAGAGGTACAAGA,0,sg9
GAATCCTAAAAACTCTGCTTCGG,GTCTGCTAAAAACTCTTCTTAGT,0,sg12
GACACCGAAGCAGAGTTTTTAGG,GAAACAGAAGCAGAGTTTTGGCT,0,sg11
CTTGCCCCACAGGGCAGTAACGG,CTGGCCCCACAGGACACTCACAA,0,sg3
CCAGTGAGTAGAGCGGAGGCAGG,GCACTGAGCAGAGCGGAGGGATC,0,sg2
GGGTGGGGGGAGTTTGCTCCTGG,GTGTGGGGGGAGGATCCTGATGG,0,sg8
CCTGCCTCCGCTCTACTCACTGG,CCTGCCTCCGCCTTCCTGAGTAG,0,sg7
GGGTGGGGGGAGTTTGCTCCTGG,GGGGTGGGGGGGTGGGCTGCTGG,0,sg8
GGTCCTGCCGCTGCTTGTCATGG,GGTCCTGCCGCTGTCTCTGAGGG,0,sg4
AACACCAGTGAGTAGAGCGGAGG,ATCTCCAGCGAGTAGAGCCGAAA,0,sg1
GAATCCTAAAAACTCTGCTTCGG,TATTCTTAAAAACTCTGCTCCTC,0,sg12
GGGTGGGGGGAGTTTGCTCCTGG,GGAGTTGGTGAGTTTGCTGCTGG,0,sg8
GACACCGAAGCAGAGTTTTTAGG,AACACCAAAGCTGAGTTTTTAAC,0,sg11
AAATGAGAAGAAGAGGCACAGGG,AAATGAGAAACTGAGGGAGAGGC,0,sg9
TGACATCAATTATTATACATCGG,TGACATCAACTATTTTAGGTCCC,0,sg10
AAATGAGAAGAAGAGGCACAGGG,AAATGAGAAGCCCAGGCCCTGGA,0,sg9
CCAGTGAGTAGAGCGGAGGCAGG,TAAGTGAGTAGAGAGGAGGGAGC,0,sg2
TGACATCAATTATTATACATCGG,TTAGGTAAATTATTATACATCAT,0,sg10
GGGTGGGGGGAGTTTGCTCCTGG,GGGTGGGGGGTGTTTGTTGTTTG,0,sg8
ATGAACACCAGTGAGTAGAGCGG,ATGAACACCTGTAACTAGAGTTA,0,sg6
GGGTGGGGGGAGTTTGCTCCTGG,GGGAGGTGGGAATTTCCTACTGT,0,sg8
TGACATCAATTATTATACATCGG,TTGCATCTCTTCTTATACATCTG,0,sg10
AAATGAGAAGAAGAGGCACAGGG,AAATGTCAGAGAGAGGCACAGTG,0,sg9
ATGAACACCAGTGAGTAGAGCGG,AAGGAAACCAGTGAGTCTAGGGG,0,sg6
CCAGTGAGTAGAGCGGAGGCAGG,TCAGCGCGTAGAGCGGAGTGGGG,0,sg2
GACACCGAAGCAGAGTTTTTAGG,AAGGCCAAGGCAGAGTTTATAGG,0,sg11
AAATGAGAAGAAGAGGCACAGGG,AGGTGGGAGGCAGAGGCACAGGG,0,sg9
AAATGAGAAGAAGAGGCACAGGG,ACATGACACCAAGAGGCACAGGT,0,sg9
AAATGAGAAGAAGAGGCACAGGG,GAGAGAGAGGAAGAGGCAAAGAG,0,sg9
AAATGAGAAGAAGAGGCACAGGG,AAATGAGAAGAAAAACCAGAGAG,0,sg9
TGACATCAATTATTATACATCGG,TGACATCAACTAGAATAAATGGT,0,sg10
AAATGAGAAGAAGAGGCACAGGG,AAATGAGAAAATAAAGCACTGAG,0,sg9
GAATCCTAAAAACTCTGCTTCGG,GGCTCAGAGAAACTCTGCTTCTG,0,sg12
AACACCAGTGAGTAGAGCGGAGG,AGGACCAGTGAGGAGAGGCGAAG,0,sg1
CCTGCCTCCGCTCTACTCACTGG,CCCGTGGCCGATCTACTCACTGA,0,sg7
AAATGAGAAGAAGAGGCACAGGG,TAGTGAGAAGAAGAGGAACATTG,0,sg9
AAATGAGAAGAAGAGGCACAGGG,AAATGAGAAGAAAAGGAAAATAT,0,sg9
CTTGCCCCACAGGGCAGTAACGG,CTTGCCCCAGAAGGCAGCGTTGG,0,sg3
TGACATCAATTATTATACATCGG,CGTTATAAATTATTATACATAGT,0,sg10
GGGTGGGGGGAGTTTGCTCCTGG,GGGAGTTGGGAGTTTGCTTCCAG,0,sg8
GAATCCTAAAAACTCTGCTTCGG,TATCCTTAAAAACTCTGCTCCCG,0,sg12
AATGACCACTACATCCTCAAGGG,CTTGAACACTACATCCTCTAGAG,0,sg5
GACACCGAAGCAGAGTTTTTAGG,TATACTAAAGCAGAGTTTTCAAG,0,sg11
TGACATCAATTATTATACATCGG,CTGCATCAATTATTATACTGGGG,0,sg10
GAATCCTAAAAACTCTGCTTCGG,GAGCCATGCAAACTCTGCTTCCG,0,sg12
TGACATCAATTATTATACATCGG,TAAAAGCAATTATTATCAATGGG,0,sg10
CTTGCCCCACAGGGCAGTAACGG,CTTGCCCCAAAAGCAATTAACAG,0,sg3
GGGTGGGGGGAGTTTGCTCCTGG,GGGTGGGGGCCGTGGGCTCCCAG,0,sg8
GAATCCTAAAAACTCTGCTTCGG,GAATCCTAAAGACTGTGCTAAGA,0,sg12
GGTCCTGCCGCTGCTTGTCATGG,GGTCCTGCCTGGGCTTGAGACGG,0,sg4
GACACCGAAGCAGAGTTTTTAGG,GACACAGTGGCAGAGTTTTAAGC,0,sg11
ATGAACACCAGTGAGTAGAGCGG,ATGAACACCTGTGTCTAAAGCCC,0,sg6
GGGTGGGGGGAGTTTGCTCCTGG,GGCCTGGTGGGGTTTGCTCCTTG,0,sg8
ATGAACACCAGTGAGTAGAGCGG,ATGAGAAGGAGTGAGTAGAGAGG,0,sg6
AAATGAGAAGAAGAGGCACAGGG,GCATGCGAGGAAGAGGCACTGGG,0,sg9
AAATGAGAAGAAGAGGCACAGGG,CCATGGGAATGAGAGGCACAGGG,0,sg9
TGACATCAATTATTATACATCGG,AGGCAACAATTATTATCCAGCAG,0,sg10
GAATCCTAAAAACTCTGCTTCGG,GAATTTTAAAAACTCTAATTCAG,0,sg12
AAATGAGAAGAAGAGGCACAGGG,GACTGAGAAAGAGAGGCACAGAG,0,sg9
AAATGAGAAGAAGAGGCACAGGG,CATGGAGAAGCAGAGGCACAGGT,0,sg9
GGGTGGGGGGAGTTTGCTCCTGG,TGGGTGGGGGTGTCTGCACCTGG,0,sg8
ATGAACACCAGTGAGTAGAGCGG,ATCAAAACCAGTGAGGACAGGGT,0,sg6
AACACCAGTGAGTAGAGCGGAGG,AACACCAGTGTGTCTAGTGGTTG,0,sg1
CCAGTGAGTAGAGCGGAGGCAGG,GGGGTGAGTAGAGTGAAGCCAGG,0,sg2
CTTGCCCCACAGGGCAGTAACGG,CAAGACCCACAGGGCAGGACCCG,0,sg3
AAATGAGAAGAAGAGGCACAGGG,AGAAGAGAAGAAGAAGGAGGGGG,0,sg9
CCTGCCTCCGCTCTACTCACTGG,CCTGCCTCCTCTCTTCCCACTCT,0,sg7
GGGTGGGGGGAGTTTGCTCCTGG,TGATGAGCTGACTTTGCTCCTGG,0,sg8
AAATGAGAAGAAGAGGCACAGGG,ATAGGAGAAGAAGAGACTCTGGG,0,sg9
CTTGCCCCACAGGGCAGTAACGG,CGTGGGCCACAGGGCAGGAAGGG,0,sg3
GGGTGGGGGGAGTTTGCTCCTGG,GAGGGGTGGGGGTTCTCTCCTGG,0,sg8
AAATGAGAAGAAGAGGCACAGGG,GAGTGAGGCCTAGAGGCACAGGG,0,sg9
AATGACCACTACATCCTCAAGGG,AATGACCACCACTTCCCTAGGAG,0,sg5
TGACATCAATTATTATACATCGG,TGACATCAAATGTTAAGCCTCAG,0,sg10
AATGACCACTACATCCTCAAGGG,AATGACCACACTTTGCTCAAGGA,0,sg5
AAATGAGAAGAAGAGGCACAGGG,AAATGAGAAAAATAGCCTCAGCA,0,sg9
AAATGAGAAGAAGAGGCACAGGG,AAGTGATGACAGGAGGCACAGAG,0,sg9
GAATCCTAAAAACTCTGCTTCGG,GAATCCTAAGTCCTTTGCTTTGG,0,sg12
GAATCCTAAAAACTCTGCTTCGG,GAAGCCTCAAAGCTCTGCTTCCC,0,sg12
AAATGAGAAGAAGAGGCACAGGG,AAATGAGAAGAGGAGATAGAGCT,0,sg9
AATGACCACTACATCCTCAAGGG,ACTGACCACTACATCCTTGTGGT,0,sg5
GGTCCTGCCGCTGCTTGTCATGG,GGTCCTGCCATTCCCTGACCTGG,0,sg4
CTTGCCCCACAGGGCAGTAACGG,CTTGCCCCACAGGGCCTCAGAGA,0,sg3
TGACATCAATTATTATACATCGG,TACCATCAATTATTATAATTAGA,0,sg10
GAATCCTAAAAACTCTGCTTCGG,TAATCCTAAAAACTTATCTATGG,0,sg12
GACACCGAAGCAGAGTTTTTAGG,GTTCCGGGAGCAGAGTTTTTAAG,0,sg11
AAATGAGAAGAAGAGGCACAGGG,AATTGAAACTAAGAGGCACAGAG,0,sg9
GGGTGGGGGGAGTTTGCTCCTGG,GGGTGGGGGGTGCATGCCCCTGG,0,sg8
GACACCGAAGCAGAGTTTTTAGG,GACTCACAGACAGAGTTTTTATG,0,sg11
TGACATCAATTATTATACATCGG,AAATATAAATTTTTATACATCAG,0,sg10
AAATGAGAAGAAGAGGCACAGGG,GAGAGAGAAGAAGAGACAGAGGC,0,sg9
GGGTGGGGGGAGTTTGCTCCTGG,GGGAGGGTGGGGGTTGGACCTGG,0,sg8
CTTGCCCCACAGGGCAGTAACGG,CTTCCTCCACAGGGCTGTTACAG,0,sg3
GGTCCTGCCGCTGCTTGTCATGG,GGTCATGCTGCTGCTTGTGGTAG,0,sg4
GGGTGGGGGGAGTTTGCTCCTGG,GAGAGAGGGGATTTTGCTCCTCT,0,sg8
GAATCCTAAAAACTCTGCTTCGG,GCATCCTAAAAACTGTTCTTTAC,0,sg12
GGTCCTGCCGCTGCTTGTCATGG,GGACCTGCCGCTGCTCGGTCCGG,0,sg4
CCAGTGAGTAGAGCGGAGGCAGG,ATTGTGAGTAGAGGGGTAGCAGG,0,sg2
GGGTGGGGGGAGTTTGCTCCTGG,GGGTGGGGGGAGTAGGGAGATGG,0,sg8
AAATGAGAAGAAGAGGCACAGGG,CTAGGAGAAGAAGAGGAAGAGAG,0,sg9
AAATGAGAAGAAGAGGCACAGGG,AAATGAGAATATGAATGACAGTG,0,sg9
AAATGAGAAGAAGAGGCACAGGG,AAATGAGAAGCAGAAGCAAAGGA,0,sg9
AAATGAGAAGAAGAGGCACAGGG,TTACAAGAAGAAGAGGTTCAGGG,0,sg9
AATGACCACTACATCCTCAAGGG,AACAATCCTTACATCCTCAGGGG,0,sg5
ATGAACACCAGTGAGTAGAGCGG,ATGAACACCAGTGAATGACGCAA,0,sg6
AAATGAGAAGAAGAGGCACAGGG,AAAGGGGAAGAAGAGACACTAGA,0,sg9
AATGACCACTACATCCTCAAGGG,AATGACCACTATCTTCTCAAAAA,0,sg5
TGACATCAATTATTATACATCGG,TGACATCAAATACTATACTTGTA,0,sg10
AATGACCACTACATCCTCAAGGG,ACTGACCACTACCTCCTCCAACA,0,sg5
CCAGTGAGTAGAGCGGAGGCAGG,TGAGTGAGTAGAGCAGAGAAAAG,0,sg2
CTTGCCCCACAGGGCAGTAACGG,CTGCCGCCTCAGGGCAGTAGGGG,0,sg3
AAATGAGAAGAAGAGGCACAGGG,AAAAAAGAAGAAGAGAGAGAGAG,0,sg9
AACACCAGTGAGTAGAGCGGAGG,AACACCAGTCATCAGATTGGAGC,0,sg1
GGTCCTGCCGCTGCTTGTCATGG,TTCCCAGCCGCTGCTTGTCCAGG,0,sg4
CTTGCCCCACAGGGCAGTAACGG,CCTCACCCACAGGGCTGTCATGG,0,sg3
GGGTGGGGGGAGTTTGCTCCTGG,GGGTGGGGGGAGCTTGTCCCTGG,0,sg8
ATGAACACCAGTGAGTAGAGCGG,TTGAACACCAGTGGAGAGTGAGG,0,sg6
AACACCAGTGAGTAGAGCGGAGG,GACACCAGTGAGAAGAGTTCAGC,0,sg1
AAATGAGAAGAAGAGGCACAGGG,TCATGAGAAGAAGAGGGGAAGTG,0,sg9
CTTGCCCCACAGGGCAGTAACGG,CTTGCTCCAGATGGCTGTCATGG,0,sg3
AAATGAGAAGAAGAGGCACAGGG,AAAAAGGAAGAAGAGGCAAAAGC,0,sg9
GACACCGAAGCAGAGTTTTTAGG,GACAGTGAAGCAGAGCTGTGCGG,0,sg11
AAATGAGAAGAAGAGGCACAGGG,GAAGGAGAAGAAGAGAGATTGGG,0,sg9
GGTCCTGCCGCTGCTTGTCATGG,GGTGCTGCCGCTGCTCCTCCCGG,0,sg4
AAATGAGAAGAAGAGGCACAGGG,AAAGAAGAAGAGAAGGAACAGGA,0,sg9
AAATGAGAAGAAGAGGCACAGGG,AAATGAGAATCAGGAGCACATGG,0,sg9
AACACCAGTGAGTAGAGCGGAGG,TACAGCAGTGAGTAGCTGGGAGC,0,sg1
AAATGAGAAGAAGAGGCACAGGG,ACAGAAGAAGAAGAGGAAGAGGA,0,sg9
AACACCAGTGAGTAGAGCGGAGG,CATACCAGTGAGAAGACAGCAGG,0,sg1
GAATCCTAAAAACTCTGCTTCGG,GAATCCTAACAACCCTTGTAAGG,0,sg12
GGTCCTGCCGCTGCTTGTCATGG,GGTCCTGCCCATCCTGGGCCTGG,0,sg4
CTTGCCCCACAGGGCAGTAACGG,CCTGCCCCACAGGACAAGGACAG,0,sg3
AACACCAGTGAGTAGAGCGGAGG,GACACCAGTGAGAGGACAGGATG,0,sg1
AACACCAGTGAGTAGAGCGGAGG,AGCACCAGTGAGTAAGGGGCAGA,0,sg1
CTTGCCCCACAGGGCAGTAACGG,CCTACCTAACAGGGCAGTAAAGC,0,sg3
AACACCAGTGAGTAGAGCGGAGG,AGCACCAGTGAGCAAAGCCAAGG,0,sg1
AAATGAGAAGAAGAGGCACAGGG,AAGTGAGAAACTGAGGCACAGAG,0,sg9
CCTGCCTCCGCTCTACTCACTGG,CCTGGCTCTAAACTACTCACTGA,0,sg7
CCTGCCTCCGCTCTACTCACTGG,CCTGACTAGGCTCTACTCACTCA,0,sg7
GGGTGGGGGGAGTTTGCTCCTGG,GGGTGGGGGGGGTCCGTATCTGG,0,sg8
TGACATCAATTATTATACATCGG,TGACATCAATTATTTTAAAAAGA,0,sg10
CCAGTGAGTAGAGCGGAGGCAGG,CCAAAGGGCTGAGCGGAGGCAGC,0,sg2
GGTCCTGCCGCTGCTTGTCATGG,TTTCCTGCCGCTCCTTGTAAAGT,0,sg4
AACACCAGTGAGTAGAGCGGAGG,ACTAGCAGTGAGTAGAGCTGGGA,0,sg1
GGTCCTGCCGCTGCTTGTCATGG,GGAGATCCAGCTGCTTGTCATGT,0,sg4
AAATGAGAAGAAGAGGCACAGGG,CACAAAGAAGCAGAGGCACAGAG,0,sg9
AAATGAGAAGAAGAGGCACAGGG,AAACAGAAAGAAGAGGCAGGGGG,0,sg9
CCTGCCTCCGCTCTACTCACTGG,CCTGCCTCCTCTCAACCCACACA,0,sg7
GGGTGGGGGGAGTTTGCTCCTGG,GCGTGGGGGGAGTTGGTTACTTT,0,sg8
AAATGAGAAGAAGAGGCACAGGG,AATAGGTAAGAAGAGGCACTGGC,0,sg9
GGTCCTGCCGCTGCTTGTCATGG,GGTCCTGCCGCCGCTTGTTTTTA,0,sg4
AAATGAGAAGAAGAGGCACAGGG,AACTGAGAAGAATAGACAGATGA,0,sg9
AATGACCACTACATCCTCAAGGG,ACTGCACTCTACATCCTCATAGG,0,sg5
CTTGCCCCACAGGGCAGTAACGG,CTTGAATCCCTGGGCAGTAACTG,0,sg3
AATGACCACTACATCCTCAAGGG,ATTCACCTCTATATCCTCAAGAC,0,sg5
TGACATCAATTATTATACATCGG,TCACCCCAATTATTATTCAGTGG,0,sg10
CCTGCCTCCGCTCTACTCACTGG,CCTGCCTCCCCACCCCCCACTGT,0,sg7
CTTGCCCCACAGGGCAGTAACGG,TTCACCCCACAGGGCATTAACTC,0,sg3
CCTGCCTCCGCTCTACTCACTGG,GCTAGCACCACCCTACTCACTGG,0,sg7
GGGTGGGGGGAGTTTGCTCCTGG,GGGTGGGGGGATTTGGCTTGGGC,0,sg8
CCAGTGAGTAGAGCGGAGGCAGG,CCCGTAAAAGGAGCGGAGGCAGA,0,sg2
ATGAACACCAGTGAGTAGAGCGG,CTGACCACCAGTGAGCTGGGCGG,0,sg6
GGGTGGGGGGAGTTTGCTCCTGG,GGGTGGGGGAGGAATGGGCCTGG,0,sg8
TGACATCAATTATTATACATCGG,TAAAACCAATTATTAGAAATCAG,0,sg10
GGTCCTGCCGCTGCTTGTCATGG,GTTCAAGCAGCTGCTTGTCAGGA,0,sg4
AAATGAGAAGAAGAGGCACAGGG,AAATGAGAAAAAGCAGCTCAGTA,0,sg9
AAATGAGAAGAAGAGGCACAGGG,AAATGAGAAACAGAGGCATAAAA,0,sg9
GGTCCTGCCGCTGCTTGTCATGG,CCTACTACTGCTGCTTGTAATGG,0,sg4
AATGACCACTACATCCTCAAGGG,AAAAAAAAGTATATCCTCAAGGG,0,sg5
AACACCAGTGAGTAGAGCGGAGG,AAAAACGATGAGTAGAGCCAAGG,0,sg1
TGACATCAATTATTATACATCGG,TGAAAGCCCTTATTATACAGAGG,0,sg10
AAATGAGAAGAAGAGGCACAGGG,GAATGAGAAGAAAAGGGAAAGGA,0,sg9
ATGAACACCAGTGAGTAGAGCGG,CTGACCACCAGTGAGCCAGGCGG,0,sg6
AATGACCACTACATCCTCAAGGG,AATGAACACTACATCCTTAGACA,0,sg5
CCTGCCTCCGCTCTACTCACTGG,CATTCCTGGCCTCTACTCACTAG,0,sg7
GGGTGGGGGGAGTTTGCTCCTGG,GGCTGGGGGGAGTTTGAGCATCT,0,sg8
GGGTGGGGGGAGTTTGCTCCTGG,TTGTGGAGGAAGTTTGCTCCTTT,0,sg8
GGGTGGGGGGAGTTTGCTCCTGG,GAGTGGGGGGAGTGTGCTGGGAG,0,sg8
AATGACCACTACATCCTCAAGGG,ATTCACCCCTCCATCCTCAAGGC,0,sg5
AAATGAGAAGAAGAGGCACAGGG,GAGTGCGAAGATGAGGCACAGCC,0,sg9
AATGACCACTACATCCTCAAGGG,AATGACCACCACTACCTTGAGGG,0,sg5
CCAGTGAGTAGAGCGGAGGCAGG,CTAGTGAGTAGAGGTCAGGAATG,0,sg2
GAATCCTAAAAACTCTGCTTCGG,AATTTCTAAGAACTCTGCTTCTT,0,sg12
AAATGAGAAGAAGAGGCACAGGG,AAAGGGGTAACAGAGGCACAGGA,0,sg9
GACACCGAAGCAGAGTTTTTAGG,GCCACAGAGGCAGAGTTTTTCAT,0,sg11
TGACATCAATTATTATACATCGG,AGCAAACATTTATTATACATCAG,0,sg10
AAATGAGAAGAAGAGGCACAGGG,AAATGAGAAGAAGCAGCAGATTG,0,sg9
AAATGAGAAGAAGAGGCACAGGG,GGCTTATAAGAAGAGGCACAGCG,0,sg9
CTTGCCCCACAGGGCAGTAACGG,CTTGCCCCACAATTCATTTACGT,0,sg3
AAATGAGAAGAAGAGGCACAGGG,AACTGAGAAGAAAATGCGAAGAG,0,sg9
TGACATCAATTATTATACATCGG,AGACAGAAATTATTATACAGACG,0,sg10
GGGTGGGGGGAGTTTGCTCCTGG,GGGTGGGGGTAGTCTTTTACTGG,0,sg8
ATGAACACCAGTGAGTAGAGCGG,ATCAGGACCAGTGAGTAGAAGGT,0,sg6
AAATGAGAAGAAGAGGCACAGGG,GAATGGGAAGAAGAGTCACAGGA,0,sg9
AAATGAGAAGAAGAGGCACAGGG,AAATGAGAAAAATATGGACAGCT,0,sg9
AACACCAGTGAGTAGAGCGGAGG,CAACCAAGTGAGTAGAGGGGAGA,0,sg1
AAATGAGAAGAAGAGGCACAGGG,AGATGAGAAGAAGAAGAAGAGTC,0,sg9
TGACATCAATTATTATACATCGG,TGACATCAATCTATAAACATCAA,0,sg10
GGGTGGGGGGAGTTTGCTCCTGG,GGGTGGGGGGAGTCTCATCGTTA,0,sg8
GGGTGGGGGGAGTTTGCTCCTGG,GGGTGGGGGGAGTATTCTGATGG,0,sg8
AAATGAGAAGAAGAGGCACAGGG,CTATGAGAAGAACGGGCACCGGT,0,sg9
GACACCGAAGCAGAGTTTTTAGG,GAGACTTAAGCAGAGTTTTAAAA,0,sg11
CCAGTGAGTAGAGCGGAGGCAGG,CCAGTGAGTACAGTGCCGGCAAG,0,sg2
AAATGAGAAGAAGAGGCACAGGG,AAATGAGAAGAAGAGAGGGAGAC,0,sg9
GGTCCTGCCGCTGCTTGTCATGG,CGTCCTGCCGCTCCTCGTGCTTG,0,sg4
GACACCGAAGCAGAGTTTTTAGG,GTCCCAGCAGCAGAGTTTTTTTG,0,sg11
GACACCGAAGCAGAGTTTTTAGG,TGCACAGAAGCAGAGTTTATAAA,0,sg11
GGGTGGGGGGAGTTTGCTCCTGG,AGCTGGGGGGAGGCGGCACCTGG,0,sg8
GGGTGGGGGGAGTTTGCTCCTGG,GGGGGAGGGGAGTTTGTTACTGG,0,sg8
AAATGAGAAGAAGAGGCACAGGG,TAACAGGAAGGAGAGGCACAGTG,0,sg9
AAATGAGAAGAAGAGGCACAGGG,GAAAGAGAGGAAGAGGCACCAGG,0,sg9
GAATCCTAAAAACTCTGCTTCGG,GAATCCTAAGACCTCATGTTCAG,0,sg12
AACACCAGTGAGTAGAGCGGAGG,AATACCAAAGAGTAGAGCAGAAA,0,sg1
TGACATCAATTATTATACATCGG,TTAAATAAATTGTTATACATCAA,0,sg10
GAATCCTAAAAACTCTGCTTCGG,GAATCCTAAAAGCATTGGTTCAA,0,sg12
GGGTGGGGGGAGTTTGCTCCTGG,GGGTGGGGGGTGCTTGCCCCCCT,0,sg8
CCAGTGAGTAGAGCGGAGGCAGG,GCAGTGAGTAGAGAGGAGCCCTG,0,sg2
CTTGCCCCACAGGGCAGTAACGG,CCTGGACCACAGGGCAGTGACCA,0,sg3
ATGAACACCAGTGAGTAGAGCGG,ATGAACACCACTGTGTTTGGTGG,0,sg6
AAATGAGAAGAAGAGGCACAGGG,GGAAAAGGAGGAGAGGCACAGGG,0,sg9
AATGACCACTACATCCTCAAGGG,TGGGACCTCAAGATCCTCAAGGG,0,sg5
AAATGAGAAGAAGAGGCACAGGG,AAGTCTGAAGAAGAGACACAGTG,0,sg9
AACACCAGTGAGTAGAGCGGAGG,AACACCAGTGTGTAGAGAAATTG,0,sg1
CTTGCCCCACAGGGCAGTAACGG,CTTACCCCTCAGGGCAGTAGGCT,0,sg3
ATGAACACCAGTGAGTAGAGCGG,AAGAAGGCCAGTGAGTAGAAAAG,0,sg6
GAATCCTAAAAACTCTGCTTCGG,GAAGAGCAAAAACTCTGCTTTCG,0,sg12
TGACATCAATTATTATACATCGG,AGACATCAATTATCATATTCAGG,0,sg10
CCAGTGAGTAGAGCGGAGGCAGG,TCAGTCACTGGGGCGGAGGCAGC,0,sg2
GGGTGGGGGGAGTTTGCTCCTGG,TGGTGGGGGGAGTTTTTCCCTAG,0,sg8
GACACCGAAGCAGAGTTTTTAGG,AAGGCCGGGGCAGAGTTTCTAGG,0,sg11
AAATGAGAAGAAGAGGCACAGGG,AAATGAGAAGGAGATCCTTATGG,0,sg9
TGACATCAATTATTATACATCGG,TGACATCAATTTTACTACCTGGG,0,sg10
CTTGCCCCACAGGGCAGTAACGG,ATATCACCACAGGGCAGGAAGGG,0,sg3
GAATCCTAAAAACTCTGCTTCGG,GAATCCTAAGAGTTCTGCTTAGC,0,sg12
AAATGAGAAGAAGAGGCACAGGG,ACGAGAGGAGGAGAGGCACAGAG,0,sg9
CCAGTGAGTAGAGCGGAGGCAGG,CTAGTGAGTAGAGGCCAGGGACG,0,sg2
ATGAACACCAGTGAGTAGAGCGG,ATGAACACCAGTGTGTTTTCTGG,0,sg6
AAATGAGAAGAAGAGGCACAGGG,AAAAGTGAAGAAGAGGGAAATGC,0,sg9
AAATGAGAAGAAGAGGCACAGGG,AAATGAGAAGCAAAGGTAAAAGT,0,sg9
ATGAACACCAGTGAGTAGAGCGG,TAGAACACCAGTGAGAAGAGAGA,0,sg6
CCAGTGAGTAGAGCGGAGGCAGG,GCACTTGGGAAAGCGGAGGCAGG,0,sg2
GGTCCTGCCGCTGCTTGTCATGG,GGTCCTGCCCCTGCCTGCTATGT,0,sg4
ATGAACACCAGTGAGTAGAGCGG,ATATACAAAAGTGAGTAGAAGGG,0,sg6
AAATGAGAAGAAGAGGCACAGGG,AAATGAGAAGAAGAAGAAGAAGA,0,sg9
AAATGAGAAGAAGAGGCACAGGG,ACTCTACAGGAAGAGGCACAGGG,0,sg9
CCAGTGAGTAGAGCGGAGGCAGG,CCTGGACGTGGAGCGGAGGCAGA,0,sg2
AAATGAGAAGAAGAGGCACAGGG,ATATTAGAAGAAGAGCTAAAGGA,0,sg9
TGACATCAATTATTATACATCGG,TGACATCAAATATAATTGAACAG,0,sg10
AAATGAGAAGAAGAGGCACAGGG,AAAGGAAAAGAAGAGGCAGGTGA,0,sg9
AAATGAGAAGAAGAGGCACAGGG,ATATGACCAGAAGAGGCAAATGT,0,sg9
CTTGCCCCACAGGGCAGTAACGG,CTGGCCCCACAGCGCCGCAGCGT,0,sg3
TGACATCAATTATTATACATCGG,TCACAAACATTATTATACACCTG,0,sg10
AAATGAGAAGAAGAGGCACAGGG,GAAGAAGAAGAAGAGGGAGAGAG,0,sg9
CCAGTGAGTAGAGCGGAGGCAGG,TCAGTGGGATAAGCGGAGGCAGA,0,sg2
TGACATCAATTATTATACATCGG,TCACTTGTATTATTATACATGGT,0,sg10
CCTGCCTCCGCTCTACTCACTGG,CCTAACTCTGCTCTACTCAGAGC,0,sg7
CCAGTGAGTAGAGCGGAGGCAGG,CCAGTGAGTAAAGAGGAAAGTGG,0,sg2
GGGTGGGGGGAGTTTGCTCCTGG,GGGTGGGGGGAGGTCTCACCATG,0,sg8
GGTCCTGCCGCTGCTTGTCATGG,GGTCCTGCCCCTGCGTGCCCGTG,0,sg4
AAATGAGAAGAAGAGGCACAGGG,ACCTTTGAGGATGAGGCACAGGG,0,sg9
GGGTGGGGGGAGTTTGCTCCTGG,GACTGGTGGAATTTTGCTCCTGC,0,sg8
GGGTGGGGGGAGTTTGCTCCTGG,GGGTGGGGGGAGTAGGGTGCAGA,0,sg8
ATGAACACCAGTGAGTAGAGCGG,CTTAAGCCAAGTGAGTAGAGGGG,0,sg6
GAATCCTAAAAACTCTGCTTCGG,TGATCCTAAAAACTATCTTTCAG,0,sg12
AACACCAGTGAGTAGAGCGGAGG,CAAAGCAGTGAGTAGGGTGGGGG,0,sg1
GGGTGGGGGGAGTTTGCTCCTGG,GGGTGGGGGGAGGTTGATATGGG,0,sg8
GGGTGGGGGGAGTTTGCTCCTGG,GACTGGGGGGAGTTTGGTTGTGA,0,sg8
GGTCCTGCCGCTGCTTGTCATGG,GGTCCTGCCATTACTTTTTATGC,0,sg4
AAATGAGAAGAAGAGGCACAGGG,TTATGAGAAGAAGAGACACCAGG,0,sg9
AAATGAGAAGAAGAGGCACAGGG,CAAGGACACCAGGAGGCACAGGG,0,sg9
AAATGAGAAGAAGAGGCACAGGG,AAGTGAGAATGGGAGGCACAGGC,0,sg9
ATGAACACCAGTGAGTAGAGCGG,AGGCACACCAGTGAGAAAAGCCA,0,sg6
GGTCCTGCCGCTGCTTGTCATGG,GTCCCTGTCTGTGCTTGTCATGG,0,sg4
GACACCGAAGCAGAGTTTTTAGG,GACAAAGGAGCAGAGTTTTCAGA,0,sg11
CCAGTGAGTAGAGCGGAGGCAGG,GATGGGAGAAGAGCGGAGGCTGG,0,sg2
AAATGAGAAGAAGAGGCACAGGG,AAAAGGGGAGAAGAGGCACTTTG,0,sg9
TGACATCAATTATTATACATCGG,AGATTTCTATTATTATACATATG,0,sg10
GAATCCTAAAAACTCTGCTTCGG,TGATCCTAAAAACTGTGGCTGGG,0,sg12
CTTGCCCCACAGGGCAGTAACGG,TGTGCCCCACAGAGCACTAAGGG,0,sg3
AAATGAGAAGAAGAGGCACAGGG,ATCTGAGAAGAAAAGTCAAAGAG,0,sg9
AAATGAGAAGAAGAGGCACAGGG,AAATGAGAAAAAGAGATTCTGGA,0,sg9
GACACCGAAGCAGAGTTTTTAGG,AACACTCATGCAGAGTTTTTGGA,0,sg11
AAATGAGAAGAAGAGGCACAGGG,AAATGAGAAGATGTAGCCCTGGT,0,sg9
AAATGAGAAGAAGAGGCACAGGG,AAGAGAGAAGAAGAGGAAGAGGA,0,sg9
AAATGAGAAGAAGAGGCACAGGG,AACTGAGGTTAAGAGGCACAGAG,0,sg9
GAATCCTAAAAACTCTGCTTCGG,AAATCCTATAGGCTCTGCTTCCA,0,sg12
AAATGAGAAGAAGAGGCACAGGG,AGGGGAGAAGAAGAGGGGAAGGG,0,sg9
GACACCGAAGCAGAGTTTTTAGG,AACAACATAGGAGAGTTTTTAAG,0,sg11
GGGTGGGGGGAGTTTGCTCCTGG,GGGTGGGGGGAGTCACCCCCTGT,0,sg8
AAATGAGAAGAAGAGGCACAGGG,AAATGAGAAGAATTTCCCCATGG,0,sg9
GACACCGAAGCAGAGTTTTTAGG,GAGTCAGAACCTGAGTTTTTATG,0,sg11
AAATGAGAAGAAGAGGCACAGGG,AAATGAAGAAATGAGGCACAGAG,0,sg9
AAATGAGAAGAAGAGGCACAGGG,ATAGCTGAAGAAGAGGCATAAGG,0,sg9
GAATCCTAAAAACTCTGCTTCGG,AAATCATGAAAACTCTGCTTAGA,0,sg12
CCAGTGAGTAGAGCGGAGGCAGG,CCAGTGAGTAGATTAGATACAGT,0,sg2
GAATCCTAAAAACTCTGCTTCGG,GATTTATAAAAACTCTGCTTAGG,1,sg12
GACACCGAAGCAGAGTTTTTAGG,GCCACCAAACTAGAGTTTTTAGT,0,sg11
GAATCCTAAAAACTCTGCTTCGG,CAATAATAAAAACTCTGCTTTTT,0,sg12
AAATGAGAAGAAGAGGCACAGGG,GACAGAGAAGAAGAGGGAAAGGT,0,sg9
GACACCGAAGCAGAGTTTTTAGG,GGAACGGAAGCAGAGTTTCTTGG,0,sg11
AAATGAGAAGAAGAGGCACAGGG,GATGGAGAAGAAGAGGAGCAGAG,0,sg9
AAATGAGAAGAAGAGGCACAGGG,TAATGTGAAGAAGAGTAACAAGC,0,sg9
CTTGCCCCACAGGGCAGTAACGG,CTTGCCCCACAGTGCTGTATTTA,0,sg3
GAATCCTAAAAACTCTGCTTCGG,GAATCCTAAAAGAATTGCTAAGG,0,sg12
GGGTGGGGGGAGTTTGCTCCTGG,GGGTGGGGGCAGAGTGCTCGGTG,0,sg8
GAATCCTAAAAACTCTGCTTCGG,CAATCCTAAAAATTGAGCTTTGA,0,sg12
AAATGAGAAGAAGAGGCACAGGG,AAATGAGAAACAGAGAAACAGAA,0,sg9
CCTGCCTCCGCTCTACTCACTGG,TCTGCCTCCGCTGCAGTCCCCGG,0,sg7
AAATGAGAAGAAGAGGCACAGGG,AAATGAGAATAAGAGCATCAATG,0,sg9
CCTGCCTCCGCTCTACTCACTGG,GCCGCCTCCGCTTCCCTCACTGG,0,sg7
AAATGAGAAGAAGAGGCACAGGG,GAAGAAGAGGAAGAGGAACAGGA,0,sg9
AAATGAGAAGAAGAGGCACAGGG,ACATTTCAAAAAGAGGCACAGGA,0,sg9
ATGAACACCAGTGAGTAGAGCGG,CTGCTGACCAGTGAGTTCAGCGG,0,sg6
AAATGAGAAGAAGAGGCACAGGG,AAATGAGAAGAGGAGAAGCACAG,0,sg9
AAATGAGAAGAAGAGGCACAGGG,AAATGAGAAGAAGAAAGCCAAGT,0,sg9
GGGTGGGGGGAGTTTGCTCCTGG,GGGTGGGGGTACTTGGTGGCTGG,0,sg8
AAATGAGAAGAAGAGGCACAGGG,AAGTGAGAAGAAGGTGAACTGGA,0,sg9
GACACCGAAGCAGAGTTTTTAGG,GGCCACCAAGCAGAGTTTTCAGG,0,sg11
AAATGAGAAGAAGAGGCACAGGG,AAAGAAGAAGAAGAGGAAGAAGG,0,sg9
GGGTGGGGGGAGTTTGCTCCTGG,GGGTGGGGGGAGTTGGGACTTTC,0,sg8
CCAGTGAGTAGAGCGGAGGCAGG,CCAGTGAGTAGATGGGGAACAGC,0,sg2
GGTCCTGCCGCTGCTTGTCATGG,GGTCCTGCCAGTGCTTAGCAGGG,0,sg4
GAATCCTAAAAACTCTGCTTCGG,TATCCTTAAAAACTCTGATCCGG,0,sg12
AACACCAGTGAGTAGAGCGGAGG,AATCCCAGTGAGTAGTTTGGTGG,0,sg1
AAATGAGAAGAAGAGGCACAGGG,AAATGAGAAAAGGGATCACAGTG,0,sg9
GACACCGAAGCAGAGTTTTTAGG,AAAAAGGAAGCAGAGTTTTTTGG,0,sg11
GACACCGAAGCAGAGTTTTTAGG,TACCTCAAAGCAGAGTTTTGATG,0,sg11
GGGTGGGGGGAGTTTGCTCCTGG,GGGTGGGGGGAGATGGCCCCCTG,0,sg8
CCAGTGAGTAGAGCGGAGGCAGG,CCAGTGAGTAAAGTAGGGGAAGG,0,sg2
GGGTGGGGGGAGTTTGCTCCTGG,GTGTGGGGGGAGCCCTCTCCTGC,0,sg8
AAATGAGAAGAAGAGGCACAGGG,AAATGAGAAAATGCGGCATATGA,0,sg9
GGGTGGGGGGAGTTTGCTCCTGG,GGGTGGGGGGAGGATCTTCATGT,0,sg8
GGGTGGGGGGAGTTTGCTCCTGG,TGCTGGGGGGAGGGTGCTACTGT,0,sg8
AATGACCACTACATCCTCAAGGG,AATGCCCAGTACATCCTCAGATT,0,sg5
TGACATCAATTATTATACATCGG,TGCTAGCAATTATTATACAGCTA,0,sg10
GGGTGGGGGGAGTTTGCTCCTGG,GGGTGGGGGGAGTCTGATGCCAC,0,sg8
CTTGCCCCACAGGGCAGTAACGG,CTTGGTAGACAGGGCAGTAAGGA,0,sg3
GAATCCTAAAAACTCTGCTTCGG,AGAACCAGAAAACTCTGCTTGGG,0,sg12
AAATGAGAAGAAGAGGCACAGGG,GAATGAGAAGAAAAGCCAAAGAT,0,sg9
TGACATCAATTATTATACATCGG,TGAAATCAAGGTTTATACATCGC,0,sg10
TGACATCAATTATTATACATCGG,TGACATCAACTTTTGTATATCTG,0,sg10
GACACCGAAGCAGAGTTTTTAGG,GACATTGTAGCAGAGTTTTCTGC,0,sg11
TGACATCAATTATTATACATCGG,TGACATCAACATTTTTCCATCTG,0,sg10
GGGTGGGGGGAGTTTGCTCCTGG,GGGTGGGGGGTGCTTGCCCCTCA,0,sg8
CTTGCCCCACAGGGCAGTAACGG,CCATCCCCACAGGGCAGCAAGTG,0,sg3
AAATGAGAAGAAGAGGCACAGGG,AAATGAGAAGAATGGATAAAGTG,0,sg9
GGGTGGGGGGAGTTTGCTCCTGG,AGGTGGGTGGAGTTTGCTGCCTG,0,sg8
AAATGAGAAGAAGAGGCACAGGG,GAATGTGAAGAAGAGGGAGCAGG,0,sg9
GGGTGGGGGGAGTTTGCTCCTGG,GGGTGGGGGCAATTGGCCTCAGG,0,sg8
TGACATCAATTATTATACATCGG,GGACATCAATTATTTTTCACTGG,0,sg10
AACACCAGTGAGTAGAGCGGAGG,TCCACCAGTGAGTGGAGCCAGGG,0,sg1
AATGACCACTACATCCTCAAGGG,AATTACCAATACATCCTCACCCT,0,sg5
AAATGAGAAGAAGAGGCACAGGG,AAATGAGAAGGAAAGACACAAAA,0,sg9
CTTGCCCCACAGGGCAGTAACGG,CTCCCTCCCCAGGGCAGTAAGGC,0,sg3
CCTGCCTCCGCTCTACTCACTGG,CCTGCCTCCCCTCTTGCCTCTGC,0,sg7
CTTGCCCCACAGGGCAGTAACGG,CTTGCCCCACAGCTCAGGGACCC,0,sg3
GAATCCTAAAAACTCTGCTTCGG,TACTCCTAAAAACTGTGAATAGG,0,sg12
AAATGAGAAGAAGAGGCACAGGG,AAAGAAGAAGAAGAGGGAAGAGG,0,sg9
ATGAACACCAGTGAGTAGAGCGG,ATAAACACCAGTCAGCACAGCCA,0,sg6
TGACATCAATTATTATACATCGG,TAGCATCAATTATTAAGTATCAG,0,sg10
AATGACCACTACATCCTCAAGGG,CATGCCCACCTAATCCTCAAGGG,0,sg5
AACACCAGTGAGTAGAGCGGAGG,AACATCAGTGAGTAGGTCCTGGG,0,sg1
TGACATCAATTATTATACATCGG,TAAGATCAAATCTTATACATCAT,0,sg10
GGGTGGGGGGAGTTTGCTCCTGG,TGGTGGGGGGAGGTTGGCAGTGG,0,sg8
ATGAACACCAGTGAGTAGAGCGG,ATGAACACCTGTGAACAGACATG,0,sg6
AAATGAGAAGAAGAGGCACAGGG,AATGGGGAGACAGAGGCACAGGG,0,sg9
GAATCCTAAAAACTCTGCTTCGG,GAATCCTAAAAATCTTGATTCAG,0,sg12
CCTGCCTCCGCTCTACTCACTGG,CTGGGCTCCGCTCTACTCTGTGT,0,sg7
CCTGCCTCCGCTCTACTCACTGG,CCTGCCTCCACCCCACACCCTGT,0,sg7
GGTCCTGCCGCTGCTTGTCATGG,GGTCCTGCCGCTGGGTAGGATTG,0,sg4
TGACATCAATTATTATACATCGG,AGAGGTCAATTATTATATATGTG,0,sg10
ATGAACACCAGTGAGTAGAGCGG,AAGATGGCCAGTGAGTAGAGGGC,0,sg6
GGGTGGGGGGAGTTTGCTCCTGG,GGTTGGGGGGAGTCTGACCCTGT,0,sg8
AAATGAGAAGAAGAGGCACAGGG,AATGGAGAAGAAGAGGCCACTGG,0,sg9
GACACCGAAGCAGAGTTTTTAGG,GACATTGATGTAGAGTTTTTAGT,0,sg11
AATGACCACTACATCCTCAAGGG,AATGTTCACTACATCACATAGGG,0,sg5
AAATGAGAAGAAGAGGCACAGGG,AGAAGAGAAGAAGAGACAGATGA,0,sg9
AAATGAGAAGAAGAGGCACAGGG,AAAACAGACACAGAGGCACAGAG,0,sg9
AAATGAGAAGAAGAGGCACAGGG,AAATGAGAACAAGTAACACTGGG,0,sg9
AACACCAGTGAGTAGAGCGGAGG,ATCACTAATGAGTAGAGCCCATG,0,sg1
GGTCCTGCCGCTGCTTGTCATGG,GCTCCAGCCGCTGCTTCTCCTCT,0,sg4
TGACATCAATTATTATACATCGG,TTAGGTTTATTATTATACATTGG,0,sg10
AAATGAGAAGAAGAGGCACAGGG,CAAAAAGAAGAAGAGGAAGAGGG,0,sg9
AACACCAGTGAGTAGAGCGGAGG,TAGAAGAGTGAGTAGATGGGAGG,0,sg1
GGGTGGGGGGAGTTTGCTCCTGG,GGGAGGGTGGAGTTTCATTCTTG,0,sg8
AAATGAGAAGAAGAGGCACAGGG,AAATGAGAAGTAGACCCAAGGGT,0,sg9
AAATGAGAAGAAGAGGCACAGGG,AAGAAGGAAGAAGAGGAAGAGGG,0,sg9
GACACCGAAGCAGAGTTTTTAGG,GAGACTGAAGCAGAGAGTTGAGG,0,sg11
AAATGAGAAGAAGAGGCACAGGG,AAATGAGAAGTAGAGACACTAGG,0,sg9
AAATGAGAAGAAGAGGCACAGGG,AAAAAAGAAGAAGAGGAAAAGCT,0,sg9
GGGTGGGGGGAGTTTGCTCCTGG,GGTTGGGGGGAGGTTACGGGTGG,0,sg8
CCTGCCTCCGCTCTACTCACTGG,CCTGCCTCCCCTCAACACGCTCC,0,sg7
AACACCAGTGAGTAGAGCGGAGG,AACACCAGTGGGGAGATCAGAGA,0,sg1
ATGAACACCAGTGAGTAGAGCGG,ATTCACACCAGTGAGCAGTTCTG,0,sg6
ATGAACACCAGTGAGTAGAGCGG,ATGAACACCAATGAGCGGAGCCC,0,sg6
CCAGTGAGTAGAGCGGAGGCAGG,CCAGTGAGTGGAGCTGGGACAGG,0,sg2
GGGTGGGGGGAGTTTGCTCCTGG,GGTTTTGGGGAGTTTCTTACTGG,0,sg8
AAATGAGAAGAAGAGGCACAGGG,CCATGGTAAGCAGAGGCACAGGG,0,sg9
GACACCGAAGCAGAGTTTTTAGG,GACAATGAAGCAGAGTCCTTACA,0,sg11
AAATGAGAAGAAGAGGCACAGGG,AATTGAGAAGAAGGGACAAAGAT,0,sg9
AATGACCACTACATCCTCAAGGG,AGGGCCCAGGGCATCCTCAAGGG,0,sg5
GGGTGGGGGGAGTTTGCTCCTGG,CTCTGATGGGAGTTTGCTACTGG,0,sg8
GGGTGGGGGGAGTTTGCTCCTGG,GGGTGGGGGGCGGTTTCTGCAGT,0,sg8
AATGACCACTACATCCTCAAGGG,CAAGAGCAGTACATCCTCTAAGG,0,sg5
CCTGCCTCCGCTCTACTCACTGG,CCTGCCTCCTTCCTACTCCATTG,0,sg7
CCTGCCTCCGCTCTACTCACTGG,CCTGCCTCCGGTGGGCCCACAGG,0,sg7
GGGTGGGGGGAGTTTGCTCCTGG,GGCTGGGGGGAGTTATGTTCTGG,0,sg8
CCTGCCTCCGCTCTACTCACTGG,CCTGCCTCCACCCTCCCCACCAG,0,sg7
AAATGAGAAGAAGAGGCACAGGG,GAAGAGGAAGTAGAGGCACAGAG,0,sg9
TGACATCAATTATTATACATCGG,TGAAAGCAAACCTTATACATCAG,0,sg10
AACACCAGTGAGTAGAGCGGAGG,GTCACCAGTGAGTGGAGGAGTGG,0,sg1
TGACATCAATTATTATACATCGG,TCACATCAATTATTTTTTATGTG,0,sg10
GGGTGGGGGGAGTTTGCTCCTGG,GGGTGGGGGGAGGGCCCTCCGTG,0,sg8
AAATGAGAAGAAGAGGCACAGGG,TAAAAAGAGGAAGAGGCACAAAG,0,sg9
GACACCGAAGCAGAGTTTTTAGG,GTCACCTGAGCAGAGTTTTGAAC,0,sg11
AAATGAGAAGAAGAGGCACAGGG,AAATGAGAAGAAACTGCAGAAGG,0,sg9
CTTGCCCCACAGGGCAGTAACGG,CTTGCCCCAGAGAGAAGCATGGG,0,sg3
GGGTGGGGGGAGTTTGCTCCTGG,GGGTGGGGGTCTTCGGCCCCTGG,0,sg8
TGACATCAATTATTATACATCGG,TGACCTTTCTTATTATACTTAGG,0,sg10
GGTCCTGCCGCTGCTTGTCATGG,GATCCTAGAGCTGCTTGTGCTGG,0,sg4
CTTGCCCCACAGGGCAGTAACGG,TTTTCACCACAGGGCTCCAACGG,0,sg3
GACACCGAAGCAGAGTTTTTAGG,GGCTCAGAAGCAGAGTTCTGGGG,0,sg11
GGGTGGGGGGAGTTTGCTCCTGG,GGGTGGGGGGTGTAGGCTGGTGC,0,sg8
CTTGCCCCACAGGGCAGTAACGG,CTTGCCCCACCCTCCAGAAAAGG,0,sg3
AAATGAGAAGAAGAGGCACAGGG,AAAAGAAAAGAAGAGGCATAGGA,0,sg9
AAATGAGAAGAAGAGGCACAGGG,AAAAAAGAAGAAGAGGCTGGGTG,0,sg9
CTTGCCCCACAGGGCAGTAACGG,CAGCCCCTCCAGGGCAGTAAAGG,0,sg3
GACACCGAAGCAGAGTTTTTAGG,GAGACAGAAGGAGAGTTTTTAGG,1,sg11
GAATCCTAAAAACTCTGCTTCGG,AACTCCAAAAAACTCTGCTTCCT,0,sg12
AAATGAGAAGAAGAGGCACAGGG,AAAGGAGAAAGTGAGGCACAGCA,0,sg9
GGGTGGGGGGAGTTTGCTCCTGG,GGGTGGGGGGAGGGTGCGGGAGG,0,sg8
GAATCCTAAAAACTCTGCTTCGG,GGTGGCTTAAAACTCTGCTTAGG,0,sg12
AACACCAGTGAGTAGAGCGGAGG,CAGACCAGTGAGTAGGAAAGAGG,0,sg1
AAATGAGAAGAAGAGGCACAGGG,AAAGCAGAGGGCGAGGCACAGAG,0,sg9
CCTGCCTCCGCTCTACTCACTGG,TCACCCTCCGCTCTACTCACCTA,0,sg7
AAATGAGAAGAAGAGGCACAGGG,AAGTGGGAAGAAGAGGGGCTGGG,0,sg9
AAATGAGAAGAAGAGGCACAGGG,AAAAGGGAAGAAGAGGCAGGGCG,0,sg9
TGACATCAATTATTATACATCGG,TTAAATTAATTATTATACGTCAT,0,sg10
GGGTGGGGGGAGTTTGCTCCTGG,GGGAGAGGGGAGTTTCATTTTGG,0,sg8
CCTGCCTCCGCTCTACTCACTGG,CCTGCCTCCTCCCTTCTCGTGGG,0,sg7
AACACCAGTGAGTAGAGCGGAGG,ACCGTAAGAGACTAGAGCGGAGG,0,sg1
TGACATCAATTATTATACATCGG,AAACATCAATTAACATACATCAA,0,sg10
CCAGTGAGTAGAGCGGAGGCAGG,CCAGTGAGTAGAGATAATGTATG,0,sg2
AAATGAGAAGAAGAGGCACAGGG,AGATGAGAACCGGAGGCACAGAA,0,sg9
TGACATCAATTATTATACATCGG,TGACATCAATTTTATTACATACA,0,sg10
AAATGAGAAGAAGAGGCACAGGG,AACTGAGAAGAATATTCACTGGA,0,sg9
ATGAACACCAGTGAGTAGAGCGG,CTTAACACCAGTGGGCAGAGCAG,0,sg6
AAATGAGAAGAAGAGGCACAGGG,AACTGAGAAGAAGGGGAAAGGTG,0,sg9
GAATCCTAAAAACTCTGCTTCGG,TCATCCTAAAAACTCTGCGGAAG,0,sg12
ATGAACACCAGTGAGTAGAGCGG,ATGAACACCAGTTAGGGGTGCAG,0,sg6
GGTCCTGCCGCTGCTTGTCATGG,GCTCCTGCCGCTGCCAGCAGTGG,0,sg4
ATGAACACCAGTGAGTAGAGCGG,ATGCTCAGCAGTGAGTAGGGCAG,0,sg6
TGACATCAATTATTATACATCGG,TGACATCAAGTATACTGCACAGG,0,sg10
AATGACCACTACATCCTCAAGGG,TACCACCACTACATCTACAAGGG,0,sg5
TGACATCAATTATTATACATCGG,TGCCATTAGTTATTATACAAATG,0,sg10
GGTCCTGCCGCTGCTTGTCATGG,GCTGCTGCCGCTCCTTGTGGTGG,0,sg4
TGACATCAATTATTATACATCGG,TTAAAAAAATTATTATACATAGT,0,sg10
GGGTGGGGGGAGTTTGCTCCTGG,GGGTGGGGGTGTTTTGTTCCCTG,0,sg8
CCTGCCTCCGCTCTACTCACTGG,CCTGCCTCCACTCTTGCCTCTCG,0,sg7
AAATGAGAAGAAGAGGCACAGGG,AAATGAGCAGAAGAGGCAGCCAA,0,sg9
GGGTGGGGGGAGTTTGCTCCTGG,GGGTGGGGGGAGGTTGGGGAAGG,0,sg8
AAATGAGAAGAAGAGGCACAGGG,AAATGAGAAAAAGAGTAGTAGAG,0,sg9
GGGTGGGGGGAGTTTGCTCCTGG,GGGTGCTGGGAGTTTGCTCTCCC,0,sg8
AAATGAGAAGAAGAGGCACAGGG,AGAAGAGAAGAAGAAGCAGCTGG,0,sg9
AAATGAGAAGAAGAGGCACAGGG,AAAGCGGAAGAAGAGGCCGAGGC,0,sg9
GGGTGGGGGGAGTTTGCTCCTGG,GGCTGGGGGGAGTTGGGTGGGGG,0,sg8
GGGTGGGGGGAGTTTGCTCCTGG,GGGCATCTGTAGTTTGCTCCTGG,0,sg8
CCAGTGAGTAGAGCGGAGGCAGG,AGAGTGAGTCATGCGGAGGCAAG,0,sg2
CTTGCCCCACAGGGCAGTAACGG,CCTGCCCCACAGGGAGGCAGCAG,0,sg3
AAATGAGAAGAAGAGGCACAGGG,AGAAGAGAAGAAGAGTGACAAAG,0,sg9
TGACATCAATTATTATACATCGG,TCAGATCAATTATTATATAACCA,0,sg10
GGTCCTGCCGCTGCTTGTCATGG,AGCCTGGCTGCTGCTTGTCAAGG,0,sg4
AAATGAGAAGAAGAGGCACAGGG,AAAAAAAAGGAAGAGGCACAATG,0,sg9
CTTGCCCCACAGGGCAGTAACGG,CTTTCTCAATAGGGCAGTAACAT,0,sg3
CCTGCCTCCGCTCTACTCACTGG,CCTGCCTCCCACATCCTCACTTG,0,sg7
GAATCCTAAAAACTCTGCTTCGG,GGTTGCTAGAAACTCTGCTTTAG,0,sg12
GGGTGGGGGGAGTTTGCTCCTGG,GGGTGGGGGGAGTGTGTGTGTGT,0,sg8
GGGTGGGGGGAGTTTGCTCCTGG,GGGGGGGGGGATTTTTCAGCTGA,0,sg8
AATGACCACTACATCCTCAAGGG,CATGAGGACTCCATCCTCAAGAT,0,sg5
AATGACCACTACATCCTCAAGGG,ATTTCCCACTACATCATGAATGG,0,sg5
GACACCGAAGCAGAGTTTTTAGG,GAGACAGAAGCAGAGTTAATCTG,0,sg11
GACACCGAAGCAGAGTTTTTAGG,GAATCTGAAGCAGAGATTTTAAT,0,sg11
CCTGCCTCCGCTCTACTCACTGG,CCTGCTTGAAATCTACTCACTGT,0,sg7
AAATGAGAAGAAGAGGCACAGGG,AAATGAGAAAAAATGTCACAAGT,0,sg9
AAATGAGAAGAAGAGGCACAGGG,AAATGAGAAATAGAGCCACACAC,0,sg9
AAATGAGAAGAAGAGGCACAGGG,CACAGGGAAGAAGAGGAAAAGGG,0,sg9
AACACCAGTGAGTAGAGCGGAGG,AACTACAGTGAGTAGAACAGTGG,0,sg1
AAATGAGAAGAAGAGGCACAGGG,ATAGAGGAAGAAGAGCCAGAGGG,0,sg9
AATGACCACTACATCCTCAAGGG,AGACACCATGACATCCTCAAGGG,0,sg5
GACACCGAAGCAGAGTTTTTAGG,TAAAACGAAGCAGAGTTCCTTGG,0,sg11
AAATGAGAAGAAGAGGCACAGGG,ACTAGGGAAGAAGAGGCACATGA,0,sg9
AATGACCACTACATCCTCAAGGG,AATGACCACCATATCTTCCTGGA,0,sg5
GAATCCTAAAAACTCTGCTTCGG,GCCTATTAAAAACTCTGCTGCAG,0,sg12
GAATCCTAAAAACTCTGCTTCGG,TATTACTAAAATCTCTGCTTCCA,0,sg12
CCAGTGAGTAGAGCGGAGGCAGG,CCAGTGAGTAGAGCGTAGGCAAA,0,sg2
AAATGAGAAGAAGAGGCACAGGG,AAGTGAGAAGAACATGATCAGTG,0,sg9
TGACATCAATTATTATACATCGG,TAACATCAATTAGTCTACTTATG,0,sg10
GACACCGAAGCAGAGTTTTTAGG,GACAGAGATGGAGAGTTTTTAAG,0,sg11
GAATCCTAAAAACTCTGCTTCGG,GAATCCTAAAAAGAGTGCCTAGT,0,sg12
CCTGCCTCCGCTCTACTCACTGG,CCTGCCTCCCCTCTACACCCTCC,0,sg7
CCTGCCTCCGCTCTACTCACTGG,CCTGCCTCCCCATTACTCTCTTG,0,sg7
AAATGAGAAGAAGAGGCACAGGG,AAAAGAAAAGAAGAGGCAGGGCA,0,sg9
GGGTGGGGGGAGTTTGCTCCTGG,AGGAGTGGGGAGTTTGCCCAGGG,0,sg8
AAATGAGAAGAAGAGGCACAGGG,GAAGACGAAGAAGAGGGACAGGC,0,sg9
AAATGAGAAGAAGAGGCACAGGG,GAAAGAGAAGAAGAGAGGGAGGG,0,sg9
GAATCCTAAAAACTCTGCTTCGG,GGATTCTAAAAACTCTATTTCTC,0,sg12
CCTGCCTCCGCTCTACTCACTGG,CCTTCCCACCTTCTACTCACTAG,0,sg7
CCTGCCTCCGCTCTACTCACTGG,CCTGCCTCCACTCCTGCCCCTGG,0,sg7
CCTGCCTCCGCTCTACTCACTGG,CCTGGAGCAGCCCTACTCACTTG,0,sg7
AACACCAGTGAGTAGAGCGGAGG,AAGAAAGGACAGTAGAGCGGAGG,0,sg1
GGTCCTGCCGCTGCTTGTCATGG,TATCGTGCCACTGCTTGTCATAT,0,sg4
GGGTGGGGGGAGTTTGCTCCTGG,GGGTGGGGGGTGATGTCTCCTTT,0,sg8
TGACATCAATTATTATACATCGG,TGTCATCAATTATTATAAAAAAG,0,sg10
TGACATCAATTATTATACATCGG,TGCCATCAATTATGATGTACCTG,0,sg10
AAATGAGAAGAAGAGGCACAGGG,AATGGAGAAGAAGAGACACAAAA,0,sg9
AAATGAGAAGAAGAGGCACAGGG,ACCAAAGAAGAAGAGGAAAAGGG,0,sg9
GGTCCTGCCGCTGCTTGTCATGG,AGTACTCATGCTGCTTGTCATAG,0,sg4
ATGAACACCAGTGAGTAGAGCGG,ATGAACACCAGCCAGGTGCGCTG,0,sg6
GGGTGGGGGGAGTTTGCTCCTGG,GGGTGGGGGTAGTTTGCTTTACA,0,sg8
CCTGCCTCCGCTCTACTCACTGG,CCTGCCTCCACTCCACTGCATGG,0,sg7
CCTGCCTCCGCTCTACTCACTGG,CCTGCCTCCATTCTCTCCACTGA,0,sg7
CCAGTGAGTAGAGCGGAGGCAGG,CTACTCAGGAAGGCGGAGGCAGG,0,sg2
TGACATCAATTATTATACATCGG,TAAAATCTATTATTATACATACA,0,sg10
GGGTGGGGGGAGTTTGCTCCTGG,GGTTTGGGGGTGTTTGCTCCTGC,0,sg8
GGGTGGGGGGAGTTTGCTCCTGG,GGGTGGGGGTTGTTCTCTCATGG,0,sg8
AAATGAGAAGAAGAGGCACAGGG,AAATGAGAAGACGAAGGTCTGAG,0,sg9
CTTGCCCCACAGGGCAGTAACGG,CTGGACTCACATGGCAGTAACTC,0,sg3
TGACATCAATTATTATACATCGG,TCACATCAATTAGCATCCATCCT,0,sg10
AAATGAGAAGAAGAGGCACAGGG,GAGAGAGAGGCACAGGCACAGGG,0,sg9
AAATGAGAAGAAGAGGCACAGGG,TTGTGAGAAGAAGAGGAAGAGGG,0,sg9
AAATGAGAAGAAGAGGCACAGGG,AAATGAGAATATGTGGCACTTGG,0,sg9
GGGTGGGGGGAGTTTGCTCCTGG,TGTTGGGGGGAGTTTTGTCCTCC,0,sg8
GGGTGGGGGGAGTTTGCTCCTGG,GGTTGGGGGGAGGCCGCTGCGGG,0,sg8
GGGTGGGGGGAGTTTGCTCCTGG,AGGTGGGGGGAGTTGGGACAGGG,0,sg8
AACACCAGTGAGTAGAGCGGAGG,GAAATGAGTGAGTAGAGCAGAGG,0,sg1
AAATGAGAAGAAGAGGCACAGGG,AAAGCAGAAGAAGAGTCAGAGGC,0,sg9
CCTGCCTCCGCTCTACTCACTGG,CCTCCCGCCGCTCTACTCAGCCA,0,sg7
ATGAACACCAGTGAGTAGAGCGG,CTGAACACCAGTGGGTCTAACTG,0,sg6
TGACATCAATTATTATACATCGG,TGACATCAAGTACCATTCATTGC,0,sg10
GGGTGGGGGGAGTTTGCTCCTGG,GGGTGAGGGGAGTCTGCCATTGT,0,sg8
AAATGAGAAGAAGAGGCACAGGG,AAATGAGAAAGAGAGAGAGAAGG,0,sg9
AAATGAGAAGAAGAGGCACAGGG,AAATGAGAAGACAAGCCACAGCC,0,sg9
GGTCCTGCCGCTGCTTGTCATGG,GGTCCTGCCACAGGGTGTCGGGG,0,sg4
GGGTGGGGGGAGTTTGCTCCTGG,GGGTGGGGGGTGGGTGATGGTGG,0,sg8
CCTGCCTCCGCTCTACTCACTGG,CCTGCCTCCTCTCTGCTCTCACG,0,sg7
CTTGCCCCACAGGGCAGTAACGG,CTTGCCCCAAAGAGCAGAAAGAA,0,sg3
AAATGAGAAGAAGAGGCACAGGG,AGTTGTGAAGAAGAGACACTGGG,0,sg9
GACACCGAAGCAGAGTTTTTAGG,GAACCTGAGGCAGAGTTTGTAGT,0,sg11
TGACATCAATTATTATACATCGG,TGACATCAATCATGATCAAGCAG,0,sg10
AAATGAGAAGAAGAGGCACAGGG,AGTGAAGAATCAGAGGCACAGGG,0,sg9
AAATGAGAAGAAGAGGCACAGGG,ACATGAGAAGAAGATAAAAAGGT,0,sg9
GGTCCTGCCGCTGCTTGTCATGG,TGCCCTGCCGCTGCCTGGTCTGG,0,sg4
GAATCCTAAAAACTCTGCTTCGG,GAATCCTAAATATTCTCCAGCTG,0,sg12
TGACATCAATTATTATACATCGG,ACAAATCAAACATTATACATCGC,0,sg10
CTTGCCCCACAGGGCAGTAACGG,CTGACCCCACAGGGCTATATTGG,0,sg3
GGGTGGGGGGAGTTTGCTCCTGG,GGGTGGGGGGAGTTTCACCACGA,0,sg8
GACACCGAAGCAGAGTTTTTAGG,GAAACTGAAGCAGAGAGTTTAAG,0,sg11
GACACCGAAGCAGAGTTTTTAGG,GACACCGAAGCAGAGGAGGTTGA,0,sg11
AAATGAGAAGAAGAGGCACAGGG,GAAGGAGGAGAAGAGGCACATCT,0,sg9
AAATGAGAAGAAGAGGCACAGGG,AAATGAGAAAAATAAGCACAATG,0,sg9
AAATGAGAAGAAGAGGCACAGGG,AGATGAGGAAATGAGGCACAGAG,0,sg9
AAATGAGAAGAAGAGGCACAGGG,AAATTCTAGGAAGAGGCAGAAGG,0,sg9
GACACCGAAGCAGAGTTTTTAGG,GAGACAGCAGCAGAGTTTGAAAG,0,sg11
GGGTGGGGGGAGTTTGCTCCTGG,ATGTGGGGGGAGTCAGGTGCTGG,0,sg8
GGTCCTGCCGCTGCTTGTCATGG,GTTTCTGATGCTGCTTGTCCAGG,0,sg4
AATGACCACTACATCCTCAAGGG,AATGACCACTAAGTACAGAAAGG,0,sg5
CCTGCCTCCGCTCTACTCACTGG,CCGGACTCCACTCTACTCACTGT,0,sg7
GGTCCTGCCGCTGCTTGTCATGG,GGATCTGCTGCTGCTTGTCTCGG,0,sg4
AAATGAGAAGAAGAGGCACAGGG,AGCCTAGAAGAAGAGGCAGAGAG,0,sg9
GGGTGGGGGGAGTTTGCTCCTGG,AGAAGGATGGAGTTTGCTCATGG,0,sg8
TGACATCAATTATTATACATCGG,TTACATCAATTAAGACATATCTG,0,sg10
GACACCGAAGCAGAGTTTTTAGG,GACCAGGAGGCAGAGTTTTTCTG,0,sg11
GGTCCTGCCGCTGCTTGTCATGG,GATAGAGCCGCTGCTGGTCCTGG,0,sg4
GACACCGAAGCAGAGTTTTTAGG,AAGACTGAAGCAGAGGATTTGGG,0,sg11
AAATGAGAAGAAGAGGCACAGGG,CAATGCGAGGAAGAGGCAGAACG,0,sg9
AAATGAGAAGAAGAGGCACAGGG,AAAGAGAAAGTAGAGGCACAGGG,0,sg9
AACACCAGTGAGTAGAGCGGAGG,AAAACCATGGAGTAGAGCTGACA,0,sg1
GGGTGGGGGGAGTTTGCTCCTGG,GGGTGGGGGGGCTTTGTGCGCGG,0,sg8
CCTGCCTCCGCTCTACTCACTGG,CCTGCCTCCCCAGGACTGAGTGG,0,sg7
GGGTGGGGGGAGTTTGCTCCTGG,GGGAGGGGGGAGTTTGCAGTGAG,0,sg8
AAATGAGAAGAAGAGGCACAGGG,CTCTGAGAGGAAGAGGCACAGTG,0,sg9
GGGTGGGGGGAGTTTGCTCCTGG,GGGTGGGGGCAGGCAGTTCCTAG,0,sg8
AAATGAGAAGAAGAGGCACAGGG,AAAAAAAAAGGAGAGGCACAGAG,0,sg9
AAATGAGAAGAAGAGGCACAGGG,AAATGAGAAGAGGAAGTAAAGAA,0,sg9
ATGAACACCAGTGAGTAGAGCGG,ATGAACACCAGTGTGCCCAGCAT,0,sg6
GAATCCTAAAAACTCTGCTTCGG,GAAGGATAAGAACTCTGCTTCTC,0,sg12
GGGTGGGGGGAGTTTGCTCCTGG,GTTTTGGGGGAGTTTGTTCCTTC,0,sg8
AACACCAGTGAGTAGAGCGGAGG,CAGAGGAGTGAGTAGAGAGAAGG,0,sg1
AAATGAGAAGAAGAGGCACAGGG,GAATGAGAAGAAGAAACCCAGAT,0,sg9
AACACCAGTGAGTAGAGCGGAGG,GGCACCAGTGAGAAGAGCCAGGG,0,sg1
AACACCAGTGAGTAGAGCGGAGG,GATAGCAGTGAGTAGAGTGGAGG,0,sg1
CCTGCCTCCGCTCTACTCACTGG,CCTGCCTCCCATCTTGCCACTGC,0,sg7
GAATCCTAAAAACTCTGCTTCGG,GAATCCTAAATCCTCTATTTCTA,0,sg12
CCTGCCTCCGCTCTACTCACTGG,CCAGTCTCCGCTCTCCTCACTGG,1,sg7
CTTGCCCCACAGGGCAGTAACGG,TCTTCTCCACAGGGCAGTTACAG,0,sg3
AAATGAGAAGAAGAGGCACAGGG,AAAGAAGAAGAAGAGGAGTAGGA,0,sg9
TGACATCAATTATTATACATCGG,AGAAGTATATTATTATACATCTG,0,sg10
CCTGCCTCCGCTCTACTCACTGG,CCTGCCTCCTCTCTGCTTGCAGA,0,sg7
ATGAACACCAGTGAGTAGAGCGG,GTGTACACCAGTGAGATGAACCG,0,sg6
GACACCGAAGCAGAGTTTTTAGG,TCCTCCAAAGCCGAGTTTTTATG,0,sg11
AAATGAGAAGAAGAGGCACAGGG,AGAAGGGAAGAAGAGTCACACAG,0,sg9
GAATCCTAAAAACTCTGCTTCGG,CAATCTTAAAAACTCTATTTCCT,0,sg12
TGACATCAATTATTATACATCGG,TGAGCACCATTATTATACATGAG,0,sg10
AAATGAGAAGAAGAGGCACAGGG,TGATCGAAAGCAGAGGCACAGGG,0,sg9
TGACATCAATTATTATACATCGG,AGACATCACTTATTATACACTGT,0,sg10
AACACCAGTGAGTAGAGCGGAGG,AGCACCAGTGAGCATAGCAAAGC,0,sg1
AAATGAGAAGAAGAGGCACAGGG,AAATGAGAAGAAAACTGAAAGGC,0,sg9
GAATCCTAAAAACTCTGCTTCGG,GAATATTAAAAACTCTACTCCCA,0,sg12
AACACCAGTGAGTAGAGCGGAGG,CACACCAGTGAGAACAGTGGAGC,0,sg1
TGACATCAATTATTATACATCGG,GGACATCAATTATTCCAGATGGT,0,sg10
CTTGCCCCACAGGGCAGTAACGG,CTGGCTACTCAGGGCAGTCATGG,0,sg3
AAATGAGAAGAAGAGGCACAGGG,AAATGAGAAGAAGAGTGTTGGGT,0,sg9
CCTGCCTCCGCTCTACTCACTGG,ACTTCTTCAACTCTACTCACTAG,0,sg7
CCTGCCTCCGCTCTACTCACTGG,CCTGCCTCCGCCTCCCTCAGTGC,0,sg7
ATGAACACCAGTGAGTAGAGCGG,CTTCACACCAGTGAGCAGGGCTG,0,sg6
TGACATCAATTATTATACATCGG,TGACATCAATGATTGTCTAATGG,0,sg10
AAATGAGAAGAAGAGGCACAGGG,AGATGAATAGAAGAGGCAGAAAG,0,sg9
CTTGCCCCACAGGGCAGTAACGG,CTTCCCCCACAGGGCCTCAACAG,0,sg3
AAATGAGAAGAAGAGGCACAGGG,TAGGGAGCAGAAGAGGCACATGA,0,sg9
TGACATCAATTATTATACATCGG,TTACATCAATTATTTTATATTTG,0,sg10
AAATGAGAAGAAGAGGCACAGGG,AAAGCTGAAGAAGAGACACAGAA,0,sg9
GGGTGGGGGGAGTTTGCTCCTGG,GTTTGTGGGGAGTTTTCTGCTTG,0,sg8
GGGTGGGGGGAGTTTGCTCCTGG,GTGTGGGGGGAGTATGTGCATGT,0,sg8
AAATGAGAAGAAGAGGCACAGGG,ATTTGAGAAGAACAGTCTCTGGG,0,sg9
GACACCGAAGCAGAGTTTTTAGG,TCAAAGGAAGCAGAGTTATTAGG,0,sg11
ATGAACACCAGTGAGTAGAGCGG,ATGAATACCAGTGAGAAGACCAG,0,sg6
AAATGAGAAGAAGAGGCACAGGG,AAAAAAGAAACTGAGGCACAGAG,0,sg9
CCTGCCTCCGCTCTACTCACTGG,CCTGCCTCCCTGCAACTCTCTGC,0,sg7
GGGTGGGGGGAGTTTGCTCCTGG,GGGGGTGGGGAGGTCACTTCTGG,0,sg8
AAATGAGAAGAAGAGGCACAGGG,CCATGAGAAGAACATGCACGTGG,0,sg9
CTTGCCCCACAGGGCAGTAACGG,CATGCCCCACAGTGCGTAAAAGG,0,sg3
AAATGAGAAGAAGAGGCACAGGG,AATAAAGAATATGAGGCACAGAG,0,sg9
TGACATCAATTATTATACATCGG,TTTTATAAATTATTATACATCTA,0,sg10
GGTCCTGCCGCTGCTTGTCATGG,TGTTCTGGCTCTGCTTGTCATTC,0,sg4
AAATGAGAAGAAGAGGCACAGGG,AAATGAGAAAAACAGAGTCTGGG,0,sg9
CTTGCCCCACAGGGCAGTAACGG,CTTACCCCACAGGGCTGTGAAGA,0,sg3
CTTGCCCCACAGGGCAGTAACGG,CTTGCCCCAGAGCACAGTGAGTG,0,sg3
GGTCCTGCCGCTGCTTGTCATGG,GGTCTTTTCCCTGCTTGTCATTT,0,sg4
TGACATCAATTATTATACATCGG,TGACATCAATAAAAAAAAATTGG,0,sg10
ATGAACACCAGTGAGTAGAGCGG,GTGAAAAAAAGTGAGTAGATCTG,0,sg6
AAATGAGAAGAAGAGGCACAGGG,TTATGAGAAGAATAGGCTCACAG,0,sg9
AAATGAGAAGAAGAGGCACAGGG,AAAAAAAATGAAGAGGCACTGAG,0,sg9
CCTGCCTCCGCTCTACTCACTGG,CCTCCATCATCTCTACTCACTGC,0,sg7
CCTGCCTCCGCTCTACTCACTGG,CCTGCCTCCGCTCACCTCTTTTA,0,sg7
ATGAACACCAGTGAGTAGAGCGG,TTGAAGACCAGTGAGCCGTGCGG,0,sg6
GGGTGGGGGGAGTTTGCTCCTGG,GGGTGGGGGGTCTCTATTTCTGG,0,sg8
CCAGTGAGTAGAGCGGAGGCAGG,CCAGTGAGTAGGGGGGAGTGGGA,0,sg2
TGACATCAATTATTATACATCGG,TGACATCAATTACTGAACTTTTG,0,sg10
AAATGAGAAGAAGAGGCACAGGG,GAAAAAGAAGAAGAGACCCAGTG,0,sg9
AAATGAGAAGAAGAGGCACAGGG,AAATGAGAAGGGAAGGTACTGAG,0,sg9
TGACATCAATTATTATACATCGG,TGACATCAATAATTTGAAATTTG,0,sg10
AAATGAGAAGAAGAGGCACAGGG,ACTTGAGAAGAAGAGGCAAATGA,0,sg9
AAATGAGAAGAAGAGGCACAGGG,CAGTGAGAAGAAAAGGCACATGG,0,sg9
CCAGTGAGTAGAGCGGAGGCAGG,CAAGTGAGTAGAGGCCAGGGATG,0,sg2
TGACATCAATTATTATACATCGG,TCAATTCAATTATTATCCATCTA,0,sg10
AAATGAGAAGAAGAGGCACAGGG,AGGGGAGAGAGAGAGGCACAGGG,0,sg9
GAATCCTAAAAACTCTGCTTCGG,ACATCCTAAAAACTTTTCTTCAC,0,sg12
AACACCAGTGAGTAGAGCGGAGG,AGCTCGGGCGAGTAGAGCTGAGG,0,sg1
AACACCAGTGAGTAGAGCGGAGG,ACAACCAGTGAGCAGAGAGAAGC,0,sg1
CTTGCCCCACAGGGCAGTAACGG,CTTTCCTTCCAGGGCAGTGACAG,0,sg3
CCTGCCTCCGCTCTACTCACTGG,TCTGCCTCCGCTCTGCAGAAGGG,0,sg7
AAATGAGAAGAAGAGGCACAGGG,AAATGAGAAAAACAAGCATAAAG,0,sg9
AAATGAGAAGAAGAGGCACAGGG,AGTTGAGAAACTGAGGCACAGGG,0,sg9
AAATGAGAAGAAGAGGCACAGGG,AAGGAAGAAGCTGAGGCACAGGA,0,sg9
CCTGCCTCCGCTCTACTCACTGG,CCTGCCTCCCTTCCACTGCCTGT,0,sg7
AACACCAGTGAGTAGAGCGGAGG,ACATCGAGTGAGTAGAGCTCAGG,0,sg1
CCTGCCTCCGCTCTACTCACTGG,CCTGCCTCCACTCTCCTGTCCTG,0,sg7
AAATGAGAAGAAGAGGCACAGGG,AGATGGTGAGAAGAGGCACAGGG,0,sg9
AAATGAGAAGAAGAGGCACAGGG,ATGGGAACAGTAGAGGCACAGGG,0,sg9
ATGAACACCAGTGAGTAGAGCGG,ATGAACACCCGGGATGAGAGGAG,0,sg6
AAATGAGAAGAAGAGGCACAGGG,AAATGAGAAACATAGGCAAAGAT,0,sg9
AAATGAGAAGAAGAGGCACAGGG,AAATGAGAAAACGAATCAAAGAG,0,sg9
AAATGAGAAGAAGAGGCACAGGG,AACAGATGAGCAGAGGCACAGAG,0,sg9
AATGACCACTACATCCTCAAGGG,ACCCAGCAATTCATCCTCAAGGG,0,sg5
TGACATCAATTATTATACATCGG,AAATATCAATTATTATAAATATG,0,sg10
CCTGCCTCCGCTCTACTCACTGG,CCTGCCTCCGCTGCCTGCCCTGG,0,sg7
AAATGAGAAGAAGAGGCACAGGG,TGATGGGAAGAAGAGCCAGATGG,0,sg9
GAATCCTAAAAACTCTGCTTCGG,CATTCCTAAAAACTCTCCTTAAG,0,sg12
AAATGAGAAGAAGAGGCACAGGG,AAAAAAAAAGAAAAGCCACAGAG,0,sg9
CTTGCCCCACAGGGCAGTAACGG,CTCAAATCACAGGGCAGTAACTG,0,sg3
CTTGCCCCACAGGGCAGTAACGG,CTTGCCCCATTGGCCCGGCACGG,0,sg3
GGGTGGGGGGAGTTTGCTCCTGG,GACTGGAGGCATTTTGCTCCTGC,0,sg8
CCAGTGAGTAGAGCGGAGGCAGG,GCGGACAGTAGAGCGGACGGAGG,0,sg2
CCTGCCTCCGCTCTACTCACTGG,CCTGCCTCCCTTCTCTTCTCTGA,0,sg7
AAATGAGAAGAAGAGGCACAGGG,AAATAAGAAGAAGAAGAAGAGAG,0,sg9
AAATGAGAAGAAGAGGCACAGGG,ACATGAGAAGAAGAGGAGTAGAG,0,sg9
AAATGAGAAGAAGAGGCACAGGG,AAAAGAGAAGAAGAGGCCAGGCA,0,sg9
CCTGCCTCCGCTCTACTCACTGG,CCTGCCTCCACCCCTCTCACTCC,0,sg7
AACACCAGTGAGTAGAGCGGAGG,AACAGAAGTGAGTAGACAAGAGA,0,sg1
AAATGAGAAGAAGAGGCACAGGG,AAATGAGAAAAAGAGATAAAGAA,0,sg9
AACACCAGTGAGTAGAGCGGAGG,AACACCAGTGAATAGTTCAGACT,0,sg1
GAATCCTAAAAACTCTGCTTCGG,TAACCTTAAAATCTCTGCTTCTT,0,sg12
CCTGCCTCCGCTCTACTCACTGG,CCTGCCTCCCTTCTCCTCTCTCT,0,sg7
AAATGAGAAGAAGAGGCACAGGG,AAATGAGAAGAGGAAGAAGAGCA,0,sg9
AAATGAGAAGAAGAGGCACAGGG,AAATGAGAAGACCAGGGTCTTGG,0,sg9
GGGTGGGGGGAGTTTGCTCCTGG,GGGTGGGGGAAATATGCTATTGA,0,sg8
TGACATCAATTATTATACATCGG,TGACATCAATTTTTAAAAACCCT,0,sg10
GACACCGAAGCAGAGTTTTTAGG,GACACCCAAGCAGAGTTTTAAAG,0,sg11
CTTGCCCCACAGGGCAGTAACGG,ATTGCCCCACAGGGAAGAGGAGG,0,sg3
CCTGCCTCCGCTCTACTCACTGG,CCTGCCTCCAGACAACCCAGTGG,0,sg7
GACACCGAAGCAGAGTTTTTAGG,TTCACAGAAGCAGAGGTTTTGAG,0,sg11
ATGAACACCAGTGAGTAGAGCGG,ATGAACACCTGTGAGTTAAAGGT,0,sg6
GACACCGAAGCAGAGTTTTTAGG,CATGCAGAAGCAGAGTTTATATG,0,sg11
AAATGAGAAGAAGAGGCACAGGG,AAATGAGAAAAATAGGCAGACCT,0,sg9
CCAGTGAGTAGAGCGGAGGCAGG,CCAGTGAGTCTAGCGGGCAAAGG,0,sg2
GAATCCTAAAAACTCTGCTTCGG,GATTTCTAAAAACTCAGCTTTTA,0,sg12
AAATGAGAAGAAGAGGCACAGGG,AGAAGAGGAGAAGAGACAGAGGC,0,sg9
TGACATCAATTATTATACATCGG,TTACATCAATTATTAAAGATTTG,0,sg10
GGGTGGGGGGAGTTTGCTCCTGG,GACTGGTGGCATTTTGCTCCTGG,0,sg8
CTTGCCCCACAGGGCAGTAACGG,CTTGCCCCACACGGCCGGGCCGG,0,sg3
AACACCAGTGAGTAGAGCGGAGG,AGAAACAGTGAGTAGAGCGGGGA,0,sg1
GAATCCTAAAAACTCTGCTTCGG,CAATTCTAAAAACTCACCTTTCG,0,sg12
CCTGCCTCCGCTCTACTCACTGG,CCTGCCTCCGCTCTCCCCATCTC,0,sg7
AATGACCACTACATCCTCAAGGG,AATGACCACTTCATCATGCATTG,0,sg5
AAATGAGAAGAAGAGGCACAGGG,AGTTGAGATAAAGAGGCACAGAG,0,sg9
GACACCGAAGCAGAGTTTTTAGG,GACACCGAAATTGAACTTTTAGA,0,sg11
AAATGAGAAGAAGAGGCACAGGG,CTATTAGAAGAAGAGGCCCAGCA,0,sg9
TGACATCAATTATTATACATCGG,TTAAACAAATTATTATACATCCA,0,sg10
GAATCCTAAAAACTCTGCTTCGG,GAAGCATAGTAACTCTGCTTCCA,0,sg12
CCTGCCTCCGCTCTACTCACTGG,CCTGCCTCCTAAGCACTCCCTGG,0,sg7
CCTGCCTCCGCTCTACTCACTGG,CCAGCCTCCGCTTGACCCACTGT,0,sg7
AAATGAGAAGAAGAGGCACAGGG,AAATGAGAAGAGGAAGAAGTGGG,0,sg9
GGGTGGGGGGAGTTTGCTCCTGG,GTGTGGGGGGAGTCTGCTTCTTT,0,sg8
GGGTGGGGGGAGTTTGCTCCTGG,GGGTGGGGGGAATGTGTGGGTGG,0,sg8
AAATGAGAAGAAGAGGCACAGGG,AAAAGATGAGAAGAGGCAAGGGA,0,sg9
AACACCAGTGAGTAGAGCGGAGG,AACACCAGTTATTAGACCAGTGT,0,sg1
AAATGAGAAGAAGAGGCACAGGG,AAAGGAGAAGAAGAGACTGAGAC,0,sg9
CTTGCCCCACAGGGCAGTAACGG,CCCGCCCCACAGAGCAGTATAAG,0,sg3
CCTGCCTCCGCTCTACTCACTGG,CCTGCCTCCATTCTAAGCACTAA,0,sg7
AAATGAGAAGAAGAGGCACAGGG,AGAGGAGAAGAAGAGGAAGAAGA,0,sg9
CCAGTGAGTAGAGCGGAGGCAGG,GGAGTGAGTAGAGTGGAGGGAGT,0,sg2
TGACATCAATTATTATACATCGG,TTACAGAAATTATTATACATACA,0,sg10
GAATCCTAAAAACTCTGCTTCGG,AAATCCTAAAAAATCTGGGTAGA,0,sg12
TGACATCAATTATTATACATCGG,TGACATCAAGCAGTAGACATGGG,0,sg10
AAATGAGAAGAAGAGGCACAGGG,AAAGAAGAAGAAGAGACAAAGAG,0,sg9
GGGTGGGGGGAGTTTGCTCCTGG,AAATGGTGGTAGTTTGCTCCTGC,0,sg8
ATGAACACCAGTGAGTAGAGCGG,ATGAAAAAGAGTGAGTAGAAAAG,0,sg6
AAATGAGAAGAAGAGGCACAGGG,ATATGGGAAGAAGAGAGGCATGG,0,sg9
GAATCCTAAAAACTCTGCTTCGG,AAATCTTAAAAACTCTACCTTGG,0,sg12
AAATGAGAAGAAGAGGCACAGGG,AAGTGGGAGGAAGAGGCAGAGGG,0,sg9
TGACATCAATTATTATACATCGG,TGACTTCAATTATTATACCTTTA,0,sg10
GGTCCTGCCGCTGCTTGTCATGG,GGTCCTGCCACCTCTTGTTCTGT,0,sg4
AAATGAGAAGAAGAGGCACAGGG,AAATGAGAAGAATAGACAAATCT,0,sg9
GGGTGGGGGGAGTTTGCTCCTGG,GGGTGGGGGGTGTGTGGACATGT,0,sg8
AAATGAGAAGAAGAGGCACAGGG,AAATGAGAACCAAAGGCTGAAGG,0,sg9
AAATGAGAAGAAGAGGCACAGGG,CAAAGGGAAAATGAGGCACAGAG,0,sg9
GGTCCTGCCGCTGCTTGTCATGG,GGTCCTGCCTCTGCTCCTAAGGT,0,sg4
AAATGAGAAGAAGAGGCACAGGG,GAAGAAGAAGAAGAGACACTAGG,0,sg9
GGGTGGGGGGAGTTTGCTCCTGG,GGATGGGGGGAGTTCGCTCTCTT,0,sg8
AAATGAGAAGAAGAGGCACAGGG,AAATGAGAAACAGAGGAACAAAC,0,sg9
AAATGAGAAGAAGAGGCACAGGG,CACCGAGAAGAAGAGAGACAGGG,0,sg9
AATGACCACTACATCCTCAAGGG,CTTGAACACTACATCTTCCAGAG,0,sg5
GGGTGGGGGGAGTTTGCTCCTGG,GGTGGAGGGGAGTTTGCTTCAGA,0,sg8
AATGACCACTACATCCTCAAGGG,GATTACAATTAGATCCTCAAGGA,0,sg5
GGGTGGGGGGAGTTTGCTCCTGG,GGGTGGGGGCAATTCCCACCTGT,0,sg8
ATGAACACCAGTGAGTAGAGCGG,TTGAACACCAGTGTCCATAGCAG,0,sg6
GACACCGAAGCAGAGTTTTTAGG,GCAACAGAAGCAGAGTTTTACTG,0,sg11
GACACCGAAGCAGAGTTTTTAGG,GTTACCCCAGCAGAGTTTGTAGA,0,sg11
AATGACCACTACATCCTCAAGGG,AATGAGTTTTACATCCTCCAGGC,0,sg5
AAATGAGAAGAAGAGGCACAGGG,AAATGAGAAGAAGAGTCTGGCAG,0,sg9
AAATGAGAAGAAGAGGCACAGGG,TCAGGAGAAGAAGAGAAACAGGG,0,sg9
AATGACCACTACATCCTCAAGGG,ATGCACCAGTGCATCCTCAAGCG,0,sg5
CTTGCCCCACAGGGCAGTAACGG,CTTGCCCCACAAAGTAGGGAAGG,0,sg3
GAATCCTAAAAACTCTGCTTCGG,GCATCATTAAACCTCTGCTTCTA,0,sg12
AAATGAGAAGAAGAGGCACAGGG,AGATGGGGAGATGAGGCACAGAG,0,sg9
AACACCAGTGAGTAGAGCGGAGG,TACACCAGTGAGGAGAGCAGGAG,0,sg1
CCAGTGAGTAGAGCGGAGGCAGG,GCAGAGAGTAGAGCGGTGGCTGG,1,sg2
GGGTGGGGGGAGTTTGCTCCTGG,AAGTAAGGGAAGTTTGCTCCTGG,0,sg8
AAATGAGAAGAAGAGGCACAGGG,AAATGAGAAGAAAAAGAAGAGAA,0,sg9
TGACATCAATTATTATACATCGG,TGACTTCAATTATTATAATTATT,0,sg10
AAATGAGAAGAAGAGGCACAGGG,AAGAGGGAAGAAGAGGGAAGGGG,0,sg9
GGGTGGGGGGAGTTTGCTCCTGG,GGGTGGGGGAATTTCACCCCGGG,0,sg8
GAATCCTAAAAACTCTGCTTCGG,GATTCATCAACACTCTGCTTCCT,0,sg12
AAATGAGAAGAAGAGGCACAGGG,CGGGGAGAAGAAGAGGCACAGAG,0,sg9
AAATGAGAAGAAGAGGCACAGGG,AAAAGAGAGGAAGAGGCAGAATC,0,sg9
AAATGAGAAGAAGAGGCACAGGG,AAACAAACAAAAGAGGCACAGGA,0,sg9
AAATGAGAAGAAGAGGCACAGGG,AAGTTAAAAGAAGAGGCAGAACG,0,sg9
GACACCGAAGCAGAGTTTTTAGG,GAAACTCAGGCAGAGTTTCTATG,0,sg11
AAATGAGAAGAAGAGGCACAGGG,TAAAAAGTAGAAGAGGCAGATGG,0,sg9
ATGAACACCAGTGAGTAGAGCGG,ATTTACACCAGTGAGGAGGGCCT,0,sg6
GGGTGGGGGGAGTTTGCTCCTGG,GGGTGGGGGGCGCAGGAGCCTGG,0,sg8
GGTCCTGCCGCTGCTTGTCATGG,GGACCTGCCGCTATCTGCCAAGG,0,sg4
AAATGAGAAGAAGAGGCACAGGG,AGAAGAGAAACTGAGGCACAGTG,0,sg9
ATGAACACCAGTGAGTAGAGCGG,ATGATCACCAGTGAGGTGGGCCG,0,sg6
AAATGAGAAGAAGAGGCACAGGG,CAAGGAAAAGAAGAGGCACTGAC,0,sg9
AACACCAGTGAGTAGAGCGGAGG,AACACCAGTGAAAAGAACAAAGT,0,sg1
TGACATCAATTATTATACATCGG,AAACAGCAATGATTATACATCGT,0,sg10
GACACCGAAGCAGAGTTTTTAGG,GAGACAGAAGCAGAGTTAAAATG,0,sg11
AAATGAGAAGAAGAGGCACAGGG,CAGTGTTAAGAAGAGGCAAAGTG,0,sg9
AAATGAGAAGAAGAGGCACAGGG,AAATGAGAATAGTAAGATCAGGG,0,sg9
CTTGCCCCACAGGGCAGTAACGG,CCTTCCCCACAGGGCTGTGGGGG,0,sg3
ATGAACACCAGTGAGTAGAGCGG,CTGAGCACCAGTGAGCAGTGTGG,0,sg6
AAATGAGAAGAAGAGGCACAGGG,AAAAGAGAAGAAGAGCAGGAGGA,0,sg9
GAATCCTAAAAACTCTGCTTCGG,TAATAAAAAAAACTCTGCTTCTA,0,sg12
AACACCAGTGAGTAGAGCGGAGG,GGCAGGGGTGAGTAGAGCGGAGG,0,sg1
CCAGTGAGTAGAGCGGAGGCAGG,CCGGTGAGTAGACAGGAAGCTGG,0,sg2
AACACCAGTGAGTAGAGCGGAGG,AACACCAGTGGGTAGAGATCATG,0,sg1
CCAGTGAGTAGAGCGGAGGCAGG,CCAGTGAGTAGAATGTAGCCAGC,0,sg2
ATGAACACCAGTGAGTAGAGCGG,TGGAAGAAAAGTGAGTAGAGCAG,0,sg6
CCAGTGAGTAGAGCGGAGGCAGG,CCAGTGAGTAGAGCCGTGAGAAC,0,sg2
GACACCGAAGCAGAGTTTTTAGG,GTGACAGAATCAGAGTTTTTACC,0,sg11
AACACCAGTGAGTAGAGCGGAGG,ATAACTGGTGAGTAGAGCAGTGG,0,sg1
AAATGAGAAGAAGAGGCACAGGG,AAATGAGAAGAAGAAGCAAAGGT,0,sg9
AAATGAGAAGAAGAGGCACAGGG,AAATGAGAAGAAAAGAGAGCAGG,0,sg9
AATGACCACTACATCCTCAAGGG,AATCATCACTGTATCCTCAAGGC,0,sg5
GGGTGGGGGGAGTTTGCTCCTGG,GGGTGGGGGGCTGTGGCTGCGGG,0,sg8
AAATGAGAAGAAGAGGCACAGGG,GAACTAGAAGAAGAGTCAGAGGG,0,sg9
GGGTGGGGGGAGTTTGCTCCTGG,GGGTGGGGGGTTGTTGTTGGTGG,0,sg8
AAATGAGAAGAAGAGGCACAGGG,TAATGAGAAGAATATGAACACAG,0,sg9
CCTGCCTCCGCTCTACTCACTGG,CCTGCCTCCGGCCCAGTCGCTGG,0,sg7
GGGTGGGGGGAGTTTGCTCCTGG,GGGTGGGGGGAGTGCCTGCCAGG,0,sg8
AAATGAGAAGAAGAGGCACAGGG,AGGTGAGAAGAAGAGGAATTGTG,0,sg9
CCTGCCTCCGCTCTACTCACTGG,GCTGCCTCCGCTCTGCCCGCAGC,0,sg7
GACACCGAAGCAGAGTTTTTAGG,TAAAAGGAACCAGAGTTTTTAGA,0,sg11
AAATGAGAAGAAGAGGCACAGGG,ACATAAAAGGAAGAGGCAGAGAG,0,sg9
AAATGAGAAGAAGAGGCACAGGG,AAATGAGAAAAATAAGCACAATT,0,sg9
CCTGCCTCCGCTCTACTCACTGG,ACTGACCCTGCTCTACTCCTTGG,0,sg7
GGGTGGGGGGAGTTTGCTCCTGG,GGGTGGGGGGTGCTTGCTCCCCA,0,sg8
AACACCAGTGAGTAGAGCGGAGG,AAGACCAGTGAGAACAGCTGTGC,0,sg1
GGGTGGGGGGAGTTTGCTCCTGG,GTGTGGGGGGAGCTGTCTCCTGC,0,sg8
AAATGAGAAGAAGAGGCACAGGG,TAATGACAGATAGAGGCACAGGG,0,sg9
AAATGAGAAGAAGAGGCACAGGG,AAATGAGAAGACAAGCCATAGAC,0,sg9
GACACCGAAGCAGAGTTTTTAGG,GATAAAAAAACAGAGTTTTTAGG,0,sg11
GGTCCTGCCGCTGCTTGTCATGG,GGTCCTTATGCTGCTTGTTATGT,0,sg4
AAATGAGAAGAAGAGGCACAGGG,AAATGAGAAGAAAAATCTCAGAG,0,sg9
AATGACCACTACATCCTCAAGGG,AATGACCACTAAGTGATGATGGG,0,sg5
TGACATCAATTATTATACATCGG,TGAGCTCACTTATTATACAAGGA,0,sg10
AAATGAGAAGAAGAGGCACAGGG,AAAAAAGAAGAAGAGGCTCTGCA,0,sg9
AAATGAGAAGAAGAGGCACAGGG,AAATGAGAAACTGAGGCACGGAA,0,sg9
GGGTGGGGGGAGTTTGCTCCTGG,GGGTGGGGGAGGTGGGCTCCAGT,0,sg8
CCTGCCTCCGCTCTACTCACTGG,CATCCCTGGTCTCTACTCACTGG,0,sg7
GGTCCTGCCGCTGCTTGTCATGG,GGTCTTTCTGCTGCTTGTTATGC,0,sg4
AAATGAGAAGAAGAGGCACAGGG,AAATGAGAAGAATAAACACAACT,0,sg9
ATGAACACCAGTGAGTAGAGCGG,AAGATCACCAGTGAGTAGGTGGG,0,sg6
CCTGCCTCCGCTCTACTCACTGG,TCAGCCTCCGCTCTACGCCCTGT,0,sg7
CCAGTGAGTAGAGCGGAGGCAGG,CCTCTGGGCAGAGCGGAGGCGTG,0,sg2
ATGAACACCAGTGAGTAGAGCGG,ATAAACACCAGTGAATAAAGATG,0,sg6
GGGTGGGGGGAGTTTGCTCCTGG,ACAACTGGGGAGTTTGCTCCTGG,0,sg8
GACACCGAAGCAGAGTTTTTAGG,GAAGGGGGAGCAGAGTTTTTAAG,0,sg11
TGACATCAATTATTATACATCGG,CAACATCAATTATTTTTCATCAG,0,sg10
AAATGAGAAGAAGAGGCACAGGG,ACATGAGGAGGCGAGGCACAGAG,0,sg9
AAATGAGAAGAAGAGGCACAGGG,AAGAGAGAAGAAGAGGAAATGGT,0,sg9
GGTCCTGCCGCTGCTTGTCATGG,GGCCCTGCCGCTGGGAGTGCTGG,0,sg4
AAATGAGAAGAAGAGGCACAGGG,AAGGAAGAAACTGAGGCACAGGG,0,sg9
AATGACCACTACATCCTCAAGGG,AATGACCACTCCCCTCTCTAGTG,0,sg5
AAATGAGAAGAAGAGGCACAGGG,AAGTGAGAAGAAAATCCACTTGG,0,sg9
CTTGCCCCACAGGGCAGTAACGG,TTATCTCCACAGGGCACTAACTG,0,sg3
AAATGAGAAGAAGAGGCACAGGG,AAATGAGAATGAGAGGAGCTGGG,0,sg9
AACACCAGTGAGTAGAGCGGAGG,GACACCAGTGAGTAGTAGTGAGT,0,sg1
GGGTGGGGGGAGTTTGCTCCTGG,GGGTGGGGGGACTTTGTTTTTTT,0,sg8
GGGTGGGGGGAGTTTGCTCCTGG,GTGTGTGAGGAGTTTGCTGAGGG,0,sg8
GGGTGGGGGGAGTTTGCTCCTGG,GGGTGGGGGGAGGAAGCCCAGGG,0,sg8
AAATGAGAAGAAGAGGCACAGGG,AACTGAAAAACTGAGGCACAGAG,0,sg9
AAATGAGAAGAAGAGGCACAGGG,AAAGAAGAAGAAGAAGAAGAGAG,0,sg9
AAATGAGAAGAAGAGGCACAGGG,AAAGGATGAGAAGAGGCACAGGG,0,sg9
TGACATCAATTATTATACATCGG,TGACATCAAATATTCCACAAATG,0,sg10
GGGTGGGGGGAGTTTGCTCCTGG,GGGTTCGGGGAGTTTGAGGGTGG,0,sg8
CCAGTGAGTAGAGCGGAGGCAGG,CCAGTGAGTCGAACAGAGCCACG,0,sg2
ATGAACACCAGTGAGTAGAGCGG,GTGAGTACCAGTGAGTACAGAGC,0,sg6
TGACATCAATTATTATACATCGG,TGACATCAATGATTACCCCTCTG,0,sg10
GAATCCTAAAAACTCTGCTTCGG,GAATCCTAAGAAATCTAAATCGC,0,sg12
GACACCGAAGCAGAGTTTTTAGG,GAGAACGAAGCAGAGTGAGGAGG,0,sg11
AAATGAGAAGAAGAGGCACAGGG,GATTTAGAGCATGAGGCACAGGG,0,sg9
AAATGAGAAGAAGAGGCACAGGG,GAATTGGAGACAGAGGCACAGGG,0,sg9
TGACATCAATTATTATACATCGG,TTAAAACAATTATTATACACAGA,0,sg10
AAATGAGAAGAAGAGGCACAGGG,AAATGAGAAGATGATTCAAAGGG,0,sg9
AAATGAGAAGAAGAGGCACAGGG,AAATGAGAAGAAGAATCATATCT,0,sg9
AAATGAGAAGAAGAGGCACAGGG,ACATGAGAAGAAAAAGAACAGTT,0,sg9
AAATGAGAAGAAGAGGCACAGGG,CCATGAAGAGCAGAGGCACAGTG,0,sg9
CCTGCCTCCGCTCTACTCACTGG,CCTGGATCAGCTCTACTCCCTTC,0,sg7
TGACATCAATTATTATACATCGG,TGACTATAGTTATTATACACCGG,0,sg10
GGTCCTGCCGCTGCTTGTCATGG,GGGAATGACGGTGCTTGTCATGT,0,sg4
GAATCCTAAAAACTCTGCTTCGG,GATATCCCAAAACTCTGCTTCAG,0,sg12
AAATGAGAAGAAGAGGCACAGGG,CAACGGGAAGAAGAGGGATGGGG,0,sg9
AAATGAGAAGAAGAGGCACAGGG,CAAAAAAAAAAAGAGGCACAGAG,0,sg9
GGGTGGGGGGAGTTTGCTCCTGG,GGGTGGGGGGAGATGGGTGGAGG,0,sg8
GGGTGGGGGGAGTTTGCTCCTGG,GGGTGGGGGCAGGCTGCTGCTCA,0,sg8
TGACATCAATTATTATACATCGG,AGACAACTATAATTATACATCCT,0,sg10
AACACCAGTGAGTAGAGCGGAGG,GACACCAGTGAGAACAGCAAGGG,0,sg1
AAATGAGAAGAAGAGGCACAGGG,AGATGAGATACTGAGGCACAGAG,0,sg9
ATGAACACCAGTGAGTAGAGCGG,ATGAACACCAGTAAAGATAGGAG,0,sg6
TGACATCAATTATTATACATCGG,TGACCGCAATTATTATAAATAAT,0,sg10
GGGTGGGGGGAGTTTGCTCCTGG,GGGTGGGGGGAGGTTGAGATGGG,0,sg8
AAATGAGAAGAAGAGGCACAGGG,GAGGGAGAAAAAGAGGCACAGGA,0,sg9
GACACCGAAGCAGAGTTTTTAGG,GAAAAGAAAGCAGAGTTTTGTGG,0,sg11
GGTCCTGCCGCTGCTTGTCATGG,GATACTGGTGCTGCTTGTCCAGG,0,sg4
GGTCCTGCCGCTGCTTGTCATGG,GGTTCTGTTCCAGCTTGTCATGG,0,sg4
GACACCGAAGCAGAGTTTTTAGG,AAAACCAATGCAGAGTTTTGAAG,0,sg11
CTTGCCCCACAGGGCAGTAACGG,CTTGCTTCGCAGGGCAGTGATGA,0,sg3
AAATGAGAAGAAGAGGCACAGGG,CAATGAGAAGAAGATGTACCGCT,0,sg9
AAATGAGAAGAAGAGGCACAGGG,AAATGAGAACAATAGACACTGAA,0,sg9
AACACCAGTGAGTAGAGCGGAGG,ACCACCAGTGAGCCGGGCGGAGC,0,sg1
CCAGTGAGTAGAGCGGAGGCAGG,CCAGTGAGTTCTGCCTAAGCAGG,0,sg2
GAATCCTAAAAACTCTGCTTCGG,CACTTCTAAAAACTCTTCTTAGG,0,sg12
AAATGAGAAGAAGAGGCACAGGG,GCATGAGAAGAAAAGGCTCGGGG,0,sg9
AAATGAGAAGAAGAGGCACAGGG,AAAGAAGAAGAAGAGGAAAAAGG,0,sg9
AAATGAGAAGAAGAGGCACAGGG,GGATGAGAAGGAGAAGAAGAGGG,0,sg9
AAATGAGAAGAAGAGGCACAGGG,ACAACAGAGACAGAGGCACAGGG,0,sg9
AAATGAGAAGAAGAGGCACAGGG,AAGAGAGAAGAAGAGAAAGAGGG,0,sg9
CCTGCCTCCGCTCTACTCACTGG,CCTGCCTCCCCTTCATTCAAGGG,0,sg7
AAATGAGAAGAAGAGGCACAGGG,AATAGAAAAGAAGAGGCAGAGAG,0,sg9
GAATCCTAAAAACTCTGCTTCGG,GAATCCTAAAAAGTGAACTTCAC,0,sg12
GGGTGGGGGGAGTTTGCTCCTGG,GGGTGGGGGCAGAGTGAAGCTGG,0,sg8
AAATGAGAAGAAGAGGCACAGGG,AAATGAGAAAATTAGGGCGAGGG,0,sg9
CCAGTGAGTAGAGCGGAGGCAGG,CCGGGCAGGTGGGCGGAGGCAGG,0,sg2
GAATCCTAAAAACTCTGCTTCGG,TTCTGCTAAAAACTCTGCTTAGT,0,sg12
AAATGAGAAGAAGAGGCACAGGG,ACTTAAGAAGAAGAGGGCCAGGC,0,sg9
GGGTGGGGGGAGTTTGCTCCTGG,GGGTGGGGGGGGCCTGCAACAGG,0,sg8
CTTGCCCCACAGGGCAGTAACGG,AAAGCCCCACAGGTAAGTAACTG,0,sg3
TGACATCAATTATTATACATCGG,TGACATCAAATAGTATCTATCTG,0,sg10
CCAGTGAGTAGAGCGGAGGCAGG,CCCAGGGGCAGAGCGGAGGCAGG,0,sg2
GGGTGGGGGGAGTTTGCTCCTGG,AGTTTGGGGGAGTTTGCCCCAGG,0,sg8
GGTCCTGCCGCTGCTTGTCATGG,TGTCCTCCTGCCGCTTGTCAGTG,0,sg4
GGGTGGGGGGAGTTTGCTCCTGG,CTGGGGGATCAGTTTGCTCCTGG,0,sg8
AAATGAGAAGAAGAGGCACAGGG,AGAGGAAATGAGAAGGCACAGGG,0,sg9
GAATCCTAAAAACTCTGCTTCGG,GAATCTTAAAAACTCTACTAAGT,0,sg12
CCTGCCTCCGCTCTACTCACTGG,CCTGTGACTGCACTACTCACTGC,0,sg7
AAATGAGAAGAAGAGGCACAGGG,AAAAAAGAAGAAGAGGAAGAAGT,0,sg9
GAATCCTAAAAACTCTGCTTCGG,GAATCTTATAAACTCTGCATTTC,0,sg12
AAATGAGAAGAAGAGGCACAGGG,CTCTGAGAAGAAGAAGCCAAGGG,0,sg9
GGGTGGGGGGAGTTTGCTCCTGG,AGAAGAGGGGATTTTGCTCCTGG,0,sg8
TGACATCAATTATTATACATCGG,AGACATCAATTACTATAAATTCT,0,sg10
AATGACCACTACATCCTCAAGGG,AATGACCACTCTTTCCACAATGG,0,sg5
CCAGTGAGTAGAGCGGAGGCAGG,CCAGTGAGTCGTGAGGAACCAGC,0,sg2
ATGAACACCAGTGAGTAGAGCGG,AAGAACACCAGTGACTTCAGCAA,0,sg6
AAATGAGAAGAAGAGGCACAGGG,AGATGAGCTGATGAGGCACAGAG,0,sg9
AAATGAGAAGAAGAGGCACAGGG,AAGGAAGAAGAAGAGGAAGAGGG,0,sg9
AAATGAGAAGAAGAGGCACAGGG,ACATGAGAAGAACAGGCCTTAGG,0,sg9
GAATCCTAAAAACTCTGCTTCGG,GACTTCTTGATACTCTGCTTCAG,0,sg12
AAATGAGAAGAAGAGGCACAGGG,AGAAGAGAAGAAGAGGGAAAAGA,0,sg9
CCTGCCTCCGCTCTACTCACTGG,GCCCTCTCTGCTCTACTCCCTGG,0,sg7
CCTGCCTCCGCTCTACTCACTGG,CCTGCCTCCCCTTCATTCAGGGG,0,sg7
AAATGAGAAGAAGAGGCACAGGG,AAATGAGAAAAAGGAGGAGAAGG,0,sg9
AAATGAGAAGAAGAGGCACAGGG,AATTGACCAGGTGAGGCACAGAG,0,sg9
CTTGCCCCACAGGGCAGTAACGG,TCTTCCCCACAGGGCTGTGAAGG,0,sg3
GGGTGGGGGGAGTTTGCTCCTGG,AAGTGAGTGGCGTTTGCTCCTGC,0,sg8
ATGAACACCAGTGAGTAGAGCGG,GTGCCCACCAGTGAGGGCAGCGG,0,sg6
TGACATCAATTATTATACATCGG,TAACATCAATTATTTTAAAATTG,0,sg10
AAATGAGAAGAAGAGGCACAGGG,AAATGAGAACAAGAGTCTTACAG,0,sg9
AAATGAGAAGAAGAGGCACAGGG,AAATGAGAAGAGCTGCCCGAGGG,0,sg9
GACACCGAAGCAGAGTTTTTAGG,GTATTTGAAGCAGAGTTTTTAAG,0,sg11
TGACATCAATTATTATACATCGG,TAAAATCAATTATTAAATATAGT,0,sg10
TGACATCAATTATTATACATCGG,TGACATCAAATAATGTATAACTG,0,sg10
AACACCAGTGAGTAGAGCGGAGG,AAAACAAGTGAGTAGAGGGTAGA,0,sg1
CTTGCCCCACAGGGCAGTAACGG,CTTGCCCCACAAGACAGCACAGA,0,sg3
AATGACCACTACATCCTCAAGGG,AATGACCACTGAGTATTCAAGTG,0,sg5
CCTGCCTCCGCTCTACTCACTGG,CCTCTCACTGTTCTACTCACTGG,0,sg7
ATGAACACCAGTGAGTAGAGCGG,CAGGACAGTAGTGAGTAGAGTGG,0,sg6
AATGACCACTACATCCTCAAGGG,AATGCTCACTAAATCCTCAAGTG,0,sg5
AAATGAGAAGAAGAGGCACAGGG,AATTGAGAAGAAGGCACAGAGAG,0,sg9
AATGACCACTACATCCTCAAGGG,AATGACCACTACTTTCCCAGACG,0,sg5
GAATCCTAAAAACTCTGCTTCGG,GAATCCTAAAAACAAAGCTTCTA,0,sg12
TGACATCAATTATTATACATCGG,TTACATCAATTATCTTAAAACGA,0,sg10
TGACATCAATTATTATACATCGG,TAATATCAATTATTATAAATATG,0,sg10
ATGAACACCAGTGAGTAGAGCGG,CTGACCTCCAGTGAGTAGAGGGA,0,sg6
GGGTGGGGGGAGTTTGCTCCTGG,GGGTGGGGGCAGGCTGGTCCAGG,0,sg8
AACACCAGTGAGTAGAGCGGAGG,AAAACCAGTGAGCAGTGGGGATG,0,sg1
AAATGAGAAGAAGAGGCACAGGG,AGAAAAGAAGAAGAGGCACATGA,0,sg9
AAATGAGAAGAAGAGGCACAGGG,TAGGCAGAAGAAGAGACACAGGC,0,sg9
AACACCAGTGAGTAGAGCGGAGG,AACACCAGTGAGACAAGTGGAAC,0,sg1
GAATCCTAAAAACTCTGCTTCGG,CAATTTTAAAAACTCTTCTTCAT,0,sg12
GAATCCTAAAAACTCTGCTTCGG,AATTGCTAAAAGCTCTGCTTCGC,0,sg12
GGGTGGGGGGAGTTTGCTCCTGG,GGGTGGGGGGAGGCAGATGCTGT,0,sg8
TGACATCAATTATTATACATCGG,TGACATCAATTACAATAGATGTG,0,sg10
AATGACCACTACATCCTCAAGGG,TCTGAGCCCTACATCCTCAGGGT,0,sg5
AAATGAGAAGAAGAGGCACAGGG,AAATGAGAAAATGCAGCATTGGG,0,sg9
TGACATCAATTATTATACATCGG,TAACATATATTATTATACATGTT,0,sg10
AAATGAGAAGAAGAGGCACAGGG,TAGTGAGAAGAAGTTGGAAAGGG,0,sg9
TGACATCAATTATTATACATCGG,TGGAATGAGTTTTTATACATCGG,0,sg10
GGTCCTGCCGCTGCTTGTCATGG,GTTGCTACTGCTGCTTGTCCAGG,0,sg4
GAATCCTAAAAACTCTGCTTCGG,GATTCTTAAAAACTCTTTTTAGT,0,sg12
AACACCAGTGAGTAGAGCGGAGG,ACAAGCAGTGAGTAGAGGGAAGG,0,sg1
AAATGAGAAGAAGAGGCACAGGG,AACTGAGAAGAAAAGGACAAGGA,0,sg9
CCAGTGAGTAGAGCGGAGGCAGG,TTAGTGAGTAGAGCAGATAAAGG,0,sg2
ATGAACACCAGTGAGTAGAGCGG,ATGCTAACCAGTGAGTAGAACAG,0,sg6
TGACATCAATTATTATACATCGG,TAACTTCAATTATTATACTAAGG,0,sg10
GAATCCTAAAAACTCTGCTTCGG,CAATCCTGATCCCTCTGCTTCTG,0,sg12
AAATGAGAAGAAGAGGCACAGGG,AAATATTAAGAAGAGGCACATAG,0,sg9
AAATGAGAAGAAGAGGCACAGGG,AGATGGGAAGAAGAGTAAAAGAG,0,sg9
TGACATCAATTATTATACATCGG,TGACATCAATTAATTCTCCTTGG,0,sg10
AACACCAGTGAGTAGAGCGGAGG,TACACCAGTGAGGAAAGAGGAGG,0,sg1
GAATCCTAAAAACTCTGCTTCGG,GAATCCTAAAAACTTATCTTTTT,0,sg12
GGGTGGGGGGAGTTTGCTCCTGG,GGGTGGGGGGGGGTTGGGCATTG,0,sg8
AAATGAGAAGAAGAGGCACAGGG,AAATGAGAATCTGAGAAACAGTG,0,sg9
GGTCCTGCCGCTGCTTGTCATGG,CATCCTGCCGCTGCTGGGCCGGG,0,sg4
AAATGAGAAGAAGAGGCACAGGG,AGGAGAGGAGAAGAGGCACAGGC,0,sg9
AAATGAGAAGAAGAGGCACAGGG,AAAGAAGAAGAAGAGGAAGAAGC,0,sg9
CTTGCCCCACAGGGCAGTAACGG,CATGCCCCACAGGGCTGGTGCTG,0,sg3
AACACCAGTGAGTAGAGCGGAGG,AACACCAGTGGGTGAAGCTGGGA,0,sg1
ATGAACACCAGTGAGTAGAGCGG,ATAAAATAAAGTGAGTAGAGCTG,0,sg6
GGGTGGGGGGAGTTTGCTCCTGG,TGCTGCGGGAAGTTTGCTCCTGC,0,sg8
GGGTGGGGGGAGTTTGCTCCTGG,GGGTGGGGGGAAATTACTAATGA,0,sg8
GGGTGGGGGGAGTTTGCTCCTGG,GGGTGGGGGGACTATTCTCAAAG,0,sg8
AAATGAGAAGAAGAGGCACAGGG,AAGGCAGAAGAAGAGACCCAGGT,0,sg9
AATGACCACTACATCCTCAAGGG,GAAGACCACTACTTGCTCAAAGA,0,sg5
CTTGCCCCACAGGGCAGTAACGG,CTGGCCCCACAGGGCTGTGGCTC,0,sg3
AATGACCACTACATCCTCAAGGG,AATAGACAGTACATCCTCAGGGA,0,sg5
TGACATCAATTATTATACATCGG,TGACATCAATTATTAGAGACCAT,0,sg10
GACACCGAAGCAGAGTTTTTAGG,GAGTCGCCAGCAGAGTTTTGAGG,0,sg11
AAATGAGAAGAAGAGGCACAGGG,AAATGAGAAAGTGAAGAACATGG,0,sg9
AAATGAGAAGAAGAGGCACAGGG,AAAATAGAAGAAGAGGAGCAAGA,0,sg9
CTTGCCCCACAGGGCAGTAACGG,GCTCCCCTACAGGGCAGTCAGGG,0,sg3
GGTCCTGCCGCTGCTTGTCATGG,GGTCCTGCTGCTGCTTGTCCTCA,0,sg4
AATGACCACTACATCCTCAAGGG,GATGACTGGTACATCCTCAGAGG,0,sg5
GACACCGAAGCAGAGTTTTTAGG,GTTTCCGAAGCAGAGCTTGTTGG,0,sg11
AAATGAGAAGAAGAGGCACAGGG,AAATGAGGTTCAGAGGCAAAGTG,0,sg9
CCTGCCTCCGCTCTACTCACTGG,GCTACCACAGCTCTACTCTCTGA,0,sg7
GGGTGGGGGGAGTTTGCTCCTGG,GGGTGGGGGATATAATCTCCTGG,0,sg8
TGACATCAATTATTATACATCGG,TGTGTTCAATTATTATGCATCAA,0,sg10
GGGTGGGGGGAGTTTGCTCCTGG,TAGTTGGTGAAGTTTGCTCCTAG,0,sg8
AAATGAGAAGAAGAGGCACAGGG,AAATGGGAAGAAGAGTTATAGCT,0,sg9
GGTCCTGCCGCTGCTTGTCATGG,GGTCCTGCCTCTTCTGTTCTTGG,0,sg4
AAATGAGAAGAAGAGGCACAGGG,CAATGCACAGCTGAGGCACAGGG,0,sg9
AATGACCACTACATCCTCAAGGG,AATGACCACGACACCCACAACAC,0,sg5
GACACCGAAGCAGAGTTTTTAGG,GACCCAGACTAAGAGTTTTTAAG,0,sg11
CCAGTGAGTAGAGCGGAGGCAGG,CAATTTCCTAGAGCGGAGGTAGG,0,sg2
GGGTGGGGGGAGTTTGCTCCTGG,GGGTGGGGGGAGGGTGGTGTTGG,0,sg8
AAATGAGAAGAAGAGGCACAGGG,ACTGTAGAAGAAGAGGCACTAGG,0,sg9
AAATGAGAAGAAGAGGCACAGGG,AGATGAATAGGTGAGGCACAGAG,0,sg9
CCTGCCTCCGCTCTACTCACTGG,CCTGCCTCCTCTCAAACTCCTGG,0,sg7
GGTCCTGCCGCTGCTTGTCATGG,AGTCCTGCAGCTGCTTGTTGGGC,0,sg4
CCAGTGAGTAGAGCGGAGGCAGG,GCAGTGAGTAGAGTGGAGGCCAG,0,sg2
AAATGAGAAGAAGAGGCACAGGG,GGATGAGAAGAAGACCAGCAGGG,0,sg9
TGACATCAATTATTATACATCGG,TCAGATCAATTATTAAATATCAC,0,sg10
TGACATCAATTATTATACATCGG,ATATATCTATTATTATACATCTA,0,sg10
GGGTGGGGGGAGTTTGCTCCTGG,GGGTGGGGGGAGGTGGGTGCCAG,0,sg8
AAATGAGAAGAAGAGGCACAGGG,CACATAGTAGAAGAGGCAGAGGG,0,sg9
ATGAACACCAGTGAGTAGAGCGG,CTGAATACCAGTGAGGACAGCAG,0,sg6
AAATGAGAAGAAGAGGCACAGGG,AAATGAGAACAAGAAGACAAAGG,0,sg9
TGACATCAATTATTATACATCGG,TGACATCAATTAATATATTTTCT,0,sg10
AAATGAGAAGAAGAGGCACAGGG,AGATGAGAAGAACTAGCACAAAG,0,sg9
AAATGAGAAGAAGAGGCACAGGG,AAATGAGAAGCAGAGAAATAAGG,0,sg9
TGACATCAATTATTATACATCGG,TAACATCAATTATCTGAAACCGG,0,sg10
AAATGAGAAGAAGAGGCACAGGG,ACTTGGGAAGCTGAGGCACAGAG,0,sg9
GAATCCTAAAAACTCTGCTTCGG,GAATCCTAAAATTTCTGCTTTGG,1,sg12
AAATGAGAAGAAGAGGCACAGGG,AAAGAGGAAGAAGAGGAACTGGG,0,sg9
CCTGCCTCCGCTCTACTCACTGG,GTTAACTCCACTCTACTCACTGA,0,sg7
AAATGAGAAGAAGAGGCACAGGG,AAATGAGAAAACGATGGAGATGG,0,sg9
AAATGAGAAGAAGAGGCACAGGG,AAATGAGAAGAAATGGGGCTGGG,0,sg9
AAATGAGAAGAAGAGGCACAGGG,AAGTGAGAAGAAAAGGATCAAAG,0,sg9
CCAGTGAGTAGAGCGGAGGCAGG,CCAGTGAGTGGAGGGTAAGGAGG,0,sg2
AACACCAGTGAGTAGAGCGGAGG,ATCACCAGTGAGTAGAGACACTG,0,sg1
AAATGAGAAGAAGAGGCACAGGG,AAACAGGAGGCAGAGGCACAGGG,0,sg9
TGACATCAATTATTATACATCGG,TGACATCAAGGATTATGTTTCAG,0,sg10
GGGTGGGGGGAGTTTGCTCCTGG,GGGTGGGGGAAGCTTGCCCCCTG,0,sg8
AAATGAGAAGAAGAGGCACAGGG,AATGGAGAAGAAGAGCCACAGTT,0,sg9
GACACCGAAGCAGAGTTTTTAGG,GTCTCTGAAGCAGAGTTAAGAGG,0,sg11
GGGTGGGGGGAGTTTGCTCCTGG,GGGTGGGGGGAGCAAGATGGTGG,0,sg8
AAATGAGAAGAAGAGGCACAGGG,AAACGAGGGGAAGAGGCAGTGGC,0,sg9
AAATGAGAAGAAGAGGCACAGGG,TGTTGAGAAAATGAGGCACAGAG,0,sg9
AAATGAGAAGAAGAGGCACAGGG,AAATGAGAAGATGAGACTAGGAG,0,sg9
ATGAACACCAGTGAGTAGAGCGG,ATGAACACCATGGAGAAACACGG,0,sg6
AAATGAGAAGAAGAGGCACAGGG,AATGATGAAGATGAGGCACAGGT,0,sg9
CTTGCCCCACAGGGCAGTAACGG,CTAGCCCCACAGGGGAGCAGAGG,0,sg3
AAATGAGAAGAAGAGGCACAGGG,AAAGAAGACCAAGATGCACAGAG,0,sg9
AAATGAGAAGAAGAGGCACAGGG,AAATGAGAAGAAGAAGAATACCT,0,sg9
AACACCAGTGAGTAGAGCGGAGG,TTCACCAGTGAGTAGAGTATGGG,0,sg1
AATGACCACTACATCCTCAAGGG,AATGAACACGTAATCCTCAAGCA,0,sg5
CCTGCCTCCGCTCTACTCACTGG,TATCCCTGGGCTCTACTCACTAG,0,sg7
AAATGAGAAGAAGAGGCACAGGG,CAATGAGGAGAAGAGGCACCAAT,0,sg9
AAATGAGAAGAAGAGGCACAGGG,TAATGTGAAGAAGAGGACAAGTG,0,sg9
GACACCGAAGCAGAGTTTTTAGG,AGCATAGAAGCAGAGTTTTGAGG,0,sg11
ATGAACACCAGTGAGTAGAGCGG,ATGAACACCAATGAGCCAATGGG,0,sg6
CCTGCCTCCGCTCTACTCACTGG,CTTGCATCCGCTCTAATAAGTGA,0,sg7
AAATGAGAAGAAGAGGCACAGGG,AAGAAAGAAAAAGAGGCACAGGG,0,sg9
GGGTGGGGGGAGTTTGCTCCTGG,AGGGGAGGGGAGTTTGCTTTGGG,0,sg8
CCTGCCTCCGCTCTACTCACTGG,CCTGCCTCCTATCTAATCACTTA,0,sg7
CCTGCCTCCGCTCTACTCACTGG,CCTGCCTCCCCTGTCCTCCCAGC,0,sg7
AAATGAGAAGAAGAGGCACAGGG,AAATGAGAAACAGAGGTAAAGAC,0,sg9
GAATCCTAAAAACTCTGCTTCGG,AAACCTTAAAAACTCAGTTTCTG,0,sg12
AAATGAGAAGAAGAGGCACAGGG,AAAAAAAAAAAAGAGGCACAGAA,0,sg9
AAATGAGAAGAAGAGGCACAGGG,AAATGAGAAGGTGGGGCACAGAG,0,sg9
AAATGAGAAGAAGAGGCACAGGG,AAATGAGAAGGATGGTCTCAGGG,0,sg9
TGACATCAATTATTATACATCGG,TAACAACAATTATTATACATATT,0,sg10
AAATGAGAAGAAGAGGCACAGGG,AGAAAAGAAGAAGAGGAACAGTT,0,sg9
ATGAACACCAGTGAGTAGAGCGG,GTGACTACAAGTGAGTAGAGTAG,0,sg6
AAATGAGAAGAAGAGGCACAGGG,AAATGAGAAGAGGTGGTTCAAGG,0,sg9
GACACCGAAGCAGAGTTTTTAGG,GGACCCCAAGCAGAGTTTTTAAC,0,sg11
AAATGAGAAGAAGAGGCACAGGG,AACTGAGAAGAAGCAGGGCAGGG,0,sg9
GAATCCTAAAAACTCTGCTTCGG,GAGTCACACAGCCTCTGCTTCGG,0,sg12
GGGTGGGGGGAGTTTGCTCCTGG,GGGTGGGGGGCATTTTCAAATGG,0,sg8
GGTCCTGCCGCTGCTTGTCATGG,GCTCCCGCCGCTGCTTCTCACTG,0,sg4
TGACATCAATTATTATACATCGG,TGACAGTATTTATTATACTGGGG,0,sg10
AAATGAGAAGAAGAGGCACAGGG,AAATGAGAATAAGCTGAACAAGT,0,sg9
CTTGCCCCACAGGGCAGTAACGG,GCAGCCCCACAGGGCATTACCTG,0,sg3
GAATCCTAAAAACTCTGCTTCGG,AAATCTCAGAAACTCTGCTTCAT,0,sg12
AAATGAGAAGAAGAGGCACAGGG,AGAAAAGGAAAAGAGGCACAGAG,0,sg9
CCTGCCTCCGCTCTACTCACTGG,CTGGCCTCCACTCTACTCACTGC,0,sg7
AAATGAGAAGAAGAGGCACAGGG,AAATGAGAAGAAAATGGAGGAGG,0,sg9
TGACATCAATTATTATACATCGG,TGACTTCAATTATTATCTGTGGC,0,sg10
ATGAACACCAGTGAGTAGAGCGG,ATGAACACCATGGATTTTAGTGG,0,sg6
GGGTGGGGGGAGTTTGCTCCTGG,GGGTGGGGGGCATCGGCTCATGA,0,sg8
AAATGAGAAGAAGAGGCACAGGG,AAATGAGAAAAATGGGGACAATG,0,sg9
AAATGAGAAGAAGAGGCACAGGG,GTATAAGAGGAAGAGGCAGAGGT,0,sg9
GGGTGGGGGGAGTTTGCTCCTGG,GGGTTGGGGGTGGGGGCTGCTGG,0,sg8
GACACCGAAGCAGAGTTTTTAGG,GAAAGCACAGCAGAGTTTTCAGT,0,sg11
GACACCGAAGCAGAGTTTTTAGG,GAATCCTAAGCAGAGTTTTTGAT,0,sg11
CTTGCCCCACAGGGCAGTAACGG,CCTGCCCCACAGGGCTGTTGTGA,0,sg3
AAATGAGAAGAAGAGGCACAGGG,AGGGAAAAAGAAGAGGCAGAGGG,0,sg9
GGGTGGGGGGAGTTTGCTCCTGG,GGGTGGGGGCTGAGCTCTCCTGG,0,sg8
CCTGCCTCCGCTCTACTCACTGG,CCTGCCTCCACCCTCCCGAATGG,0,sg7
AAATGAGAAGAAGAGGCACAGGG,AAATGAGAATAAATGGTGCTGGG,0,sg9
AAATGAGAAGAAGAGGCACAGGG,GAAGAAGAAGAAGAGGAGAAGGG,0,sg9
AAATGAGAAGAAGAGGCACAGGG,AAGAGACAAAGAGAGGCACAGAG,0,sg9
AACACCAGTGAGTAGAGCGGAGG,TACAGCAGTGAGTAGGTAGCAGG,0,sg1
GAATCCTAAAAACTCTGCTTCGG,GAGTCATATTAACTCTGCTTCTC,0,sg12
AACACCAGTGAGTAGAGCGGAGG,ACCACCAGTGAGCTGGGCGGAAC,0,sg1
GGTCCTGCCGCTGCTTGTCATGG,GATGCTGCCGCTGCTGGTCCACG,0,sg4
AATGACCACTACATCCTCAAGGG,AAGGGGCACTCCATCCTCAAGTC,0,sg5
GACACCGAAGCAGAGTTTTTAGG,AACAACTGAGCAGAGTTTTTGAG,0,sg11
TGACATCAATTATTATACATCGG,TGACATCAACTACTAATCATTGT,0,sg10
GGGTGGGGGGAGTTTGCTCCTGG,GGGTGGGGGGAGTTGGGGAGTTG,0,sg8
GGTCCTGCCGCTGCTTGTCATGG,GGTCCTGCCGCTGTGTGTCACAG,0,sg4
AATGACCACTACATCCTCAAGGG,AATCAACATTACATCCTCTAGAG,0,sg5
AAATGAGAAGAAGAGGCACAGGG,GGAGGGGAAGCTGAGGCACAGGG,0,sg9
GACACCGAAGCAGAGTTTTTAGG,CCAAAGGAAGCAGAGTTTTTTGG,0,sg11
AATGACCACTACATCCTCAAGGG,ATCCAGTCCTACATCCTCAAGGG,0,sg5
ATGAACACCAGTGAGTAGAGCGG,GGCTACACCAGTGAGCAGAGCTG,0,sg6
TGACATCAATTATTATACATCGG,TGACATCAATTCTATGAGATAGG,0,sg10
CTTGCCCCACAGGGCAGTAACGG,ATGGGCTCACAGGGCAGTAATGG,0,sg3
GAATCCTAAAAACTCTGCTTCGG,AAATCCTAAAAAATATACTTCAA,0,sg12
CTTGCCCCACAGGGCAGTAACGG,CCTGCCCCACAGGCCTGTCACAT,0,sg3
AAATGAGAAGAAGAGGCACAGGG,AACAAAGAAGAAGAAGAAGAGGG,0,sg9
AAATGAGAAGAAGAGGCACAGGG,AAATGAGAAGAATAAGGACAATG,0,sg9
AAATGAGAAGAAGAGGCACAGGG,AGGAGAGAGGAAGAGGCAGAGGA,0,sg9
ATGAACACCAGTGAGTAGAGCGG,TTGAAGACTTTTGAGTAGAGCAG,0,sg6
CCAGTGAGTAGAGCGGAGGCAGG,CCTGGGTGGAGAGCGGAGGAAAG,0,sg2
AAATGAGAAGAAGAGGCACAGGG,ATGTCAGAAGAAGAGGAGAAGGG,0,sg9
GGGTGGGGGGAGTTTGCTCCTGG,GCATGGGGGGAGGGTGCTACTGG,0,sg8
ATGAACACCAGTGAGTAGAGCGG,AGGAACACCAGTGATCAGTGGAG,0,sg6
ATGAACACCAGTGAGTAGAGCGG,AATAACACTAGTGAGTAGACAGC,0,sg6
CTTGCCCCACAGGGCAGTAACGG,CCTGCCCCACAGGGCTATTATGA,0,sg3
TGACATCAATTATTATACATCGG,TGACATCAATTAATATATCTAAG,0,sg10
AACACCAGTGAGTAGAGCGGAGG,AACACCAGTGAGCACTGCTCAGG,0,sg1
GGTCCTGCCGCTGCTTGTCATGG,GGTCCTGCCTCTGCCACTCATTA,0,sg4
GGGTGGGGGGAGTTTGCTCCTGG,AGGGGGGCAGAGTTTGCTTTTGG,0,sg8
GACACCGAAGCAGAGTTTTTAGG,GGCCTGGGAGCAGAGTTTTTAAG,0,sg11
TGACATCAATTATTATACATCGG,TGACATCAACTTTTATTTATGGT,0,sg10
CTTGCCCCACAGGGCAGTAACGG,GATGCCCCACAGGGCAGAAAGCT,0,sg3
CCAGTGAGTAGAGCGGAGGCAGG,CCAGTGAGTAGAGACTGGGAGGG,0,sg2
ATGAACACCAGTGAGTAGAGCGG,ACCAGCTCCAGTGAGTAGGGCAG,0,sg6
GACACCGAAGCAGAGTTTTTAGG,GAAAGTGCAGCTGAGTTTTTAGT,0,sg11
GACACCGAAGCAGAGTTTTTAGG,GTCAGAGAAGCAGAGCCGTTAGG,0,sg11
ATGAACACCAGTGAGTAGAGCGG,TTGAAGAAAAGTGAGTAGAGCCT,0,sg6
AAATGAGAAGAAGAGGCACAGGG,AAATGAGAAGAGGAGGTGGAGCA,0,sg9
AAATGAGAAGAAGAGGCACAGGG,GAAGAGGAAGATGAGGCACAGGG,0,sg9
CCTGCCTCCGCTCTACTCACTGG,CCTGCCTCCTCTCTGCTCCCTTC,0,sg7
AAATGAGAAGAAGAGGCACAGGG,AAAGAAGAAGAAGAGGTCCAAGG,0,sg9
AACACCAGTGAGTAGAGCGGAGG,AATATGAGTGAGTAGTGAGGAGA,0,sg1
CCAGTGAGTAGAGCGGAGGCAGG,ATAGTGAGTAGAGTGTAGGGATG,0,sg2
CCAGTGAGTAGAGCGGAGGCAGG,CCAGGACCTGGCGCGGAGGCAGG,0,sg2
GGGTGGGGGGAGTTTGCTCCTGG,GGTTGGGGGGAGTTCCTTACTGT,0,sg8
GAATCCTAAAAACTCTGCTTCGG,GAATCCTAATGAGTCTGCTGGTG,0,sg12
CCAGTGAGTAGAGCGGAGGCAGG,CGAGGGCGGAGGGCGGAGGCAGG,0,sg2
CCTGCCTCCGCTCTACTCACTGG,TATCCCTGCCCTCTACTCACTAG,0,sg7
GGTCCTGCCGCTGCTTGTCATGG,GGCCTCACTCCTGCTTGTCATGG,0,sg4
CTTGCCCCACAGGGCAGTAACGG,CCAGCCCCACAGGCCAGTTGAGG,0,sg3
GGTCCTGCCGCTGCTTGTCATGG,GGCCCTGCCGCTGCTTCTACAAG,0,sg4
AAATGAGAAGAAGAGGCACAGGG,GGATGAAAAGCTGAGGCACAGAG,0,sg9
AATGACCACTACATCCTCAAGGG,TAGGTGCACTACATCCTCCAGGA,0,sg5
GACACCGAAGCAGAGTTTTTAGG,GAAACCCAGGCAGAGTTTCTATG,0,sg11
GGGTGGGGGGAGTTTGCTCCTGG,GGGTGGGGGGACCTGGGTCCTCC,0,sg8
GGGTGGGGGGAGTTTGCTCCTGG,GGGTGGGGGGAGGCTGAGGCTGA,0,sg8
AAATGAGAAGAAGAGGCACAGGG,AGATGAGAAGAAAGGCCAGAGGA,0,sg9
AAATGAGAAGAAGAGGCACAGGG,AGAAGAGAAGAAGAAGAAGAGGA,0,sg9
AAATGAGAAGAAGAGGCACAGGG,AAAGAAGAAGAAGAGGAAGAGAG,0,sg9
GAATCCTAAAAACTCTGCTTCGG,GCAACATAAAAACTCTGCCAAGG,0,sg12
GGGTGGGGGGAGTTTGCTCCTGG,TGCTGAATGAAGTTTGCTCCTGG,0,sg8
CCAGTGAGTAGAGCGGAGGCAGG,CCAGTGAGTGGTGCAGAGAAGGG,0,sg2
AAATGAGAAGAAGAGGCACAGGG,AAAAGTAAAGAAGAGGCACTAGC,0,sg9
AAATGAGAAGAAGAGGCACAGGG,AAATGAGAAGACAAGTCACAAAC,0,sg9
AAATGAGAAGAAGAGGCACAGGG,AAAGAAGAAGAAGAGAAAAAAGG,0,sg9
GAATCCTAAAAACTCTGCTTCGG,AAATGCTAAAAACTCTGTTTTCA,0,sg12
CCAGTGAGTAGAGCGGAGGCAGG,CCAGTGAGTCCAGAGGAAGCAGA,0,sg2
AATGACCACTACATCCTCAAGGG,AGTAGCTACTCCATCCTCAAGGA,0,sg5
GAATCCTAAAAACTCTGCTTCGG,CAACCCTGGAAACTCTGCTTTGT,0,sg12
AAATGAGAAGAAGAGGCACAGGG,GAGTGAGAAGAAGAGAAGCAGGG,0,sg9
AACACCAGTGAGTAGAGCGGAGG,TCCACCAGTGAGTCGAGCCCAGG,0,sg1
AAATGAGAAGAAGAGGCACAGGG,AGATGGGAAATTGAGGCACAGAG,0,sg9
AAATGAGAAGAAGAGGCACAGGG,GAGGGAGAAGAAGAGGCAGATCG,0,sg9
CCAGTGAGTAGAGCGGAGGCAGG,GCAGAGCGGAGAGCGGAGCCCGG,0,sg2
AACACCAGTGAGTAGAGCGGAGG,AACACCAGTGTCTAGATCCCAGA,0,sg1
AAATGAGAAGAAGAGGCACAGGG,AGGTGAGAAGAAGATGCTATGGG,0,sg9
TGACATCAATTATTATACATCGG,TTACATCAATTATCATAGATGGA,0,sg10
CCTGCCTCCGCTCTACTCACTGG,GGTCCCTGCACTCTACTCACTGT,0,sg7
GGGTGGGGGGAGTTTGCTCCTGG,GACTGGGAGCATTTTGCTCCTGC,0,sg8
AAATGAGAAGAAGAGGCACAGGG,AAATGAGAAAGAGAGGGACAGAA,0,sg9
GAATCCTAAAAACTCTGCTTCGG,CAAAATTAAAAACTCTGCTTTTG,0,sg12
TGACATCAATTATTATACATCGG,TAAAATTAAATATTATACATCCT,0,sg10
AAATGAGAAGAAGAGGCACAGGG,AAATGAGAACAATGGACACTGGG,0,sg9
AAATGAGAAGAAGAGGCACAGGG,AAATGAGAACAGAAAGAACAGGA,0,sg9
CCTGCCTCCGCTCTACTCACTGG,CCTGCCTCCTGCCTGCCCACTGC,0,sg7
AAATGAGAAGAAGAGGCACAGGG,GTGTGAGAAGAAGAAGAACAGAG,0,sg9
GGGTGGGGGGAGTTTGCTCCTGG,GGGGTGGGGGAGATGGGTGCTGG,0,sg8
AAATGAGAAGAAGAGGCACAGGG,TAATGAGAAGAAGAAGGAAAGAA,0,sg9
GGGTGGGGGGAGTTTGCTCCTGG,GAGGTTGGGGAGTTTGCTACTGA,0,sg8
GGGTGGGGGGAGTTTGCTCCTGG,GGGTGGGGGGTCTCTGATCCTGG,0,sg8
GGTCCTGCCGCTGCTTGTCATGG,GGTCCTGCCTCAGGCTGTCATGG,0,sg4
GGGTGGGGGGAGTTTGCTCCTGG,ACGGTGGGGGAATTTGCTCCTGA,0,sg8
TGACATCAATTATTATACATCGG,TGACATCAAATATTACACAATGG,1,sg10
TGACATCAATTATTATACATCGG,TACCATCAATTATTAAACATCAT,0,sg10
CCAGTGAGTAGAGCGGAGGCAGG,ACTGTGAGTAGAACAGGGCCAGG,0,sg2
GGTCCTGCCGCTGCTTGTCATGG,GGTCTTGAGGCTGCTTGTAAAGG,0,sg4
AAATGAGAAGAAGAGGCACAGGG,AAATGGTAAGAAGAGGCAGTGAA,0,sg9
AACACCAGTGAGTAGAGCGGAGG,GACTGCAGTGAGTAGAGCCAAAG,0,sg1
ATGAACACCAGTGAGTAGAGCGG,AAGGACACCAGTGAGGAAAGAGG,0,sg6
GAATCCTAAAAACTCTGCTTCGG,ACATCCTAAAAACACTGATTATG,0,sg12
GACACCGAAGCAGAGTTTTTAGG,GCCCACGAAGCAGAGTTCTAAGC,0,sg11
GACACCGAAGCAGAGTTTTTAGG,GATGATGAAGCAGAGTTGTTTGG,0,sg11
AAATGAGAAGAAGAGGCACAGGG,AAGTGTCCAGAAGAGGCATAGAG,0,sg9
AAATGAGAAGAAGAGGCACAGGG,AAAAAAAAAAAAGAGGCACAGTT,0,sg9
AAATGAGAAGAAGAGGCACAGGG,AAGGGGGAGGGAGAGGCACAGAG,0,sg9
ATGAACACCAGTGAGTAGAGCGG,ATGAACACCCAGGAATAGTGTGG,0,sg6
CTTGCCCCACAGGGCAGTAACGG,CCTGCCCAGCATGGCAGTAACAT,0,sg3
CCAGTGAGTAGAGCGGAGGCAGG,CCAGTGAGTAGAGCCCAGAGATG,0,sg2
AAATGAGAAGAAGAGGCACAGGG,AAAGGAGAAGAAGAGCATAAGAG,0,sg9
AATGACCACTACATCCTCAAGGG,AATGACCACTTCATCTTCAAAGA,0,sg5
AAATGAGAAGAAGAGGCACAGGG,AAACATGAAGAAGAGCCTCCGGG,0,sg9
AAATGAGAAGAAGAGGCACAGGG,AAAAGAGAAGAAGAGGGGAAGGA,0,sg9
TGACATCAATTATTATACATCGG,TTACATCAATTATAATATATCCA,0,sg10
ATGAACACCAGTGAGTAGAGCGG,ATGAACACCAGTAGGTATTGCTA,0,sg6
AAATGAGAAGAAGAGGCACAGGG,AAATGAGAAAAAAACAAACAAGG,0,sg9
CCAGTGAGTAGAGCGGAGGCAGG,ACAGTGAGTAGAGTGCAGGGACC,0,sg2
GGGTGGGGGGAGTTTGCTCCTGG,GGGTGGGGGCAGGTGGGACCTGG,0,sg8
ATGAACACCAGTGAGTAGAGCGG,TTTAACACCAGTGAGAAAAACTG,0,sg6
GACACCGAAGCAGAGTTTTTAGG,GGCAAAGAAGCAGAGTTGGAAGG,0,sg11
CTTGCCCCACAGGGCAGTAACGG,CTTGGCCCACAGGGCTGCTCAGG,0,sg3
ATGAACACCAGTGAGTAGAGCGG,ATGAAAAAGAGTGAGTAGAACAC,0,sg6
AAATGAGAAGAAGAGGCACAGGG,GAGAGGGAAGAAGAGGGAGAGGG,0,sg9
AAATGAGAAGAAGAGGCACAGGG,AAGTGAGAAGAAAAGGGAGGAGG,0,sg9
CTTGCCCCACAGGGCAGTAACGG,CATGGCCCACTTGGCAGTAACCC,0,sg3
GAATCCTAAAAACTCTGCTTCGG,GAAGCTTAGAAACTCTGCTATGG,0,sg12
GAATCCTAAAAACTCTGCTTCGG,GTATCCTAAAAACTCAATTCCAG,0,sg12
AAATGAGAAGAAGAGGCACAGGG,AAATGAGAATTTGCAGCCCAGGG,0,sg9
GGGTGGGGGGAGTTTGCTCCTGG,GAGTGGGGGGAGTATGCGTGTGA,0,sg8
AAATGAGAAGAAGAGGCACAGGG,AAATGAGAAGAAAAGGCATTAAC,0,sg9
TGACATCAATTATTATACATCGG,TTAGATCAATTATTAGACAAAGT,0,sg10
CCTGCCTCCGCTCTACTCACTGG,CCTGCGTACTCGCTACTCACTTT,0,sg7
ATGAACACCAGTGAGTAGAGCGG,ATGAACACCATGGAGTCAACCAG,0,sg6
AAATGAGAAGAAGAGGCACAGGG,AGAAGAGTAAAAGAGGCAGGGGG,0,sg9
CCTGCCTCCGCTCTACTCACTGG,CCTTTCTGGCCTCTACTCACTAG,0,sg7
TGACATCAATTATTATACATCGG,TGTCATCAATTATAATAAAAAAG,0,sg10
GAATCCTAAAAACTCTGCTTCGG,GTTCCCTCAGAACTCTGCTTCAG,0,sg12
CCAGTGAGTAGAGCGGAGGCAGG,CCAGTGAGTATGGCGGACTCACA,0,sg2
GACACCGAAGCAGAGTTTTTAGG,TACCTCGAAGCAGAGTTTCTCTG,0,sg11
GGTCCTGCCGCTGCTTGTCATGG,AGACCTGCCGCTGCTTCCCATCA,0,sg4
GGGTGGGGGGAGTTTGCTCCTGG,GGGTGGGGGGAGGTTGGTGCCAG,0,sg8
AAATGAGAAGAAGAGGCACAGGG,AAATGAGAAGGATAGAGAAAGTG,0,sg9
AAATGAGAAGAAGAGGCACAGGG,ACATGAGTATGTGAGGCACAGGG,0,sg9
AAATGAGAAGAAGAGGCACAGGG,AAAGGAGAAGAAGAGGCAGTTCC,0,sg9
AACACCAGTGAGTAGAGCGGAGG,AACAGCAGTGAGTAGAACAGAAA,0,sg1
AAATGAGAAGAAGAGGCACAGGG,AATTGAGAAGAAGAAGAAGAAGA,0,sg9
GGGTGGGGGGAGTTTGCTCCTGG,GACTGGGGGGAGGGGGCTCATGG,0,sg8
AAATGAGAAGAAGAGGCACAGGG,AAATGAGAAGGAGAGGGGATGGC,0,sg9
AAATGAGAAGAAGAGGCACAGGG,TAATGAGAAGAAACAGCCTAGGG,0,sg9
ATGAACACCAGTGAGTAGAGCGG,ATAGGCAGCAGTGAGTAGAGCTG,0,sg6
GGGTGGGGGGAGTTTGCTCCTGG,GGGTGGGGGGAATTCCCTCTTAT,0,sg8
GGGTGGGGGGAGTTTGCTCCTGG,GGGTGGGGGGAAGTGATTTCTGG,0,sg8
AAATGAGAAGAAGAGGCACAGGG,ACATGACAAACTGAGGCACAGGG,0,sg9
GGGTGGGGGGAGTTTGCTCCTGG,GGGTGGGGGGAGTATGTTGACCG,0,sg8
AAATGAGAAGAAGAGGCACAGGG,GAAACACAAGAAGAGGCAGAGGA,0,sg9
GGGTGGGGGGAGTTTGCTCCTGG,TGGCAGATGAAGTTTGCTCCTGG,0,sg8
GAATCCTAAAAACTCTGCTTCGG,GAATCCTAAGCACACTGATTAGA,0,sg12
AAATGAGAAGAAGAGGCACAGGG,AAATGTGAAGAAGAGAGGCAATG,0,sg9
GGGTGGGGGGAGTTTGCTCCTGG,GGGTGCCGTGGCTTTGCTCCTTG,0,sg8
GGGTGGGGGGAGTTTGCTCCTGG,AGGTGGGGGGAGAGTGCCCGGGG,0,sg8
CCTGCCTCCGCTCTACTCACTGG,CCTGCCTCCTGCCTTTTCCCTGG,0,sg7
GAATCCTAAAAACTCTGCTTCGG,CGATGCTAATAACTCTGCTTCCT,0,sg12
ATGAACACCAGTGAGTAGAGCGG,TTAGACACAAGTGAGTAGAGTAG,0,sg6
GACACCGAAGCAGAGTTTTTAGG,ATAACAGACCCAGAGTTTTTAGG,0,sg11
CTTGCCCCACAGGGCAGTAACGG,CTTGCCCCACTTGACACTAAATG,0,sg3
AAATGAGAAGAAGAGGCACAGGG,AGAGGGAGAGAAGAGGCACAGAG,0,sg9
TGACATCAATTATTATACATCGG,TGCCATCAATTATTATGTTTTGG,0,sg10
GAATCCTAAAAACTCTGCTTCGG,GGACCCTACAAACTCTGCATGTG,0,sg12
CCTGCCTCCGCTCTACTCACTGG,CCTGCCTCCGCCCTCCACCCAGC,0,sg7
AAATGAGAAGAAGAGGCACAGGG,AAATGAGAAGAAGGGACATAGAA,0,sg9
AAATGAGAAGAAGAGGCACAGGG,AACCAACAATCAGAGGCACAGGG,0,sg9
CCTGCCTCCGCTCTACTCACTGG,CCTGCCTCCGCCCCTCGCACCCG,0,sg7
GGGTGGGGGGAGTTTGCTCCTGG,TGGGGGGGTGGGTCTGCTTCTGG,0,sg8
GGGTGGGGGGAGTTTGCTCCTGG,GGGTGGGGGAAGTGCTTTCCTAG,0,sg8
AATGACCACTACATCCTCAAGGG,GATGACCACTACTGCCACCAGAG,0,sg5
GGGTGGGGGGAGTTTGCTCCTGG,GGGTGGGGGTTCTGGGCACCTGG,0,sg8
AAATGAGAAGAAGAGGCACAGGG,AAATGAGAAGATGGGGAGCAGGA,0,sg9
AAATGAGAAGAAGAGGCACAGGG,CAGTTGGATGAAGAGGCAGAGGG,0,sg9
AAATGAGAAGAAGAGGCACAGGG,AAATGAGAAGATAAGGAAGAGGA,0,sg9
ATGAACACCAGTGAGTAGAGCGG,ATGAACCCAAGAGAGTAGAGCAA,0,sg6
GAATCCTAAAAACTCTGCTTCGG,GTCTACTAAAAACTCAGCTAAGG,0,sg12
AAATGAGAAGAAGAGGCACAGGG,AGATGAAGAAATGAGGCACAGAG,0,sg9
CCTGCCTCCGCTCTACTCACTGG,CCCATCTCCGCTCTACCCACTCT,0,sg7
TGACATCAATTATTATACATCGG,TCCTATCAATCATTATACATCTC,0,sg10
AAATGAGAAGAAGAGGCACAGGG,AACTGTGAAGAAGAGGAATATGG,0,sg9
GAATCCTAAAAACTCTGCTTCGG,GAATCCTAATAACCCTTATTAGA,0,sg12
CCTGCCTCCGCTCTACTCACTGG,CCAGGCTCCGCTCTACTCCGCCG,0,sg7
GGGTGGGGGGAGTTTGCTCCTGG,GGGTGGGGGGAGGTGGATAATTG,0,sg8
GACACCGAAGCAGAGTTTTTAGG,GTCACTGAAGCAGAGCTTATATT,0,sg11
AAATGAGAAGAAGAGGCACAGGG,CACTGAGAAGAAAAGGCAGAGAA,0,sg9
TGACATCAATTATTATACATCGG,TAACAACAATTATTATCCAACAT,0,sg10
AAATGAGAAGAAGAGGCACAGGG,AGAGGACAAGAAGAGGCAGAGGT,0,sg9
AATGACCACTACATCCTCAAGGG,ACTTGGCACAACATCCTCAAGGT,0,sg5
GGGTGGGGGGAGTTTGCTCCTGG,GGGTGGGGGGCGCTTGCTCTGCT,0,sg8
GGTCCTGCCGCTGCTTGTCATGG,GGTCCTGCCGCGGTCTGTCGGGG,0,sg4
AAATGAGAAGAAGAGGCACAGGG,AATGGAGAAATTGAGGCACAGGA,0,sg9
ATGAACACCAGTGAGTAGAGCGG,ATGAACACCGGAGAGAATGGCTG,0,sg6
CTTGCCCCACAGGGCAGTAACGG,CTTCTCACCCAGGGCAGTAAAGT,0,sg3
AACACCAGTGAGTAGAGCGGAGG,AACAAAAGTGAGTAGTGAGAAAG,0,sg1
AAATGAGAAGAAGAGGCACAGGG,AAATGAGAAAAAAAAGCAATAGG,0,sg9
AAATGAGAAGAAGAGGCACAGGG,ACAGGGGAGGAAGAGGCATGGGG,0,sg9
CCTGCCTCCGCTCTACTCACTGG,TTGGACTCGACTCTACTCACTGG,0,sg7
GGGTGGGGGGAGTTTGCTCCTGG,GGGTGGGGGGAGGGTCCGACTTG,0,sg8
CCTGCCTCCGCTCTACTCACTGG,CCTGCCTCCCCTCAGCTCCCTTG,0,sg7
CCTGCCTCCGCTCTACTCACTGG,CCAGCCACCGCTCTACTCTCTGC,0,sg7
AAATGAGAAGAAGAGGCACAGGG,AAATAATGAGAGGAGGCACAGAA,0,sg9
GGGTGGGGGGAGTTTGCTCCTGG,CCCGGGGGGAAGCTTGCTCCAGG,1,sg8
CCAGTGAGTAGAGCGGAGGCAGG,AGTGGGGGTAGAGCGGAGGCTGG,0,sg2
AAATGAGAAGAAGAGGCACAGGG,AAATGAGAATAGGAGACACGCAG,0,sg9
TGACATCAATTATTATACATCGG,TCACATCAATTACAATGCATAGC,0,sg10
GAATCCTAAAAACTCTGCTTCGG,AAACCCTAAAAACTCTGCCAAAG,0,sg12
GGGTGGGGGGAGTTTGCTCCTGG,GACTGGCAGGATTTTGCTCCTGT,0,sg8
CCTGCCTCCGCTCTACTCACTGG,CCTGGATACATTCTACTCACTGT,0,sg7
AAATGAGAAGAAGAGGCACAGGG,AAGGAGGAAGAAGAGGAAAAGGG,0,sg9
GGGTGGGGGGAGTTTGCTCCTGG,GGGTGGGGGAGGGGTGTTCCGGG,0,sg8
GACACCGAAGCAGAGTTTTTAGG,GAAACTGAAGCAGAGTTTTCCAA,0,sg11
AATGACCACTACATCCTCAAGGG,AATAACCACTACATCTTCTATTC,0,sg5
AAATGAGAAGAAGAGGCACAGGG,AGAAGTGAAGAAGAGGCTGAGGC,0,sg9
GACACCGAAGCAGAGTTTTTAGG,GTCACAGAAGTAGAGTTTTTAGA,0,sg11
AAATGAGAAGAAGAGGCACAGGG,TCATGAGAAGAAAATGCCCAGGG,0,sg9
GAATCCTAAAAACTCTGCTTCGG,AAACCCTGAAACCTCTGCTTCTT,0,sg12
CTTGCCCCACAGGGCAGTAACGG,CCAGCCCCACAGGGCAAGAGGGG,0,sg3
GACACCGAAGCAGAGTTTTTAGG,GACACCGAAGAACATTTACTAGC,0,sg11
AATGACCACTACATCCTCAAGGG,CCTGCCCACCACATCCTCAAGCA,0,sg5
GACACCGAAGCAGAGTTTTTAGG,GAGACCCATGCAGAGTTTCCAGG,0,sg11
TGACATCAATTATTATACATCGG,TCATAGCAATTATTATACCTAGA,0,sg10
CCTGCCTCCGCTCTACTCACTGG,ACTTACTACTCACTACTCACTGG,0,sg7
GACACCGAAGCAGAGTTTTTAGG,GAGATAGTGGCAGAGTTTCTAGG,0,sg11
GAATCCTAAAAACTCTGCTTCGG,TGTTTTTCAAAACTCTGCTTCGG,0,sg12
ATGAACACCAGTGAGTAGAGCGG,ATGAACACCAGTGAAAAAATCCT,0,sg6
CCTGCCTCCGCTCTACTCACTGG,CCAGCCTCCACCCTACTCACTCG,0,sg7
GGGTGGGGGGAGTTTGCTCCTGG,GAATTAGTGGAGTTTGCTCCTGC,0,sg8
CCAGTGAGTAGAGCGGAGGCAGG,CTAGTGAGTAGAGTTGAAGAAGT,0,sg2
AAATGAGAAGAAGAGGCACAGGG,AAATGAGAAAAAGAAGGACAAAC,0,sg9
AAATGAGAAGAAGAGGCACAGGG,AAGTGACTTGAAGAGGCAGAGGC,0,sg9
GGGTGGGGGGAGTTTGCTCCTGG,GGATGGGGGGAGGATGGTCATGT,0,sg8
TGACATCAATTATTATACATCGG,TTACATCCACTATTATACATCAT,0,sg10
TGACATCAATTATTATACATCGG,TGCTTTCTATTATTATACATTAG,0,sg10
GGGTGGGGGGAGTTTGCTCCTGG,GGTGGGGGCGATTCTGCTCCAGG,0,sg8
AAATGAGAAGAAGAGGCACAGGG,AAATGAGAAGAAAAAAAACAGGA,0,sg9
GGGTGGGGGGAGTTTGCTCCTGG,GGGTGATGGGAGTTTGCTTATTT,0,sg8
CTTGCCCCACAGGGCAGTAACGG,TTTGCCCCACAGGGCACAAGCTT,0,sg3
GAATCCTAAAAACTCTGCTTCGG,AATTCCCAGAAGCTCTGCTTCAG,0,sg12
GGGTGGGGGGAGTTTGCTCCTGG,GGGTGGGGGGGTCTGGGACCTGG,0,sg8
GAATCCTAAAAACTCTGCTTCGG,GAATCCTAAGAGCTATGAATCTG,0,sg12
GACACCGAAGCAGAGTTTTTAGG,GAAACAGAAGCAGAGATTCGAGC,0,sg11
AAATGAGAAGAAGAGGCACAGGG,TTATGAAAAACAGAGGCACAGTG,0,sg9
GGGTGGGGGGAGTTTGCTCCTGG,GTGGGGGGGGAGTTTCTTTCTTG,0,sg8
AAATGAGAAGAAGAGGCACAGGG,AAATGAGAAAAAGGTGTTCAGGT,0,sg9
GGTCCTGCCGCTGCTTGTCATGG,GGTCTCTCAGCCGCTTGTCATGG,0,sg4
CCAGTGAGTAGAGCGGAGGCAGG,CCAGTGAGTAGAGGCCAGAGAGG,0,sg2
AAATGAGAAGAAGAGGCACAGGG,AAATGAGAAGCAGCAAAACATGG,0,sg9
TGACATCAATTATTATACATCGG,CAACTTTTATTATTATACATAGG,0,sg10
GAATCCTAAAAACTCTGCTTCGG,GAGTCCTAAAAATGCTTCTTTGG,0,sg12
GAATCCTAAAAACTCTGCTTCGG,GAATCCTAACAACTCTTCAGCAA,0,sg12
GACACCGAAGCAGAGTTTTTAGG,GAGACAGAAGCAGAGATTGGAGT,0,sg11
GGGTGGGGGGAGTTTGCTCCTGG,GGGTGGTGGTGTTTTGTTCCTTG,0,sg8
AAATGAGAAGAAGAGGCACAGGG,AGATGAAGAGATGAGGCACAGAG,0,sg9
CCAGTGAGTAGAGCGGAGGCAGG,CCAGTGAGTGGAGCACTGGCACT,0,sg2
AAATGAGAAGAAGAGGCACAGGG,AAATGAGAAAAACATGGACAGGT,0,sg9
AAATGAGAAGAAGAGGCACAGGG,AAATGAGAAAAATAGCCAAAAGG,0,sg9
ATGAACACCAGTGAGTAGAGCGG,ATAAACACCAGTGGGTTGTGAAG,0,sg6
AAATGAGAAGAAGAGGCACAGGG,AGGTGGGAAGAAGAGGGACAAGC,0,sg9
AATGACCACTACATCCTCAAGGG,AGTGATCACTACATCCTCAGTGC,0,sg5
GAATCCTAAAAACTCTGCTTCGG,GAATCCTAAACACTTGGTTTCTA,0,sg12
CTTGCCCCACAGGGCAGTAACGG,CATCCCTCACATGGCAGTAACCA,0,sg3
AAATGAGAAGAAGAGGCACAGGG,AAATGAGAATGAGAGAAACAGAA,0,sg9
AATGACCACTACATCCTCAAGGG,ACTTTCTTTTACATCCTCAAGGG,0,sg5
AATGACCACTACATCCTCAAGGG,AGTCACTACTTTATCCTCAAGAG,0,sg5
GAATCCTAAAAACTCTGCTTCGG,GAGTCCTAAAAATTCTACTTCTG,0,sg12
GGGTGGGGGGAGTTTGCTCCTGG,GGGTGGGGGGCCTAGGTTCCAGG,0,sg8
GGGTGGGGGGAGTTTGCTCCTGG,GGGTGGGGTGGGGGAGCTCATGG,0,sg8
GACACCGAAGCAGAGTTTTTAGG,GACAGCCAAGCAGAGTTTCTGTC,0,sg11
CCTGCCTCCGCTCTACTCACTGG,GCAACCTCTGCTCTACTCTCTGC,0,sg7
GAATCCTAAAAACTCTGCTTCGG,GAACAACAAAAACTCTGCTTTGG,0,sg12
AAATGAGAAGAAGAGGCACAGGG,AATTGAAAAGAAGAGGCAAGGTG,0,sg9
CCAGTGAGTAGAGCGGAGGCAGG,CCAGTGAGTAAAGCTGGGCTGGG,0,sg2
AATGACCACTACATCCTCAAGGG,ACTTTCCACTACATCCCAAAGAG,0,sg5
CCTGCCTCCGCTCTACTCACTGG,TCTGTCTCCTCCCTACTCACTAT,0,sg7
AAATGAGAAGAAGAGGCACAGGG,AAAGGATATGAAGAGGCAACAGG,0,sg9
GGGTGGGGGGAGTTTGCTCCTGG,GACTGCATGGAGTTTGCTCCTGC,0,sg8
TGACATCAATTATTATACATCGG,CGAATTCAATTATTACATATGGG,0,sg10
TGACATCAATTATTATACATCGG,TAACAGTAATTATTATACATATA,0,sg10
AACACCAGTGAGTAGAGCGGAGG,GAGACGAGAGAGTAGAGCAGAGC,0,sg1
AAATGAGAAGAAGAGGCACAGGG,AAATGAGAAGATGAGGAGAAGGG,0,sg9
CTTGCCCCACAGGGCAGTAACGG,CTCTCCCCACAGGGCAGCTACTG,0,sg3
GACACCGAAGCAGAGTTTTTAGG,GAGAACACAGCAGAGTTTTAAAG,0,sg11
CTTGCCCCACAGGGCAGTAACGG,GGTGCCCCACAGGCCAGGAAGGC,0,sg3
CCTGCCTCCGCTCTACTCACTGG,CCTGCCTCCGCTCAGAGCTCTGC,0,sg7
AAATGAGAAGAAGAGGCACAGGG,AATGGAGAAACTGAGGCACAGCG,0,sg9
CTTGCCCCACAGGGCAGTAACGG,CTGGCCCCACAGAGAAGTAAGAG,0,sg3
CTTGCCCCACAGGGCAGTAACGG,CTTGGACCACAGGGCAGTAAAAA,0,sg3
AAATGAGAAGAAGAGGCACAGGG,GAAGAAGAGGAAGAGGCACCAGG,0,sg9
CCTGCCTCCGCTCTACTCACTGG,CCTCCCTCTGCTCCAGCCACAGG,0,sg7
AATGACCACTACATCCTCAAGGG,AATGACCACTATTTTAGCAGGGG,0,sg5
AACACCAGTGAGTAGAGCGGAGG,AACACCAGTGTGCACAGTTGAAG,0,sg1
CTTGCCCCACAGGGCAGTAACGG,TTTGTTCCCCAGGGCAGTAACAG,0,sg3
CCAGTGAGTAGAGCGGAGGCAGG,CCAGTGAGTATTGCTGAGACAAG,0,sg2
AATGACCACTACATCCTCAAGGG,AAAGGCTACTACATCCTCAGTGA,0,sg5
GAATCCTAAAAACTCTGCTTCGG,GCTTTCCAAAAACTCTGCTTCAG,0,sg12
AAATGAGAAGAAGAGGCACAGGG,AAAAGTTAAGAAGAGGCAGGGTG,0,sg9
AAATGAGAAGAAGAGGCACAGGG,GAATGAGAAGAAGTCACAAAGTG,0,sg9
AAATGAGAAGAAGAGGCACAGGG,TTATGAGAAGAAGAAGGACATGC,0,sg9
GAATCCTAAAAACTCTGCTTCGG,GTTTCTTAAAAACTCAGCTTTGT,0,sg12
CTTGCCCCACAGGGCAGTAACGG,CATGCCCCACAGGGCTCAAAGGA,0,sg3
CTTGCCCCACAGGGCAGTAACGG,CTTGCCCCAAAGGTCTGCAAGTG,0,sg3
GAATCCTAAAAACTCTGCTTCGG,GAATCCTAAAACCCCATCATAGG,0,sg12
CCTGCCTCCGCTCTACTCACTGG,CCTGCCTCCGCCTGCCTCCCTGC,0,sg7
AAATGAGAAGAAGAGGCACAGGG,GAAGAAGAAGAAGAGGCAGAAGC,0,sg9
GAATCCTAAAAACTCTGCTTCGG,CAATTCTTAAAACTCTGCTTCCC,0,sg12
AAATGAGAAGAAGAGGCACAGGG,AAATGAGAAACAGAGGCCCCCAG,0,sg9
GGGTGGGGGGAGTTTGCTCCTGG,GGGTGGGGGGAGAGGGGGCCTGG,0,sg8
GAATCCTAAAAACTCTGCTTCGG,AAATGCTAAAAACTCTACTTCTA,0,sg12
AAATGAGAAGAAGAGGCACAGGG,AAATGAGAATAATGGGCAACTGG,0,sg9
AAATGAGAAGAAGAGGCACAGGG,AGGTGAGGGGAAGAGGCACCAGG,0,sg9
CCAGTGAGTAGAGCGGAGGCAGG,TCAGTGAGTAGAGTGGAGTTAAC,0,sg2
TGACATCAATTATTATACATCGG,TCACATCAATTATGATCTACAGG,0,sg10
GGTCCTGCCGCTGCTTGTCATGG,TGTACAGCCGCTGCTCGTCAGGA,0,sg4
CCTGCCTCCGCTCTACTCACTGG,CCAGGCTCCCAGCTACTCACTGC,0,sg7
GGGTGGGGGGAGTTTGCTCCTGG,GGGTGGGGGGTGGCTGGTCCCAG,0,sg8
AAATGAGAAGAAGAGGCACAGGG,GAATGAGAAGAACAGGGAAAGAT,0,sg9
AAATGAGAAGAAGAGGCACAGGG,ACATGGGAGTTAGAGGCACAGAG,0,sg9
TGACATCAATTATTATACATCGG,TGACATCAATGCCTAAACATTTG,0,sg10
GGTCCTGCCGCTGCTTGTCATGG,GGTCCTGCCGCTCTCTGTGAGAG,0,sg4
CTTGCCCCACAGGGCAGTAACGG,CTTGCCCCACATGGCTCTCAGGT,0,sg3
GAATCCTAAAAACTCTGCTTCGG,TAATTCTAAAAACTCAGCTTTTT,0,sg12
CCTGCCTCCGCTCTACTCACTGG,CCTGCCTCCTCTCCCCTCAGGGA,0,sg7
AACACCAGTGAGTAGAGCGGAGG,AGAGCCACAGAGTAGAGCAGAGG,0,sg1
AAATGAGAAGAAGAGGCACAGGG,CAATGAGAAGAATATGTCCAGGG,0,sg9
AAATGAGAAGAAGAGGCACAGGG,ATCTGTGAAGAAGAGGGGCAGGA,0,sg9
CCTGCCTCCGCTCTACTCACTGG,CCTGCCTCCCCTCTTTTCTCTCA,0,sg7
AAATGAGAAGAAGAGGCACAGGG,CCTTGAGAAGAAGAGCCAGAGGT,0,sg9
GGGTGGGGGGAGTTTGCTCCTGG,GGGTGGGGGTGACTTGGACCTGG,0,sg8
GAATCCTAAAAACTCTGCTTCGG,GAATTCCATTACCTCTGCTTCAG,0,sg12
GAATCCTAAAAACTCTGCTTCGG,GAATCCTAAGACCTATGGCTTGG,0,sg12
AAATGAGAAGAAGAGGCACAGGG,AGATTAGGAAATGAGGCACAGAG,0,sg9
ATGAACACCAGTGAGTAGAGCGG,CAGAATAACAGTGAGTAGAGGTG,0,sg6
AAATGAGAAGAAGAGGCACAGGG,AGGAAAGAAGAAGAGAGACAGGG,0,sg9
GACACCGAAGCAGAGTTTTTAGG,GAAAGGAAAGCAGAGTTTTCAGT,0,sg11
CCAGTGAGTAGAGCGGAGGCAGG,CTGGTGTGGAGAGCGGAGGCTGG,0,sg2
AAATGAGAAGAAGAGGCACAGGG,AAATGAGAAACTGAGGCTCAGAG,0,sg9
CTTGCCCCACAGGGCAGTAACGG,CTTGCCCCAAAGCAAAGCAACAG,0,sg3
AAATGAGAAGAAGAGGCACAGGG,AAGATGGAAGAAGAGACAGAGGG,0,sg9
AAATGAGAAGAAGAGGCACAGGG,AAGGAGGAAGAAGAGGCACCGGC,0,sg9
GGGTGGGGGGAGTTTGCTCCTGG,GGGTGGGGGGAGGTGGCGAGTGA,0,sg8
ATGAACACCAGTGAGTAGAGCGG,ACTATCACCTGTGAGTAGAGCTT,0,sg6
GACACCGAAGCAGAGTTTTTAGG,GAAGCAGAAGCAGAGTTTATTGA,0,sg11
CCAGTGAGTAGAGCGGAGGCAGG,CCAGTGAGTGTAGCAGAGGTCTG,0,sg2
CCAGTGAGTAGAGCGGAGGCAGG,TCAGTGAGTAGAGGGGTGACTGA,0,sg2
AAATGAGAAGAAGAGGCACAGGG,AAGAGAGAAGAAGAGATACAGAG,0,sg9
AAATGAGAAGAAGAGGCACAGGG,TACTCAGAAAGGGAGGCACAGGG,0,sg9
AAATGAGAAGAAGAGGCACAGGG,GAATGGAAAGCCGAGGCACAGAG,0,sg9
AAATGAGAAGAAGAGGCACAGGG,AAATGAGAAGAAGCGCCTCGGCC,0,sg9
GGGTGGGGGGAGTTTGCTCCTGG,GGGTGGGGGCAGATCCCTCATGA,0,sg8
GGTCCTGCCGCTGCTTGTCATGG,GGATCGGCCGCTGCTTTTCAAGA,0,sg4
CCTGCCTCCGCTCTACTCACTGG,CCTGCCTCCCCTCTCCCCAGGGT,0,sg7
AAATGAGAAGAAGAGGCACAGGG,CCAGGGGAAGAAGAGCCACAAGG,0,sg9
AATGACCACTACATCCTCAAGGG,ACTCACCATTACATCCTCAGGGC,0,sg5
AAATGAGAAGAAGAGGCACAGGG,CAATGAGAAGAAGATTGAGATGG,0,sg9
AAATGAGAAGAAGAGGCACAGGG,ACATTGGAAGAAGAGGTGCTGGG,0,sg9
GACACCGAAGCAGAGTTTTTAGG,GTCAGAGAAGCAGAGTCTTCAGG,0,sg11
AAATGAGAAGAAGAGGCACAGGG,AAATGAGAAGGAGTGGCATCAGG,0,sg9
AAATGAGAAGAAGAGGCACAGGG,AAATGAGAAGAAAGGAAAAAGGT,0,sg9
TGACATCAATTATTATACATCGG,TGACATCAATTAATTGAACTCTG,0,sg10
AAATGAGAAGAAGAGGCACAGGG,AAAAAAAAAAAAGAGGCACAGTG,0,sg9
CTTGCCCCACAGGGCAGTAACGG,CTTGGCCCTCAGGGCAGTCTGGC,0,sg3
AAATGAGAAGAAGAGGCACAGGG,AAGTAGGCTGAAGAGGCACAAGG,0,sg9
CTTGCCCCACAGGGCAGTAACGG,CCTACCTCACAGGGCAGTTCAGG,0,sg3
AACACCAGTGAGTAGAGCGGAGG,AACACCAGTCAGTACCTCACAGG,0,sg1
GGGTGGGGGGAGTTTGCTCCTGG,GGGTGGGGGGTGTGTACACAGGG,0,sg8
CTTGCCCCACAGGGCAGTAACGG,CTTGCCCCAGAGCGCACTCTCTG,0,sg3
CCTGCCTCCGCTCTACTCACTGG,CCTGCCTCCGCTCGCCGGCGTGG,0,sg7
GGTCCTGCCGCTGCTTGTCATGG,GGTCCTGCCGCGGCTGGCCTTAC,0,sg4
GAATCCTAAAAACTCTGCTTCGG,CTCTCCTAAAAATTCTGCTTGGA,0,sg12
AAATGAGAAGAAGAGGCACAGGG,CCATGGGAAGAAGAGAAGCAGGG,0,sg9
AATGACCACTACATCCTCAAGGG,AATGATAACTTCATCCTCAAGCA,0,sg5
GACACCGAAGCAGAGTTTTTAGG,GCCACAGAAGCAGAGATTGGAGA,0,sg11
CCTGCCTCCGCTCTACTCACTGG,CCTGCCTCCGCCCCTCCCTCTAG,0,sg7
GAATCCTAAAAACTCTGCTTCGG,GAAAACTAAAAACTCTGATTTTA,0,sg12
GAATCCTAAAAACTCTGCTTCGG,TGATCCTACAAACTCTGCTTTGA,0,sg12
TGACATCAATTATTATACATCGG,TACCAACAATTATTAAACACCTG,0,sg10
AAATGAGAAGAAGAGGCACAGGG,TAAAGAGATGAAGAGGCAAAGAT,0,sg9
AAATGAGAAGAAGAGGCACAGGG,AAATAAGAAACTGAGGCACAGAG,0,sg9
GAATCCTAAAAACTCTGCTTCGG,AACTCCTAAAAATTCTGTTCCAG,0,sg12
AAATGAGAAGAAGAGGCACAGGG,GAGAGAGAAGAAGAGAGACAGAG,0,sg9
GAATCCTAAAAACTCTGCTTCGG,TAATCCTGCCACCTCTGCTTCAG,0,sg12
TGACATCAATTATTATACATCGG,TGAACTCAATTATTAGAAATTTG,0,sg10
GGTCCTGCCGCTGCTTGTCATGG,GGTCCTGCCACCCCTTCTCATCA,0,sg4
GGGTGGGGGGAGTTTGCTCCTGG,TTGTGGCCTGAGTTTGCTCCTGG,0,sg8
GGGTGGGGGGAGTTTGCTCCTGG,GGGTGGGGGGAGTTCTGTGCAGG,0,sg8
AAATGAGAAGAAGAGGCACAGGG,AAACACCTAGAAGAGGCATAGGG,0,sg9
AAATGAGAAGAAGAGGCACAGGG,AAATGAGAAAATGTGGCATTTGG,0,sg9
CTTGCCCCACAGGGCAGTAACGG,TGTGCCCCACAGGGCATAACTGG,0,sg3
AAATGAGAAGAAGAGGCACAGGG,AAATGAGAATGCGAGAGACAGGG,0,sg9
AAATGAGAAGAAGAGGCACAGGG,AAACTGGAAGAAGAGGCCAAGGG,0,sg9
ATGAACACCAGTGAGTAGAGCGG,ATGAAAACCAGTGAGAACACAGA,0,sg6
AAATGAGAAGAAGAGGCACAGGG,AAAGGAGAAGAAGAGGGACCCAG,0,sg9
GGGTGGGGGGAGTTTGCTCCTGG,GGTGAAGGGGAGTTTATTCCTGG,0,sg8
AACACCAGTGAGTAGAGCGGAGG,TAAAACAGTGAGTAGAGAAGTGG,0,sg1
AAATGAGAAGAAGAGGCACAGGG,AAAAAAGAAGAAGAGGGAAAAGG,0,sg9
TGACATCAATTATTATACATCGG,TAACACCAACAATTATACATCGT,0,sg10
AAATGAGAAGAAGAGGCACAGGG,CTATGAAAAGAAGAGGCAGAAGC,0,sg9
AACACCAGTGAGTAGAGCGGAGG,AGCACCAGTGAGCTTAGCACAGG,0,sg1
AAATGAGAAGAAGAGGCACAGGG,CAATGAAAAAAGGAGGCACAGAA,0,sg9
AACACCAGTGAGTAGAGCGGAGG,AGAAGCAGAGAGTAGAGCAGTGG,0,sg1
CCTGCCTCCGCTCTACTCACTGG,CCTGCCTCCCCTTTCATAGCTGG,0,sg7
AAATGAGAAGAAGAGGCACAGGG,AATTGAGAAGAAAAGGTACACCA,0,sg9
GGGTGGGGGGAGTTTGCTCCTGG,GGGTGGGGGGAGTGTGGAACCAG,0,sg8
AAATGAGAAGAAGAGGCACAGGG,AGAGTAGAAACTGAGGCACAGGG,0,sg9
GGGTGGGGGGAGTTTGCTCCTGG,GGGTGGGGGGAGTTGGTTCTCAA,0,sg8
AATGACCACTACATCCTCAAGGG,TATGGACACTACATCATCTAGGG,0,sg5
AAATGAGAAGAAGAGGCACAGGG,AAATGAGAAGCTGAGGCACAGAG,0,sg9
AAATGAGAAGAAGAGGCACAGGG,AAATGAGGAACTGAGGCACAGAG,0,sg9
AAATGAGAAGAAGAGGCACAGGG,AAGTGAGAAGAAGAGTCAGAAGA,0,sg9
AAATGAGAAGAAGAGGCACAGGG,AGAGAAGGAGAAGAGGCACAGGA,0,sg9
AAATGAGAAGAAGAGGCACAGGG,AAATGAGAAGAGTGGGCTAAGAG,0,sg9
GAATCCTAAAAACTCTGCTTCGG,TAATCCTAAAAACTACTCTTCAG,0,sg12
GACACCGAAGCAGAGTTTTTAGG,GAAACCGAAGCAAAATGTTTAAA,0,sg11
CTTGCCCCACAGGGCAGTAACGG,CTTGCCCCAGCGGGTTCTAACAG,0,sg3
GGTCCTGCCGCTGCTTGTCATGG,GGTCCTGCCCTTAGTTGTCCTTG,0,sg4
AAATGAGAAGAAGAGGCACAGGG,AAATGAGAAAAAGAGATGAAGAG,0,sg9
AAATGAGAAGAAGAGGCACAGGG,ATAGGAGAGGCTGAGGCACAGGC,0,sg9
AAATGAGAAGAAGAGGCACAGGG,AAATGAGAAAAATACGCTGATGG,0,sg9
GGGTGGGGGGAGTTTGCTCCTGG,GGGTTGGGGGAGTTTGCTGCCTT,0,sg8
CTTGCCCCACAGGGCAGTAACGG,CTGCAGCCACAGGGCAGGAGCGG,0,sg3
AAATGAGAAGAAGAGGCACAGGG,AAATGAGAAGGAGAAATAGAGGA,0,sg9
ATGAACACCAGTGAGTAGAGCGG,CTTGTCACCAGTGAGTGGAGAGG,0,sg6
GGGTGGGGGGAGTTTGCTCCTGG,CGCGGCGGAGCGTTTGCTCCTGG,0,sg8
GACACCGAAGCAGAGTTTTTAGG,CATTACGAAGATGAGTTTTTAGG,0,sg11
GGGTGGGGGGAGTTTGCTCCTGG,GTGACAGAGGAGTTTGCTCCTTG,0,sg8
AAATGAGAAGAAGAGGCACAGGG,GAGAGAGAAGGGGAGGCACAGTG,0,sg9
GAATCCTAAAAACTCTGCTTCGG,GTGTCCTTTAAACTCTGCCTCGT,0,sg12
AAATGAGAAGAAGAGGCACAGGG,ATATGGGAAGAAGAGGAGAAAGG,0,sg9
TGACATCAATTATTATACATCGG,TAACATCAATTAGGACACACAGG,0,sg10
AAATGAGAAGAAGAGGCACAGGG,AGAGGCTAAGAAGAGGCAAAGGA,0,sg9
CTTGCCCCACAGGGCAGTAACGG,CTTGCCCCAGACTGCAGGACTGG,0,sg3
AATGACCACTACATCCTCAAGGG,AATGACCACTACTCCCTCCCTGC,0,sg5
GGTCCTGCCGCTGCTTGTCATGG,GGCCCTGCCGCTTCTTGTCTGCA,0,sg4
CTTGCCCCACAGGGCAGTAACGG,CCAGCACCACAGGGCATTTAAGG,0,sg3
CCTGCCTCCGCTCTACTCACTGG,CCTGCCTCCCATCTATTCACAGT,0,sg7
AAATGAGAAGAAGAGGCACAGGG,AAATGAGAAAAATTGGCATAGAG,0,sg9
GACACCGAAGCAGAGTTTTTAGG,AACATGGAAGCAGAGTTTTGATT,0,sg11
GACACCGAAGCAGAGTTTTTAGG,TACACAGAAGCAGAGTTTTGTCT,0,sg11
AAATGAGAAGAAGAGGCACAGGG,AAATGAGAAGAGTGGGAAATGGG,0,sg9
AATGACCACTACATCCTCAAGGG,TGTGAGCCCAGCATCCTCAAGGG,0,sg5
GGGTGGGGGGAGTTTGCTCCTGG,GTGTGCTGCTTGTTTGCTCCTGG,0,sg8
AATGACCACTACATCCTCAAGGG,CATGACCACTACATCTGCAGTGC,0,sg5
TGACATCAATTATTATACATCGG,TGTCCTCATTTATTATACAATGT,0,sg10
GGGTGGGGGGAGTTTGCTCCTGG,GGTGGGGGGGAGTTTAATCATTG,0,sg8
CTTGCCCCACAGGGCAGTAACGG,CTTCCTCCACAGGGCAAATATGG,0,sg3
AACACCAGTGAGTAGAGCGGAGG,AACACCAGTGGGGTGGCTGGAGG,0,sg1
GGTCCTGCCGCTGCTTGTCATGG,GGTCCTGCCTGTGCCGGTGGTGG,0,sg4
GGGTGGGGGGAGTTTGCTCCTGG,GGGTGGGGGCAGTGTGTTCTAAG,0,sg8
GAATCCTAAAAACTCTGCTTCGG,ATTTCCTTAAAACTCTGCATCTG,0,sg12
CTTGCCCCACAGGGCAGTAACGG,CCTGCCCCACAGGGCAGGGACCC,0,sg3
AAATGAGAAGAAGAGGCACAGGG,AAATGAGAATAGGGTTCAAAGGG,0,sg9
AAATGAGAAGAAGAGGCACAGGG,AAATGAGAAGAGGAGTGGCAGGC,0,sg9
AAATGAGAAGAAGAGGCACAGGG,ACATCAAAAGAAGAGGCACATGT,0,sg9
GACACCGAAGCAGAGTTTTTAGG,GAGATCAGAGCAGAGTTTTAAGG,0,sg11
CTTGCCCCACAGGGCAGTAACGG,GTTCCCCCACAGGGCGGTTAGAG,0,sg3
TGACATCAATTATTATACATCGG,AGACATCAATTATAATACAAAAA,0,sg10
AAATGAGAAGAAGAGGCACAGGG,AGAAGAGAAGAAGAGGGAAAGGA,0,sg9
AAATGAGAAGAAGAGGCACAGGG,AAACGAGAAGAAGAGGGAGGGAG,0,sg9
GGGTGGGGGGAGTTTGCTCCTGG,GGGTGGGGGGCTCTTGCTCCGAT,0,sg8
GGTCCTGCCGCTGCTTGTCATGG,GGTCCTGCCACTCGCTGTCAGAG,0,sg4
AAATGAGAAGAAGAGGCACAGGG,AGTTGAGTAGAAGAGGCAGAAGA,0,sg9
CCTGCCTCCGCTCTACTCACTGG,TCCCCCGCCTCTCTACTCACTGG,0,sg7
CCAGTGAGTAGAGCGGAGGCAGG,CAGGTGAGTAGAGAGCATGCAGA,0,sg2
AAATGAGAAGAAGAGGCACAGGG,ACATGAGAAGAACAGGTGGAAGG,0,sg9
TGACATCAATTATTATACATCGG,GGACATCATTTATTATACGTGTC,0,sg10
AAATGAGAAGAAGAGGCACAGGG,AAACAAAAAGAAGAGGCACAATC,0,sg9
AAATGAGAAGAAGAGGCACAGGG,AAGAAGGAAGAAGAGGCAGAGGA,0,sg9
AAATGAGAAGAAGAGGCACAGGG,AAATGAGAAAATTAGGCACGGTG,0,sg9
AAATGAGAAGAAGAGGCACAGGG,AAATGAGAAACACAGGGAAAGGA,0,sg9
GAATCCTAAAAACTCTGCTTCGG,GGATCCTAAAAACATTGCTGAGA,0,sg12
GGGTGGGGGGAGTTTGCTCCTGG,AAGCAGGGCGGGTTTGCTCCTGG,0,sg8
GGGTGGGGGGAGTTTGCTCCTGG,GCATGGGGGGAGATTCCACCAGG,0,sg8
GACACCGAAGCAGAGTTTTTAGG,GAGATGAAAGCAGAGTTTTTACA,0,sg11
CCTGCCTCCGCTCTACTCACTGG,CCTCCCTATACTCTACTCACTGC,0,sg7
AAATGAGAAGAAGAGGCACAGGG,CCATGAGAAGAAAAGGGAGAGGA,0,sg9
AAATGAGAAGAAGAGGCACAGGG,AAATCAGAAGAAGAGGCTCACTT,0,sg9
GGGTGGGGGGAGTTTGCTCCTGG,GGGTGGGGGGACTGGGCTGGGGG,0,sg8
GGTCCTGCCGCTGCTTGTCATGG,GAAGCTGATGCTGCTTGTCCTGG,0,sg4
TGACATCAATTATTATACATCGG,CTAATTCAATTATTATACATTGA,0,sg10
AAATGAGAAGAAGAGGCACAGGG,AAATGAGAATAAGAGCTATAGGG,0,sg9
AATGACCACTACATCCTCAAGGG,AATGACCACTATCTCCACTACTG,0,sg5
AATGACCACTACATCCTCAAGGG,AGTGACCACTACATTAGTCAGGG,0,sg5
GGGTGGGGGGAGTTTGCTCCTGG,GGGTGGGGGGCCTTGTCTGCTGG,0,sg8
AACACCAGTGAGTAGAGCGGAGG,AACACCAGTGGTCAGATCTGAGA,0,sg1
AATGACCACTACATCCTCAAGGG,AAACAACACTACATCCTCAGGTT,0,sg5
TGACATCAATTATTATACATCGG,TGACATCAATTATTAACTTGCAG,0,sg10
GACACCGAAGCAGAGTTTTTAGG,ACCCACGAAGCAGAGGTTTTAGT,0,sg11
ATGAACACCAGTGAGTAGAGCGG,ATGAACACCACTTAAAAGAGAGT,0,sg6
AACACCAGTGAGTAGAGCGGAGG,AACACCAGTAAGTAAAGGCGAGT,0,sg1
AACACCAGTGAGTAGAGCGGAGG,AACACCAGTGAGAAAAGCTAAAA,0,sg1
GGGTGGGGGGAGTTTGCTCCTGG,GGGCGGGGGGTGGGGGCTCCTGG,0,sg8
TGACATCAATTATTATACATCGG,TGACATCAATTCTAACACACATG,0,sg10
TGACATCAATTATTATACATCGG,TGACATCAATGCTTGTAATTAGG,0,sg10
TGACATCAATTATTATACATCGG,TGACATCAATGATTAAAATTGGA,0,sg10
AATGACCACTACATCCTCAAGGG,ACTTAGCACGGCATCCTCAAGGT,0,sg5
AAATGAGAAGAAGAGGCACAGGG,ACATGAGAAGAATAGACACTAGC,0,sg9
GGGTGGGGGGAGTTTGCTCCTGG,GGGTGGGGGAAGGTTGAGCAGGG,0,sg8
TGACATCAATTATTATACATCGG,TGCTAGCACTTATTATACACTGG,0,sg10
AACACCAGTGAGTAGAGCGGAGG,AACACCAGTGGGTGTAGCTGGAG,0,sg1
TGACATCAATTATTATACATCGG,TAAAATCAATTATTAAACCTCTG,0,sg10
CCAGTGAGTAGAGCGGAGGCAGG,CAAGTTAGCTGTGCGGAGGCAAG,0,sg2
AAATGAGAAGAAGAGGCACAGGG,AAATGAGAACCAGAGCACCAGGT,0,sg9
CCTGCCTCCGCTCTACTCACTGG,CCTGCCTCCCACCCACTCCCTAG,0,sg7
CCTGCCTCCGCTCTACTCACTGG,TGCACCTCAGCTCTACTCTCTGG,0,sg7
GACACCGAAGCAGAGTTTTTAGG,GACCCCAGAGCAGAGTTTATGGG,0,sg11
GGGTGGGGGGAGTTTGCTCCTGG,GGGTGGGGGGAGGGCGCTGGTGG,0,sg8
TGACATCAATTATTATACATCGG,TTAAACCAATTATTATAGGTCAG,0,sg10
GGTCCTGCCGCTGCTTGTCATGG,GGTAGTCATGCAGCTTGTCATGG,0,sg4
CTTGCCCCACAGGGCAGTAACGG,CTTGCCCCATCAGGAAGAAAAGG,0,sg3
AAATGAGAAGAAGAGGCACAGGG,AAATGAGAAGAGAAGGCAGCTGC,0,sg9
TGACATCAATTATTATACATCGG,TTACATCCCTTTTTATACATCTG,0,sg10
AAATGAGAAGAAGAGGCACAGGG,AAAAGGGAAGAAGAGTTAAAGGA,0,sg9
AAATGAGAAGAAGAGGCACAGGG,TGATGAGAAGAAGAGGGAGGAGG,0,sg9
GACACCGAAGCAGAGTTTTTAGG,GATGTCAATGCAGAGTTTATAGG,0,sg11
AAATGAGAAGAAGAGGCACAGGG,AAATGAGAAGCAGAGGCTGGAGA,0,sg9
CTTGCCCCACAGGGCAGTAACGG,CTTGACCCACAGGGCTGGGTGGG,0,sg3
GGGTGGGGGGAGTTTGCTCCTGG,GGGTGGGGGCGGGTTCCTCCCGC,0,sg8
AAATGAGAAGAAGAGGCACAGGG,CAATATAAAGAGGAGGCACAGAG,0,sg9
AAATGAGAAGAAGAGGCACAGGG,AAATGAGAACTGAAGGCAGAGTG,0,sg9
ATGAACACCAGTGAGTAGAGCGG,ATAAATACCAGTGAGTGGAATAG,0,sg6
AATGACCACTACATCCTCAAGGG,AATGACCACCACATTTTCAAAGC,0,sg5
GGTCCTGCCGCTGCTTGTCATGG,GGTCCTGCCGTGGCATCTCATTT,0,sg4
GAATCCTAAAAACTCTGCTTCGG,GTATGTTAAAAACTCTGCTTGTC,0,sg12
AAATGAGAAGAAGAGGCACAGGG,AAAAGAGAAGAAGAGACACAATA,0,sg9
GGGTGGGGGGAGTTTGCTCCTGG,GGGTGGGGGCAGATTGCTAAATG,0,sg8
GAATCCTAAAAACTCTGCTTCGG,GAATCCTGCAAACTCTGCTTTTG,0,sg12
AACACCAGTGAGTAGAGCGGAGG,AGAAACAGTGAGTAGAGTGGGGA,0,sg1
AAATGAGAAGAAGAGGCACAGGG,AAAGGAGAAGAAGAGAGAATGGG,0,sg9
AACACCAGTGAGTAGAGCGGAGG,ATCAGGAGGGAGTAGAGCAGAGG,0,sg1
AATGACCACTACATCCTCAAGGG,AATAAACCTTACATCCTCTAAGG,0,sg5
AAATGAGAAGAAGAGGCACAGGG,AAATGAGAAGAATAATGAAAGGC,0,sg9
GGGTGGGGGGAGTTTGCTCCTGG,GGTGGGGGGAAGTCCCCTCCTGG,0,sg8
AAATGAGAAGAAGAGGCACAGGG,AAATGAGAAATAGGGGACCAAGG,0,sg9
AAATGAGAAGAAGAGGCACAGGG,AAATGTTCAGAAGAGGCAAACCG,0,sg9
GGTCCTGCCGCTGCTTGTCATGG,GGTCCTGCCACTTCTAGTCAAAT,0,sg4
TGACATCAATTATTATACATCGG,TAAAATCAATTATTATACAGGTG,0,sg10
AAATGAGAAGAAGAGGCACAGGG,AAATGAGAAGAAAACAGATACGG,0,sg9
GGGTGGGGGGAGTTTGCTCCTGG,GGGTGGGGGGGGTGAGCGCCTCC,0,sg8
AAATGAGAAGAAGAGGCACAGGG,AAATGAGAAGCTGAGGCTCCGAT,0,sg9
GGGTGGGGGGAGTTTGCTCCTGG,GGGTGGGGGGTGTCCTGTGCTGG,0,sg8
AAATGAGAAGAAGAGGCACAGGG,AAAGTGGAAGAAGAGGAAGAGGA,0,sg9
AAATGAGAAGAAGAGGCACAGGG,AAATGAGAAGAGAGGTAACAAGG,0,sg9
AAATGAGAAGAAGAGGCACAGGG,ACATAAGAAGAAGAGGATCAGTC,0,sg9
GAATCCTAAAAACTCTGCTTCGG,GAATCCTAAATACACTTATCCTG,0,sg12
AAATGAGAAGAAGAGGCACAGGG,TAAAGAGAAGAAGAGCTAGAGAG,0,sg9
AAATGAGAAGAAGAGGCACAGGG,ATCAGAGAAGAAGAGGCACACGT,0,sg9
AATGACCACTACATCCTCAAGGG,AATGAACACTACATCTCCAACCT,0,sg5
AAATGAGAAGAAGAGGCACAGGG,AGCAGAGAAGAAGAGGCAAGAGG,0,sg9
GAATCCTAAAAACTCTGCTTCGG,AAATCATAGATACTCTGCTTCCT,0,sg12
ATGAACACCAGTGAGTAGAGCGG,ATGAACACCAGAGTGCAGGGAGC,0,sg6
AAATGAGAAGAAGAGGCACAGGG,AAATGAGAAGAGGAGATGCACTG,0,sg9
ATGAACACCAGTGAGTAGAGCGG,CTGAACACCAGTGACTACACATG,0,sg6
AAATGAGAAGAAGAGGCACAGGG,GGAGGAGAAGAAGAGGGAGAAGG,0,sg9
CCAGTGAGTAGAGCGGAGGCAGG,GAAGTGAGTAGATGGGAGGAAAG,0,sg2
GACACCGAAGCAGAGTTTTTAGG,GCAACTGCGGCAGAGTTTTCAGG,0,sg11
CTTGCCCCACAGGGCAGTAACGG,CCTCCTCCACAGGGCAGCAGGGG,0,sg3
AAATGAGAAGAAGAGGCACAGGG,TATTGAGAAGAAGTTCCACTGGG,0,sg9
AATGACCACTACATCCTCAAGGG,AATGTTCTCTACATCCTCCCAGG,0,sg5
GAATCCTAAAAACTCTGCTTCGG,GAATCCTAAAACATCTTCTTTTG,0,sg12
GAATCCTAAAAACTCTGCTTCGG,GTCTCCTCACAACTCTGCTTCCC,0,sg12
AATGACCACTACATCCTCAAGGG,AATGACCACCTTATGCTTAAGGA,0,sg5
AAATGAGAAGAAGAGGCACAGGG,AAATGAGAAATAGAGGGATAAGG,0,sg9
GGGTGGGGGGAGTTTGCTCCTGG,GGGTGGGGGCGCTTTAAGCCTGG,0,sg8
CTTGCCCCACAGGGCAGTAACGG,CTTGCCCCAGGTGGCACTATAGG,0,sg3
GGGTGGGGGGAGTTTGCTCCTGG,GGAAGGAGGGAGTTTGCTTAAGG,0,sg8
GGGTGGGGGGAGTTTGCTCCTGG,GCCTGTAGGGAGTTTGCTGCTGA,0,sg8
GAATCCTAAAAACTCTGCTTCGG,GAATCCTAAAATCTCTTCATACA,0,sg12
AAATGAGAAGAAGAGGCACAGGG,AAATGAAGACCAGAGGCACAGAT,0,sg9
AAATGAGAAGAAGAGGCACAGGG,TAAGAAGAAGAGAAGGGACAGGG,0,sg9
GGGTGGGGGGAGTTTGCTCCTGG,GGGTGGGGGGTGATTGCAAATGG,0,sg8
GGGTGGGGGGAGTTTGCTCCTGG,GGGTGGGGGCCGGGTGCTGCTGG,0,sg8
AACACCAGTGAGTAGAGCGGAGG,AACACCAGTGGGAAGAGCAATAG,0,sg1
GGTCCTGCCGCTGCTTGTCATGG,GGTCCTGCCGCTGCTCCCCAGCC,0,sg4
CCTGCCTCCGCTCTACTCACTGG,CCTGCCTCCTCCCTAAGCACAAG,0,sg7
GGTCCTGCCGCTGCTTGTCATGG,GCTGGTGCCTTTGCTTGTCATTG,0,sg4
TGACATCAATTATTATACATCGG,TGACACCAATTATTATATTTTAA,0,sg10
AAATGAGAAGAAGAGGCACAGGG,AAATGAGAAGACAAAAGAAAGGG,0,sg9
GACACCGAAGCAGAGTTTTTAGG,CACATTGAAATAGAGTTTTTAAG,0,sg11
ATGAACACCAGTGAGTAGAGCGG,ATGAGGGAGAGTGAGTAGAGTGG,0,sg6
AAATGAGAAGAAGAGGCACAGGG,GAACGGGAGGAAGAGGCACTGGA,0,sg9
TGACATCAATTATTATACATCGG,TGACATCAAATATTATATTACCT,0,sg10
CCTGCCTCCGCTCTACTCACTGG,CCTGCCTCCCTTCCCCTCATTGG,0,sg7
AAATGAGAAGAAGAGGCACAGGG,AAATGAGAAAATGAGGCCCGAGA,0,sg9
TGACATCAATTATTATACATCGG,CCACATCAATTATTAAATATTGG,0,sg10
GACACCGAAGCAGAGTTTTTAGG,GACTCTTTAGCAGAGTTTTTTGA,0,sg11
AAATGAGAAGAAGAGGCACAGGG,CAAGAAGAAGAAGAGGAGCAGAG,0,sg9
GGGTGGGGGGAGTTTGCTCCTGG,GGGTGGGGGTACTTTCCTCTTTC,0,sg8
AAATGAGAAGAAGAGGCACAGGG,AAATGAGAACAATAGACACTAGG,0,sg9
AAATGAGAAGAAGAGGCACAGGG,AAATGAGAAGCAGAAGGAAAGGG,0,sg9
AAATGAGAAGAAGAGGCACAGGG,ACACGCAAAGGAGAGGCACAGGA,0,sg9
GGTCCTGCCGCTGCTTGTCATGG,CTTCCTGCCGCTACTGGGTATGG,0,sg4
GAATCCTAAAAACTCTGCTTCGG,GATTTGTAGCAACTCTGCTTCGT,0,sg12
AACACCAGTGAGTAGAGCGGAGG,AACACCAGTGAAAGGAAAAGAGG,0,sg1
CTTGCCCCACAGGGCAGTAACGG,CTTGCCCCACAGCCTAGTCCCTG,0,sg3
GAATCCTAAAAACTCTGCTTCGG,GAATCATAAAAACTCTTTTCCTC,0,sg12
TGACATCAATTATTATACATCGG,TGTCATTGTTTATTATACATTGA,0,sg10
CTTGCCCCACAGGGCAGTAACGG,TTTGCGGCTCATGGCAGTAACGT,0,sg3
AAATGAGAAGAAGAGGCACAGGG,AAATGAGAAGTAGAAGCCAGAGG,0,sg9
AAATGAGAAGAAGAGGCACAGGG,AAATGAGAAACGGAGGCACAGGC,0,sg9
ATGAACACCAGTGAGTAGAGCGG,ACCCACAACAGTGAGTAGAGAGG,0,sg6
CCTGCCTCCGCTCTACTCACTGG,CTTTTCTCTGCTCTACTCACTCA,0,sg7
AACACCAGTGAGTAGAGCGGAGG,AATACCAGTGAGTACTGCTCAGA,0,sg1
AAATGAGAAGAAGAGGCACAGGG,CAAAGAAAAGAAGAGGCAAAGGC,0,sg9
GGGTGGGGGGAGTTTGCTCCTGG,GGATGGGGGGAGATTTGTGCAGG,0,sg8
GGGTGGGGGGAGTTTGCTCCTGG,GGGGGGAGGGAGGTTTATCCTGG,0,sg8
GGGTGGGGGGAGTTTGCTCCTGG,GGGTGGGGGGAAGATGCCCATAG,0,sg8
AATGACCACTACATCCTCAAGGG,AATGACTATGCTATCCTCAAGGA,0,sg5
AAATGAGAAGAAGAGGCACAGGG,GAATGAGAAGAAGCCTTACAGGA,0,sg9
AAATGAGAAGAAGAGGCACAGGG,AAATGAGAACCAGTGGCAGGAGG,0,sg9
AAATGAGAAGAAGAGGCACAGGG,AAGTAAGAAGAAGAGATTCACGG,0,sg9
CTTGCCCCACAGGGCAGTAACGG,GTTGCCCAAGAAGGCAGTAACTG,0,sg3
AAATGAGAAGAAGAGGCACAGGG,AAATAATAAACAGAGGCACAGAA,0,sg9
AACACCAGTGAGTAGAGCGGAGG,AACCAAAGTGAGTAGCGGGGAGC,0,sg1
AATGACCACTACATCCTCAAGGG,ACTGAGTACAATATCCTCAAGGT,0,sg5
AAATGAGAAGAAGAGGCACAGGG,GAATGAGAAGAAGAGATAAGGAG,0,sg9
AAATGAGAAGAAGAGGCACAGGG,AAATGAGAAACAGATCCAGAGGC,0,sg9
GACACCGAAGCAGAGTTTTTAGG,AACTACAGAGCAGAGTTTCTAGG,0,sg11
CCAGTGAGTAGAGCGGAGGCAGG,CCAGTGAGTCCAGGGGAGGCACA,0,sg2
CCAGTGAGTAGAGCGGAGGCAGG,AGAGTGAGTAGAGAGAAGGCAGT,0,sg2
AAATGAGAAGAAGAGGCACAGGG,AGATGAGAAGAACAGGAAGTGTG,0,sg9
TGACATCAATTATTATACATCGG,TGACTTTGATTATTATACTCTGG,0,sg10
CCTGCCTCCGCTCTACTCACTGG,CCTGCCTCCATCCAGCCCACTGG,0,sg7
AACACCAGTGAGTAGAGCGGAGG,CAGACGAGTGAGTAGACCAGATG,0,sg1
TGACATCAATTATTATACATCGG,TGACATCAATGATAATAAAGTAG,0,sg10
AAATGAGAAGAAGAGGCACAGGG,GGAAGAGAAGAAGAGGGACTGGA,0,sg9
GGTCCTGCCGCTGCTTGTCATGG,GCTCGAGCCGCTGCTCCTCTTGG,0,sg4
TGACATCAATTATTATACATCGG,TGACTTCAGAAATTATACATCTA,0,sg10
AAATGAGAAGAAGAGGCACAGGG,AAATGAGAAAAACAGGCACGTTT,0,sg9
GAATCCTAAAAACTCTGCTTCGG,GAAACCTAAAAACTCATCTCTGC,0,sg12
AAATGAGAAGAAGAGGCACAGGG,AAATGAGAAGTGAAGACCTAGGG,0,sg9
CTTGCCCCACAGGGCAGTAACGG,CTGGCCCCACAGGGCCGTTAAGT,0,sg3
CTTGCCCCACAGGGCAGTAACGG,CTTGCCCCAGAGAGCCAGAAGGG,0,sg3
AAATGAGAAGAAGAGGCACAGGG,GAAAGGGAAACTGAGGCACAGGG,0,sg9
AACACCAGTGAGTAGAGCGGAGG,AACACCAGTAAGCACAAAAGAGG,0,sg1
TGACATCAATTATTATACATCGG,TAAGACAAATTATTATACATGGA,0,sg10
ATGAACACCAGTGAGTAGAGCGG,AGGAACACCAGTGAGTACAGTGC,0,sg6
AACACCAGTGAGTAGAGCGGAGG,ACCACCAGTGAGACAAGCTGAAG,0,sg1
AAATGAGAAGAAGAGGCACAGGG,ATAAGAGAAACTGAGGCACAGAG,0,sg9
CTTGCCCCACAGGGCAGTAACGG,CTTGCCCCACCAAGCAATTACTG,0,sg3
AATGACCACTACATCCTCAAGGG,AAAGGAAACTACATCCTCCAGGC,0,sg5
GGGTGGGGGGAGTTTGCTCCTGG,GGGTGGGGGCAGGGAGCTACTGG,0,sg8
GAATCCTAAAAACTCTGCTTCGG,CTTTCCTATGAACTCTGCTTCAG,0,sg12
AAATGAGAAGAAGAGGCACAGGG,AAATGAGAAGAGGAGGAGGAGAA,0,sg9
GGGTGGGGGGAGTTTGCTCCTGG,GGGTGGGGGCATTTTGCTCAGAA,0,sg8
AAATGAGAAGAAGAGGCACAGGG,CAATGAGAAGAAAAGGCGTATGG,0,sg9
AAATGAGAAGAAGAGGCACAGGG,AAAACATATGAAGAGGCACTAGG,0,sg9
AATGACCACTACATCCTCAAGGG,AAGAACTAATACATCCTCCATGG,0,sg5
GACACCGAAGCAGAGTTTTTAGG,GTCATCCATGCAGAGTTTTCAGG,0,sg11
AAATGAGAAGAAGAGGCACAGGG,AGATGAGAAGAAAGTGCAGATGG,0,sg9
GGGTGGGGGGAGTTTGCTCCTGG,GGGTGTGGGGAGTTTGTGTTTGC,0,sg8
AAATGAGAAGAAGAGGCACAGGG,AAATGAGAAGACAACCCACAGAA,0,sg9
GGGTGGGGGGAGTTTGCTCCTGG,GCCCGCAGGGAGTTTGCTCCTGC,0,sg8
AAATGAGAAGAAGAGGCACAGGG,ACCTGGGAAGAAGAGGCACGAGA,0,sg9
AACACCAGTGAGTAGAGCGGAGG,CAGACCAGTGAGAAGCGTGGTGG,0,sg1
AAATGAGAAGAAGAGGCACAGGG,AAATGAGAAATTGAGCCACAGAC,0,sg9
AAATGAGAAGAAGAGGCACAGGG,GAGGAAGAAGAAGAGGCCCTGGG,0,sg9
AATGACCACTACATCCTCAAGGG,AATGACCACAAGATACTCAAAAT,0,sg5
CCTGCCTCCGCTCTACTCACTGG,CCTGCCTCCCCTGCACTCATCAG,0,sg7
AAATGAGAAGAAGAGGCACAGGG,AACTGAGAAGAAGAGTTTCAGAG,0,sg9
TGACATCAATTATTATACATCGG,TGAAGTCATTTATTATACACCAA,0,sg10
AAATGAGAAGAAGAGGCACAGGG,TAAGAAGAAGAAGAGACACCAGG,0,sg9
CCTGCCTCCGCTCTACTCACTGG,CCAGCCTCCGCTCTACCCCCACT,0,sg7
GGGTGGGGGGAGTTTGCTCCTGG,GAGTAAGAGTAGTTTGCTCCTGA,0,sg8
GGGTGGGGGGAGTTTGCTCCTGG,GAGGGAGCAGAGTTTGCTCCTGC,0,sg8
CTTGCCCCACAGGGCAGTAACGG,CTTGCCCCACAGGCTTGTGATAG,0,sg3
AAATGAGAAGAAGAGGCACAGGG,CAGTGAGAAGAAGAGAGAAAGGT,0,sg9
AATGACCACTACATCCTCAAGGG,AATGAGTGCTCCATCCTCAAGAC,0,sg5
AAATGAGAAGAAGAGGCACAGGG,AGATGAGAAGAAGGCTCAGATGG,0,sg9
CTTGCCCCACAGGGCAGTAACGG,CTTGCCCCATAGCACTGCAAGGG,0,sg3
AAATGAGAAGAAGAGGCACAGGG,TAATGAGAAGAAGAACCAGGGGT,0,sg9
CCTGCCTCCGCTCTACTCACTGG,CCTGCCACAGCTCTACTCGCAGG,1,sg7
TGACATCAATTATTATACATCGG,TTACATCAATTAGGATACACCAT,0,sg10
AAATGAGAAGAAGAGGCACAGGG,GAGTGAGAAGAAGAGGCTGAGTC,0,sg9
GACACCGAAGCAGAGTTTTTAGG,GATATCAAGGCAGAGTTTTTTGA,0,sg11
TGACATCAATTATTATACATCGG,GAACTTCAATTATTATAAAGCGT,0,sg10
AAATGAGAAGAAGAGGCACAGGG,GGATGAGAAGAAGAGAGATAGGA,0,sg9
CCAGTGAGTAGAGCGGAGGCAGG,CCACTTTGGGAAGCGGAGGCAGG,0,sg2
AAATGAGAAGAAGAGGCACAGGG,AAATAAGAAGAAGAGTAAGAGAG,0,sg9
CCTGCCTCCGCTCTACTCACTGG,CCTGCCTCCTCTTTTCTTCCCGG,0,sg7
AAATGAGAAGAAGAGGCACAGGG,AAGTGAGAAGAAAAGGAAGAAGT,0,sg9
GACACCGAAGCAGAGTTTTTAGG,CTCAAGGCAGCAGAGTTTTTGGG,0,sg11
CTTGCCCCACAGGGCAGTAACGG,TTTGACCCACAGGGCAGAACTGG,0,sg3
GGGTGGGGGGAGTTTGCTCCTGG,GTGAGGTTGGAGTTTGCTCATGT,0,sg8
CCAGTGAGTAGAGCGGAGGCAGG,CCAGGGGGCAGAGCGGAGGGAGT,0,sg2
GGGTGGGGGGAGTTTGCTCCTGG,GGGTGGGGGCAGATGGCTGCAGC,0,sg8
GACACCGAAGCAGAGTTTTTAGG,CACAACTTAGCAGAGTTTATTGG,0,sg11
GACACCGAAGCAGAGTTTTTAGG,GCTGCCTAAGATGAGTTTTTAGG,0,sg11
AAATGAGAAGAAGAGGCACAGGG,TTACAAGAAGAAGAGAGACAGGG,0,sg9
GGTCCTGCCGCTGCTTGTCATGG,GCCCCTGCCGCTGCTTCTTCTGG,0,sg4
GGTCCTGCCGCTGCTTGTCATGG,GTGGCTGCCTTGGCTTGTCATGG,0,sg4
AAATGAGAAGAAGAGGCACAGGG,CTCTGAGAAGAAGAGGCAAAGCT,0,sg9
GAATCCTAAAAACTCTGCTTCGG,GAACCTTAAAAACTCTGATCCCC,0,sg12
AAATGAGAAGAAGAGGCACAGGG,GAAGAATATGAAGAGGCACAAGG,0,sg9
GGGTGGGGGGAGTTTGCTCCTGG,GGGGTGGGGGCCCTGGCTCCTGG,0,sg8
AATGACCACTACATCCTCAAGGG,AAAGCCCACTTGATCCTCAAGTG,0,sg5
AAATGAGAAGAAGAGGCACAGGG,AATGGAGAAGAAGAGGCATAAGG,0,sg9
GGGTGGGGGGAGTTTGCTCCTGG,GGGTGGGGGGGGTGGGCTCCAGC,0,sg8
GACACCGAAGCAGAGTTTTTAGG,TTAACCAAAGCAGAGTTTATGGG,0,sg11
AAATGAGAAGAAGAGGCACAGGG,AAATGAGAAAAATAGTTACAGGG,0,sg9
AAATGAGAAGAAGAGGCACAGGG,AGAGGGGAGGGGGAGGCACAGGG,0,sg9
CCTGCCTCCGCTCTACTCACTGG,CCTGCCTCCGCTCTGCCCCTGGG,0,sg7
AAATGAGAAGAAGAGGCACAGGG,CTATGAGAAGAACATGCCCAGGC,0,sg9
AAATGAGAAGAAGAGGCACAGGG,AAATGAGAAGACAAAGCACTTGT,0,sg9
AAATGAGAAGAAGAGGCACAGGG,AGATGAGAAGAAGAAGGAAAAGT,0,sg9
ATGAACACCAGTGAGTAGAGCGG,CTGACCACCAGTGAGCCAAACGG,0,sg6
AATGACCACTACATCCTCAAGGG,AATGGGAGCCACATCCTCAAGAG,0,sg5
GGTCCTGCCGCTGCTTGTCATGG,GGTGCTGCTGCTGCTTGTGTTTG,0,sg4
AACACCAGTGAGTAGAGCGGAGG,AACAACAGTGAGTAGCTGGGTGC,0,sg1
AAATGAGAAGAAGAGGCACAGGG,GAAGGGGAAGAAGAGGAAGAAGG,0,sg9
AAATGAGAAGAAGAGGCACAGGG,AAAAAAGAAGAAGAGAAAAATGG,0,sg9
AAATGAGAAGAAGAGGCACAGGG,AAAAGGGAAGAAGAGGCACAGAG,0,sg9
AAATGAGAAGAAGAGGCACAGGG,GGATGAGCAGAAGAGGCAAAGCC,0,sg9
GACACCGAAGCAGAGTTTTTAGG,GTCAGCGAAGCAGAGTGCCCAGG,0,sg11
CTTGCCCCACAGGGCAGTAACGG,CTTGCCCCATACAGCTGTAGAGG,0,sg3
AAATGAGAAGAAGAGGCACAGGG,CTAGGAGAAGAAGAGGTAAATGG,0,sg9
GGGTGGGGGGAGTTTGCTCCTGG,GGGTGGGGGCAGTCTTCCCCTCC,0,sg8
AAATGAGAAGAAGAGGCACAGGG,AAATGAGAAGAGGAGTCAGCAGA,0,sg9
AATGACCACTACATCCTCAAGGG,AGGGACCACTACATCCCCAGTGC,0,sg5
AATGACCACTACATCCTCAAGGG,AACTACAACTACATCCTCAAGTT,0,sg5
CCTGCCTCCGCTCTACTCACTGG,CCTGCCTCCTGGTTACACAGTGG,0,sg7
AAATGAGAAGAAGAGGCACAGGG,AAATGAGAAGAGGAGGAATTATG,0,sg9
CCTGCCTCCGCTCTACTCACTGG,CGTCCCGCCCGGCTACTCACTGG,0,sg7
GAATCCTAAAAACTCTGCTTCGG,TAATTATAAAAACTCTTCTTCTC,0,sg12
AATGACCACTACATCCTCAAGGG,ATTTAGCACGATATCCTCAAGGT,0,sg5
GAATCCTAAAAACTCTGCTTCGG,GAATCCTAACAAGGGCGCTTCAG,0,sg12
CCTGCCTCCGCTCTACTCACTGG,CATCCCAGCTCTCTACTCACTAG,0,sg7
GGGTGGGGGGAGTTTGCTCCTGG,GGGTGGGGGGAGCAGGAGTCTGG,0,sg8
AAATGAGAAGAAGAGGCACAGGG,AAAGAAGAAGAAGAGATACAGAG,0,sg9
GGGTGGGGGGAGTTTGCTCCTGG,GTGTGGGGGGAGGTGGAGCCTGT,0,sg8
GGGTGGGGGGAGTTTGCTCCTGG,GGGAGAAGAGAGTTTGCTGATGG,0,sg8
AAATGAGAAGAAGAGGCACAGGG,AAATGAGAAGGAAAGCCAGAAGA,0,sg9
AAATGAGAAGAAGAGGCACAGGG,AAATGAGAAGAAGAGAGAGAATA,0,sg9
GGGTGGGGGGAGTTTGCTCCTGG,GGGTGGGGGGAGGGTGGTAGTGT,0,sg8
AATGACCACTACATCCTCAAGGG,ATTGAGCATTACATCCTCAAAGA,0,sg5
CCTGCCTCCGCTCTACTCACTGG,CCTGCCTCCTCTGGACGCACCTG,0,sg7
AATGACCACTACATCCTCAAGGG,TGTGATGACTTCATCCTCAAGTG,0,sg5
TGACATCAATTATTATACATCGG,TGAAATACATTATTATACATTAG,0,sg10
AAATGAGAAGAAGAGGCACAGGG,ACACGAGAAGGAGAGGCACAGCT,0,sg9
GGTCCTGCCGCTGCTTGTCATGG,TGTCCTGCCGCTTCTTGGGAGGA,0,sg4
ATGAACACCAGTGAGTAGAGCGG,ACAAAAACCAGTGAGTGAAGCTG,0,sg6
ATGAACACCAGTGAGTAGAGCGG,ATTCAAACCAGTGAGTATAGCTT,0,sg6
GGGTGGGGGGAGTTTGCTCCTGG,GGGTGGGGAGGGTTGTCACTTGG,0,sg8
AAATGAGAAGAAGAGGCACAGGG,AATAGGGAAGAAGAGGCAGAGGT,0,sg9
AAATGAGAAGAAGAGGCACAGGG,AAATGAGAAAGCTAGGCACAGAG,0,sg9
GAATCCTAAAAACTCTGCTTCGG,GAATCCTAAGGATTTTGCCTCTG,0,sg12
AATGACCACTACATCCTCAAGGG,GAGGATCATTTGATCCTCAAGGG,0,sg5
CTTGCCCCACAGGGCAGTAACGG,CTTGCCCCACAGAGCAATAGATG,0,sg3
ATGAACACCAGTGAGTAGAGCGG,ATGAACACCAGTCATTGGATTAG,0,sg6
GGGTGGGGGGAGTTTGCTCCTGG,GGGTGGGGGAGGCTTGGGCATGG,0,sg8
CCTGCCTCCGCTCTACTCACTGG,GCAGCAGCCCCTCTACTCACTGC,0,sg7
GGGTGGGGGGAGTTTGCTCCTGG,GAAGGGAGGAGGTTTGCTCCTGG,0,sg8
CCTGCCTCCGCTCTACTCACTGG,CCTGCCCTCACTCTACTCACAGG,1,sg7
AAATGAGAAGAAGAGGCACAGGG,AAGGGAAAGGAAGAGGCAAAGAG,0,sg9
AACACCAGTGAGTAGAGCGGAGG,AGAAACAGTGAGTAGAATGGTGG,0,sg1
ATGAACACCAGTGAGTAGAGCGG,TTAAACACCAGTGTTTACAGCAG,0,sg6
CTTGCCCCACAGGGCAGTAACGG,TCTGCCCCACAGAGCAGCAACAC,0,sg3
TGACATCAATTATTATACATCGG,TAATATCAATTATTATTTATCTT,0,sg10
AATGACCACTACATCCTCAAGGG,AAAAAACACTACATCCCTAAGAG,0,sg5
TGACATCAATTATTATACATCGG,AGACAGCTTTTATTATACTTAGG,0,sg10
GGTCCTGCCGCTGCTTGTCATGG,AGATATGCCGCTGCTTGTCACCG,0,sg4
AAATGAGAAGAAGAGGCACAGGG,CAAGGAACAGAAGAGGCAGAAGG,0,sg9
AATGACCACTACATCCTCAAGGG,AATGACCACTGAATGATCAAGTT,0,sg5
AAATGAGAAGAAGAGGCACAGGG,GAAGAAGAGGAAGAGACAGAGGG,0,sg9
CCTGCCTCCGCTCTACTCACTGG,CCTGCATCAGCTCTACTCAGGGC,0,sg7
GGGTGGGGGGAGTTTGCTCCTGG,GGGGGTGGGGAGGTTGTTCCTGA,0,sg8
GGGTGGGGGGAGTTTGCTCCTGG,GGGTGGGGGGGCTATTCTTCTGC,0,sg8
AAATGAGAAGAAGAGGCACAGGG,AAGTAAAAAGAAGAGGCAGAGAA,0,sg9
AAATGAGAAGAAGAGGCACAGGG,AAAAAAGAAGAAGAGGGGTGGGG,0,sg9
AATGACCACTACATCCTCAAGGG,CATGACCACTACAACTTCGTGGT,0,sg5
CTTGCCCCACAGGGCAGTAACGG,AGAGACCCACAGGGCAGTGCCGG,0,sg3
GAATCCTAAAAACTCTGCTTCGG,GATTCTTAAAAACTCTGCTTCTG,0,sg12
AAATGAGAAGAAGAGGCACAGGG,AAATGAGAAGGAACGCTGCAGGG,0,sg9
CCTGCCTCCGCTCTACTCACTGG,CCCTCATCATCTCTACTCACTGA,0,sg7
TGACATCAATTATTATACATCGG,TTAAATCAATTATTATTCATATT,0,sg10
GGTCCTGCCGCTGCTTGTCATGG,GCTGCTGCTGCTGCTTGTGACGA,0,sg4
TGACATCAATTATTATACATCGG,TGTCATCTATTATTATACTTACA,0,sg10
ATGAACACCAGTGAGTAGAGCGG,ATGAGCAAGAGGGAGTAGAGCCC,0,sg6
AAATGAGAAGAAGAGGCACAGGG,AATTGATAACAAGAGGCACAGTT,0,sg9
AAATGAGAAGAAGAGGCACAGGG,AGCTAAGATAAAGAGGCACAGGA,0,sg9
GACACCGAAGCAGAGTTTTTAGG,AACAGGGAAGCAGAGTCCTTATG,0,sg11
GAATCCTAAAAACTCTGCTTCGG,AATTTCTAAAAACTCAGTTTCTG,0,sg12
CCTGCCTCCGCTCTACTCACTGG,CCTGCCTCCGCTCAGCTTAATCT,0,sg7
AAATGAGAAGAAGAGGCACAGGG,AAGTGGGAATATGAGGCACAGGT,0,sg9
AAATGAGAAGAAGAGGCACAGGG,AAGTGAGAAGAATAGGAATGTGG,0,sg9
AAATGAGAAGAAGAGGCACAGGG,AAATGAGAATTAAAGGCACAAGA,0,sg9
GGGTGGGGGGAGTTTGCTCCTGG,AGGTGGGGGGAGATTGCTCGCTC,0,sg8
GAATCCTAAAAACTCTGCTTCGG,TAATTCTGAATCCTCTGCTTCAG,0,sg12
CCTGCCTCCGCTCTACTCACTGG,CCTGCCTCCACTCAGCCCAATGC,0,sg7
GGTCCTGCCGCTGCTTGTCATGG,GATACAGCAGCTGCTTGTCATCT,0,sg4
AAATGAGAAGAAGAGGCACAGGG,AACTGGGTAGAAGAGGCAAAGAG,0,sg9
CCAGTGAGTAGAGCGGAGGCAGG,CCAGTGAGTGGGGCCGAAGCCGC,0,sg2
TGACATCAATTATTATACATCGG,TCAGTTCAATTATTAGACATCCA,0,sg10
AACACCAGTGAGTAGAGCGGAGG,AAGACCAGTGAGACAACCAGAGG,0,sg1
AACACCAGTGAGTAGAGCGGAGG,AACACCAGTCACAGGAGAGGTGG,0,sg1
AAATGAGAAGAAGAGGCACAGGG,AACTGAGGCCAAGAGGCACAGAA,0,sg9
CCAGTGAGTAGAGCGGAGGCAGG,CCAGTGAGTAGAGGAAAGGAAAG,0,sg2
CCTGCCTCCGCTCTACTCACTGG,CCTGCCTCCTCTCTCCTCTGGGC,0,sg7
AAATGAGAAGAAGAGGCACAGGG,AGATGAGCAGATGAAGAAGAGGG,0,sg9
TGACATCAATTATTATACATCGG,TAACAGTATTTATTATACATGGA,0,sg10
AAATGAGAAGAAGAGGCACAGGG,AGATGAGAAGAAGGTTCAGAGTG,0,sg9
AATGACCACTACATCCTCAAGGG,ACTGAGCACAATATCCTCAAGGT,0,sg5
AAATGAGAAGAAGAGGCACAGGG,AAGTCACAGGAAGAGGCAGTGGG,0,sg9
GAATCCTAAAAACTCTGCTTCGG,GCATTATAAAAACTCTGCTTCTC,0,sg12
TGACATCAATTATTATACATCGG,TGACTTTAATTATTATACTTTTC,0,sg10
GGTCCTGCCGCTGCTTGTCATGG,GGACCTACCCCTGCTTGTCATTC,0,sg4
CCTGCCTCCGCTCTACTCACTGG,CCTGCCTCCGGTCTGCTAACATC,0,sg7
GACACCGAAGCAGAGTTTTTAGG,GAAACTGAAGCAGAGATGTTCTG,0,sg11
ATGAACACCAGTGAGTAGAGCGG,ATAAACACCAGTGATGAGAATGT,0,sg6
AAATGAGAAGAAGAGGCACAGGG,AAATGAGAAAAGTGGGCACAGTG,0,sg9
AAATGAGAAGAAGAGGCACAGGG,AAATGAGAATAAAAGGCCCACAT,0,sg9
GACACCGAAGCAGAGTTTTTAGG,CTCTGAGAAGCAGAGTTTTTAGT,0,sg11
GGGTGGGGGGAGTTTGCTCCTGG,GTGGGGGTAGAGCTTGCTCCTGC,0,sg8
AAATGAGAAGAAGAGGCACAGGG,AAATGAGAAAAAAGCTAACAGGG,0,sg9
ATGAACACCAGTGAGTAGAGCGG,ATGAACACCAGTGAGTTTCACAA,0,sg6
GAATCCTAAAAACTCTGCTTCGG,GTCTTCCAAAAACTCTGCTTTGA,0,sg12
GAATCCTAAAAACTCTGCTTCGG,AACCCTTATAAACTCTGCTTCTG,0,sg12
AATGACCACTACATCCTCAAGGG,AATGACCACACAAACCCCATGGG,0,sg5
AAATGAGAAGAAGAGGCACAGGG,AAATGAGAAGTTGAGGGAATGGA,0,sg9
AAATGAGAAGAAGAGGCACAGGG,AAAAAAGAAGAAGAGACATAAGG,0,sg9
CCAGTGAGTAGAGCGGAGGCAGG,CCAGTGAGTAAAGTGGAATTGGG,0,sg2
GACACCGAAGCAGAGTTTTTAGG,GCCATGGAGACAGAGTTTTTAGA,0,sg11
AAATGAGAAGAAGAGGCACAGGG,AAGTGTGTAGCCGAGGCACAGTG,0,sg9
AAATGAGAAGAAGAGGCACAGGG,AAGGGGGAAGAAGAGGCACATCT,0,sg9
GGGTGGGGGGAGTTTGCTCCTGG,GGGGGTGGGGGGTTTGCTCCTGC,0,sg8
CTTGCCCCACAGGGCAGTAACGG,AGTGGCCCCCAGGGCAGTGAGGG,0,sg3
GGTCCTGCCGCTGCTTGTCATGG,CCTCCTGCCGCTGCTATTCAAAG,0,sg4
AAATGAGAAGAAGAGGCACAGGG,AACAGAGCAAAGGAGGCACAGGG,0,sg9
GGGTGGGGGGAGTTTGCTCCTGG,GGGTGGGGGCAGCTTGGTTGGGG,0,sg8
AAATGAGAAGAAGAGGCACAGGG,AAATGAGAAACTGAGGCACAGAA,0,sg9
AAATGAGAAGAAGAGGCACAGGG,AAATGAGAACACAAGCCACATTG,0,sg9
GGGTGGGGGGAGTTTGCTCCTGG,TTGTTGGGAGAATTTGCTCCTGG,0,sg8
CTTGCCCCACAGGGCAGTAACGG,CTGGGTCCCTAGGGCAGTAACTG,0,sg3
GGGTGGGGGGAGTTTGCTCCTGG,GAGTGGGGGGAGAGTGCTCAAGG,0,sg8
AAATGAGAAGAAGAGGCACAGGG,AAATGAGAAGATGAAGTAGATTG,0,sg9
AAATGAGAAGAAGAGGCACAGGG,AGATGAGGAACTGAGGCACAGAG,0,sg9
AAATGAGAAGAAGAGGCACAGGG,AAATTGGAAGAAGAGAGCTAGGG,0,sg9
AAATGAGAAGAAGAGGCACAGGG,AAGGAAGAAGGCGAGGCACAGTG,0,sg9
AAATGAGAAGAAGAGGCACAGGG,GCCTGGCAGGAAGAGGCACAGGG,0,sg9
AACACCAGTGAGTAGAGCGGAGG,AACACCAGTGATCAGTGGAGAGG,0,sg1
CCAGTGAGTAGAGCGGAGGCAGG,CCAGTGAGTCCAGCAGAAGCACC,0,sg2
ATGAACACCAGTGAGTAGAGCGG,AGGAAAACCAGTGAGAAGAGTGG,1,sg6
AAATGAGAAGAAGAGGCACAGGG,AGGAGAGAAGAAGAGGAAGAGGA,0,sg9
GACACCGAAGCAGAGTTTTTAGG,GACTCAGAAGCAGAGATGGGAGG,0,sg11
GGGTGGGGGGAGTTTGCTCCTGG,GGGTGGGGGGCGTGGCTTCCTGC,0,sg8
GAATCCTAAAAACTCTGCTTCGG,CATTTCCACAAACTCTGCTTCAG,0,sg12
AAATGAGAAGAAGAGGCACAGGG,AAATGAGAAGCTGAAGCTGAGAG,0,sg9
AACACCAGTGAGTAGAGCGGAGG,GGCAACAGTGAGTAGAGAGGAAT,0,sg1
AAATGAGAAGAAGAGGCACAGGG,AAATGAGAAAAAGAAACAGAGAA,0,sg9
GGGTGGGGGGAGTTTGCTCCTGG,GGGTGGGGGTTGTTTGTTGTTGT,0,sg8
GAATCCTAAAAACTCTGCTTCGG,AACTACTAAAAACTCTGCTTCAA,0,sg12
CCTGCCTCCGCTCTACTCACTGG,CCTGCCTCCTCCCTCCTGACTCC,0,sg7
AATGACCACTACATCCTCAAGGG,CATCACCATTCTATCCTCAAGGA,0,sg5
AAATGAGAAGAAGAGGCACAGGG,AAATGAGAATAAGGGGGACACCT,0,sg9
GACACCGAAGCAGAGTTTTTAGG,AATAGAGAAATAGAGTTTTTAGG,0,sg11
AAATGAGAAGAAGAGGCACAGGG,TAATAGGAAGAAGAGCCCCAGGG,0,sg9
AAATGAGAAGAAGAGGCACAGGG,ATGTGAGTTGAAGAGGCAAAGGA,0,sg9
GAATCCTAAAAACTCTGCTTCGG,GTAGCCTAAAAACTCTGCAAGGA,0,sg12
GACACCGAAGCAGAGTTTTTAGG,GAGACGGGGCGAGAGTTTTTAGG,0,sg11
AAATGAGAAGAAGAGGCACAGGG,AAAAGAGAAGAAGAGACAAAGAA,0,sg9
AACACCAGTGAGTAGAGCGGAGG,AACACCCACAAGTAGAGCGGACC,0,sg1
CCTGCCTCCGCTCTACTCACTGG,CCTGCCTCCTTTCTTCTGCCAGG,0,sg7
GAATCCTAAAAACTCTGCTTCGG,GGATACTAAAAACTCACCTTAGA,0,sg12
AAATGAGAAGAAGAGGCACAGGG,AAATGGGAAGAAGAGGGATAGAA,0,sg9
AAATGAGAAGAAGAGGCACAGGG,AACTGGGAAACTGAGGCACAGAG,0,sg9
AAATGAGAAGAAGAGGCACAGGG,ACATCAGCAGAAGAGGCAGGGGC,0,sg9
GGGTGGGGGGAGTTTGCTCCTGG,GGGTGGGGGAACTTTGCACCAGG,0,sg8
ATGAACACCAGTGAGTAGAGCGG,GTGAAGACCAGTGAGTCTAGCGA,0,sg6
CCAGTGAGTAGAGCGGAGGCAGG,CCAGTGAGTGGAGGGCAGGAATG,0,sg2
AAATGAGAAGAAGAGGCACAGGG,AAATGAGAATGGCAGGCACAGAG,0,sg9
AAATGAGAAGAAGAGGCACAGGG,CCATAAGAAGAAGAGACAAAGAG,0,sg9
GAATCCTAAAAACTCTGCTTCGG,CAAAACTCAAAACTCTGCTGGGG,0,sg12
AAATGAGAAGAAGAGGCACAGGG,CCATGAGAAGAAAATGCCCCGGG,0,sg9
AAATGAGAAGAAGAGGCACAGGG,GTAGGAGAAGAAGAGGCAAAGAG,0,sg9
AATGACCACTACATCCTCAAGGG,AATGACCACCTGATGCCCTAGGG,0,sg5
TGACATCAATTATTATACATCGG,TGTTATGAAATTTTATACATCGC,0,sg10
TGACATCAATTATTATACATCGG,TGACATCAATATTTATATATAAG,0,sg10
AAATGAGAAGAAGAGGCACAGGG,GAATGTAAAGAAGAGGCAGTTGG,0,sg9
AAATGAGAAGAAGAGGCACAGGG,AAATGAGAAAAACTGGGACAAAG,0,sg9
GACACCGAAGCAGAGTTTTTAGG,CCAACAGAAGCAGAGTTTTTAAG,0,sg11
GGGTGGGGGGAGTTTGCTCCTGG,AGGTGGGGGGAGGTTGGGCCAGC,0,sg8
AAATGAGAAGAAGAGGCACAGGG,GAAGGAGAAGAAGAGGAAGAAAG,0,sg9
GGGTGGGGGGAGTTTGCTCCTGG,GGGGGGAGGGAGTGTGTGCCTGT,0,sg8
GACACCGAAGCAGAGTTTTTAGG,GCCACCAAAGCAGAGTTTTTAAA,0,sg11
AAATGAGAAGAAGAGGCACAGGG,AAAAGAAAAGAAGAGGCATATAT,0,sg9
CCTGCCTCCGCTCTACTCACTGG,CCTGCCTCCACACTCCTGAATGG,0,sg7
CCTGCCTCCGCTCTACTCACTGG,CCTGCCTCCACACCACTCACAGT,0,sg7
GGGTGGGGGGAGTTTGCTCCTGG,GGTTGGGGGGAGTTTAGCCATGT,0,sg8
AAATGAGAAGAAGAGGCACAGGG,AAATGAGAAGGAGATATACATGT,0,sg9
TGACATCAATTATTATACATCGG,TGACATCAAGTATTCTTCTTATG,0,sg10
TGACATCAATTATTATACATCGG,TTACAACATGTATTATACATCAA,0,sg10
AATGACCACTACATCCTCAAGGG,AGTAAGGACTACATCCTCGAGGG,0,sg5
GGGTGGGGGGAGTTTGCTCCTGG,GGGTGGGGGGTATTTTTTCTTGC,0,sg8
GGTCCTGCCGCTGCTTGTCATGG,CTTCCTGTAGCTGCTTGTCAGAG,0,sg4
GGGTGGGGGGAGTTTGCTCCTGG,GGGTGGGGGCCTTTTGCACCCTG,0,sg8
AAATGAGAAGAAGAGGCACAGGG,AGTAGCTAAGAAGAGGCAGAGGG,0,sg9
AAATGAGAAGAAGAGGCACAGGG,GAAGAAGAGGGAGAGGCACAGTG,0,sg9
AACACCAGTGAGTAGAGCGGAGG,GCCACAAGTGAGTAGAGCCAAGA,0,sg1
CTTGCCCCACAGGGCAGTAACGG,CTGGCCCCACAGCGCAGGCACAA,0,sg3
ATGAACACCAGTGAGTAGAGCGG,GTGATGAGCAGTGAGTAGAAAGG,0,sg6
GAATCCTAAAAACTCTGCTTCGG,AAATACTAAAGTCTCTGCTTCCA,0,sg12
AAATGAGAAGAAGAGGCACAGGG,AAATGAGAAGGTGAGGCCCCTTG,0,sg9
AAATGAGAAGAAGAGGCACAGGG,AAATGAGAAAATGAGGCTCAGAT,0,sg9
AAATGAGAAGAAGAGGCACAGGG,AAATAAGAAGAAGAGTAACAAGA,0,sg9
AAATGAGAAGAAGAGGCACAGGG,AAATGAGAAGAAAGAGGAGTGGG,0,sg9
CCAGTGAGTAGAGCGGAGGCAGG,CCAGGTTGGAGTGCGGAGGCATG,0,sg2
AACACCAGTGAGTAGAGCGGAGG,TACCCCAGTGAGTAGAGAAAAGA,0,sg1
GGGTGGGGGGAGTTTGCTCCTGG,GACTGGCGAGATTTTGCTCCTGC,0,sg8
AACACCAGTGAGTAGAGCGGAGG,ACCTCCAGTGAGTAGAGGGAGTG,0,sg1
CCAGTGAGTAGAGCGGAGGCAGG,CCAGTGAGTAGAACACAGAGATG,0,sg2
GAATCCTAAAAACTCTGCTTCGG,GCATCTTAAACACTCTGCTTGGG,1,sg12
AAATGAGAAGAAGAGGCACAGGG,AAATGAGAAAATCAGGCATGGTG,0,sg9
GACACCGAAGCAGAGTTTTTAGG,TACAACTTTGCAGAGTTTTTAGA,0,sg11
CCAGTGAGTAGAGCGGAGGCAGG,CCTGTGAGTAGAGGGTAGACAAT,0,sg2
AACACCAGTGAGTAGAGCGGAGG,AACAGTAGTGAGTAGAACAGCTG,0,sg1
AAATGAGAAGAAGAGGCACAGGG,TAATATGAAGCTGAGGCACAGGA,0,sg9
CCTGCCTCCGCTCTACTCACTGG,CATCCCTAGCCTCTACTCACTAG,0,sg7
CTTGCCCCACAGGGCAGTAACGG,CTTGCCCCACAGGGAACCTTGGG,0,sg3
CCAGTGAGTAGAGCGGAGGCAGG,CCAGTGAGTAGAACGGAGGGAAA,0,sg2
CCTGCCTCCGCTCTACTCACTGG,CTCCCCTCCGCTCTACCCACTCC,0,sg7
AAATGAGAAGAAGAGGCACAGGG,CCAAGAGAAGAAGAGACAGAGGT,0,sg9
CTTGCCCCACAGGGCAGTAACGG,CTCACCCCACAGGGCAGAGGTGG,0,sg3
AAATGAGAAGAAGAGGCACAGGG,ATTTCATAATAAGAGGCACAGAG,0,sg9
AAATGAGAAGAAGAGGCACAGGG,AAATGAGAATACGTGGTACTTGG,0,sg9
AAATGAGAAGAAGAGGCACAGGG,CAAAGAGAATAAGAGGCACAGAT,0,sg9
GGTCCTGCCGCTGCTTGTCATGG,GGTCCTGCCGCTGCGGATGGAGG,0,sg4
AATGACCACTACATCCTCAAGGG,AATGACCACTAAATCTTAAGTTG,0,sg5
AACACCAGTGAGTAGAGCGGAGG,CACACCAGTGAGGAGTGTGTAGG,0,sg1
GACACCGAAGCAGAGTTTTTAGG,GAGTCTCAAGCAGAGTTTTTAAT,0,sg11
CTTGCCCCACAGGGCAGTAACGG,CTCCTCCCACAGGGCAGACACTG,0,sg3
GAATCCTAAAAACTCTGCTTCGG,GAATCCTAATTCCTCTTCTTCAT,0,sg12
AAATGAGAAGAAGAGGCACAGGG,AACAAAGAGGAAGAGGCAGAGAG,0,sg9
AAATGAGAAGAAGAGGCACAGGG,AAATGAGAAGATGTGGTATTTGG,0,sg9
AAATGAGAAGAAGAGGCACAGGG,GGATGAGAAGAAGAGTCACCTGA,0,sg9
TGACATCAATTATTATACATCGG,TGACATCAATTTTTCAACATAAT,0,sg10
AAATGAGAAGAAGAGGCACAGGG,AAATGAGAAGTATATACACATAG,0,sg9
GGGTGGGGGGAGTTTGCTCCTGG,GGGTGGGGGGCATGTGCCCTGGG,0,sg8
GGTCCTGCCGCTGCTTGTCATGG,CCTCCAGCTGCTGCTTGTCTTGA,0,sg4
ATGAACACCAGTGAGTAGAGCGG,ATGAACACCAGTGGTAAGTCCTG,0,sg6
AAATGAGAAGAAGAGGCACAGGG,AAATGAGAAGCAGAGTGACTAAG,0,sg9
AACACCAGTGAGTAGAGCGGAGG,GACAGAAGTGAGTAGCGTGGGGG,0,sg1
GAATCCTAAAAACTCTGCTTCGG,GAATCCTAAGAGCCCTCCTACAG,0,sg12
GAATCCTAAAAACTCTGCTTCGG,GCTTTCTAAAACCTCTGCTTCTC,0,sg12
CCAGTGAGTAGAGCGGAGGCAGG,CTAGTGAGTAGAGGCCAGGAATG,0,sg2
AAATGAGAAGAAGAGGCACAGGG,AAATGAGAAGAAAAGAACCAAAG,0,sg9
AAATGAGAAGAAGAGGCACAGGG,AAATGAGAAGAAAAGGCCAGGCA,0,sg9
TGACATCAATTATTATACATCGG,TGAATGCCATTCTTATACATCTG,0,sg10
CCAGTGAGTAGAGCGGAGGCAGG,CCAGTGAGTACAGCACAGCCATT,0,sg2
AATGACCACTACATCCTCAAGGG,AGTGACCACTACATACTCATTAG,0,sg5
GACACCGAAGCAGAGTTTTTAGG,GCCAGGGAGGCAGAGTTTACAGG,0,sg11
CCTGCCTCCGCTCTACTCACTGG,CCTGCCTCCAGTTTAATTACTTG,0,sg7
AAATGAGAAGAAGAGGCACAGGG,AAATGAGAACAAGATGCAAATCA,0,sg9
AAATGAGAAGAAGAGGCACAGGG,TATAGAGAAGCAGAGGCACAGAG,0,sg9
AACACCAGTGAGTAGAGCGGAGG,CAGACCATAGAGTAGAGCAGAAG,0,sg1
TGACATCAATTATTATACATCGG,TGACAGAGGTGATTATACATCTG,0,sg10
AATGACCACTACATCCTCAAGGG,AATGCCCTGCTCATCCTCAAGGA,0,sg5
TGACATCAATTATTATACATCGG,TTATAACAATTATTACACATCAT,0,sg10
AATGACCACTACATCCTCAAGGG,AGTGACCACTACGTGCTGCCGGG,0,sg5
AAATGAGAAGAAGAGGCACAGGG,AAAGTGGAAGAAGAGGCACAAAG,0,sg9
AATGACCACTACATCCTCAAGGG,AATGACCACTACAACCTGCATTT,0,sg5
CCAGTGAGTAGAGCGGAGGCAGG,TCTGTGAGTAGAGATAAGGGAGG,0,sg2
TGACATCAATTATTATACATCGG,TCACAGCAATTATTAGACAAGGA,0,sg10
AACACCAGTGAGTAGAGCGGAGG,ATGGGCAATGTGTAGAGCGGAGG,0,sg1
ATGAACACCAGTGAGTAGAGCGG,ATGAACACCAAACAGTACAACTG,0,sg6
TGACATCAATTATTATACATCGG,ATACATCAATTATAATAGATCAA,0,sg10
AAATGAGAAGAAGAGGCACAGGG,GAAGCAGAAGAAGAGGCTCGGGT,0,sg9
AATGACCACTACATCCTCAAGGG,CTGGACCGCTTCATCCTCAAGGC,0,sg5
AAATGAGAAGAAGAGGCACAGGG,AACTGAGAAGAAAAGACACCAGA,0,sg9
AAATGAGAAGAAGAGGCACAGGG,TAAAGAGAAGAAGAGAGATAGGG,0,sg9
AAATGAGAAGAAGAGGCACAGGG,AAATGAGAAGTGCAGACACAAGC,0,sg9
GACACCGAAGCAGAGTTTTTAGG,GAAACTGAAGCAGAGAGGTTAAG,0,sg11
AAATGAGAAGAAGAGGCACAGGG,AGAGAAGAAGAGGAGGCAGAGGA,0,sg9
TGACATCAATTATTATACATCGG,AGACATCAATTATTCTACCACCC,0,sg10
AAATGAGAAGAAGAGGCACAGGG,AAATGAGAAAAATAAGGACAATG,0,sg9
AACACCAGTGAGTAGAGCGGAGG,TAGAGGAGTGAGTAGAGGGGAGT,0,sg1
GAATCCTAAAAACTCTGCTTCGG,TCCTCCTGAAAACTCTGCTTCTG,0,sg12
AAATGAGAAGAAGAGGCACAGGG,AAATGAGAAACTGAGGCTCAGAT,0,sg9
AAATGAGAAGAAGAGGCACAGGG,ATATGAGAAGAATATGCATATGC,0,sg9
AAATGAGAAGAAGAGGCACAGGG,AAATGAGAAGAATAAGAATAAGA,0,sg9
CCAGTGAGTAGAGCGGAGGCAGG,CCAGTGAGTCGAGGGGCATCTGG,0,sg2
AATGACCACTACATCCTCAAGGG,AGTGGGCTCTCCATCCTCAAGAG,0,sg5
AAATGAGAAGAAGAGGCACAGGG,GAGAGGGAAGAAGAGACAGAGGG,0,sg9
GGGTGGGGGGAGTTTGCTCCTGG,GGGTGGGGGGAGATGGTGCGTGG,0,sg8
GACACCGAAGCAGAGTTTTTAGG,GAGAGGGAAGCAGAGGTATCAGG,0,sg11
GAATCCTAAAAACTCTGCTTCGG,GACTCCTCAAAACTCTGCTCCAT,0,sg12
GGGTGGGGGGAGTTTGCTCCTGG,CTTTCTAGGGAGTTTGCTCCTGG,0,sg8
ATGAACACCAGTGAGTAGAGCGG,ATCAACACCAGTGAGGGAAGGGA,0,sg6
AAATGAGAAGAAGAGGCACAGGG,GAGTGGGTGGAAGAGGCACAGGC,0,sg9
GAATCCTAAAAACTCTGCTTCGG,GAAAACTATAAACTCTGCTTCTA,0,sg12
AAATGAGAAGAAGAGGCACAGGG,AAATGTGGAGGGGAGGCACAGCC,0,sg9
AACACCAGTGAGTAGAGCGGAGG,AACACCAGTGAATAGGTCAAGGG,0,sg1
GGGTGGGGGGAGTTTGCTCCTGG,TAGTGGAGGGAGTTTGCTCCTTT,0,sg8
AAATGAGAAGAAGAGGCACAGGG,AAATGAGAAGAAGAGAGAGGTGA,0,sg9
GACACCGAAGCAGAGTTTTTAGG,GAGGCTGTAGCTGAGTTTTTAAG,0,sg11
GGGTGGGGGGAGTTTGCTCCTGG,GGGAGAAGGGATTTTGCTACTGG,0,sg8
TGACATCAATTATTATACATCGG,AGAGACCATTTATTATACAGCTG,0,sg10
CCAGTGAGTAGAGCGGAGGCAGG,CCAGTGAGTGGGGACGAGGGAGC,0,sg2
AAATGAGAAGAAGAGGCACAGGG,AAAAGAGAAGAAGAGTGGATGGG,0,sg9
GGTCCTGCCGCTGCTTGTCATGG,GGTCCTGCCTTCTTATGTCATGG,0,sg4
GGGTGGGGGGAGTTTGCTCCTGG,GGGGTGGGGGGCTCTGCTCGTGG,0,sg8
AACACCAGTGAGTAGAGCGGAGG,AAGACCATGGAGTAGAGCAGATA,0,sg1
AAATGAGAAGAAGAGGCACAGGG,AAATGAGAAGAAAAAGGAGAACG,0,sg9
GACACCGAAGCAGAGTTTTTAGG,CATCCTGAAGCAGAGTTTTTGGA,0,sg11
AAATGAGAAGAAGAGGCACAGGG,TAAAGAAGGGCAGAGGCACAGGG,0,sg9
GACACCGAAGCAGAGTTTTTAGG,GCCCAGGAAGCAGAGGTTTTAGT,0,sg11
AAATGAGAAGAAGAGGCACAGGG,AAATGAGAAGAATCTGCCCAAGT,0,sg9
CTTGCCCCACAGGGCAGTAACGG,TTTGCTCCACAGGGCATTAACTG,0,sg3
AACACCAGTGAGTAGAGCGGAGG,ACCACCAGTGAGGGGCACGTAGG,0,sg1
AATGACCACTACATCCTCAAGGG,ATTAACCACTACATTCTCAAAGG,1,sg5
TGACATCAATTATTATACATCGG,TTATGTCTTTTATTATACATTGG,0,sg10
AAATGAGAAGAAGAGGCACAGGG,GACTCATAAGATGAGGCACAGGA,0,sg9
AAATGAGAAGAAGAGGCACAGGG,AAAAAAGAAGAAGAGAGATAGAG,0,sg9
TGACATCAATTATTATACATCGG,TAAAATCAATTATTATATATAAA,0,sg10
CCAGTGAGTAGAGCGGAGGCAGG,CCAGTGAGTGGGGATGGGGCAAG,0,sg2
AAATGAGAAGAAGAGGCACAGGG,CAATGAGAAGAATTGGGGCAGGA,0,sg9
GAATCCTAAAAACTCTGCTTCGG,GCCCCGTAGAAACTCTGCTTGGG,0,sg12
AAATGAGAAGAAGAGGCACAGGG,TCCTGAGAAGAAGGAGCAAAGGG,0,sg9
AAATGAGAAGAAGAGGCACAGGG,AAATGAGAAGGAGAAGCAGAAAG,0,sg9
AACACCAGTGAGTAGAGCGGAGG,AACACCAGTGAGCCCAGGGCATG,0,sg1
AACACCAGTGAGTAGAGCGGAGG,AACACCAGTTAGTAGAGTGAAGA,0,sg1
TGACATCAATTATTATACATCGG,TCTTATCTATTGTTATACATCTG,0,sg10
GGTCCTGCCGCTGCTTGTCATGG,GTTGTTGCTGCTGCTTGTTATAG,0,sg4
AAATGAGAAGAAGAGGCACAGGG,AAATGAGAAAAACAGACATGGTG,0,sg9
CCAGTGAGTAGAGCGGAGGCAGG,CCAGTGAGTTGGCAGGTGGCAAG,0,sg2
GACACCGAAGCAGAGTTTTTAGG,GACACCGAAGCAGGGAGCTTTGA,0,sg11
CCAGTGAGTAGAGCGGAGGCAGG,TTAGTGAGTAGAGGTGAGGGAAG,0,sg2
TGACATCAATTATTATACATCGG,TGACATGGCCTGTTATACATCGA,0,sg10
TGACATCAATTATTATACATCGG,TGATATGACTTATTATACAACAC,0,sg10
GAATCCTAAAAACTCTGCTTCGG,AAATCATGTAAGCTCTGCTTCAG,0,sg12
AAATGAGAAGAAGAGGCACAGGG,AAATGAGAAGAGCAAGAACCAGG,0,sg9
GACACCGAAGCAGAGTTTTTAGG,AACATAGAAGCAGAGTTATTAGG,0,sg11
TGACATCAATTATTATACATCGG,CTAGATCAATTATTATACACCCA,0,sg10
ATGAACACCAGTGAGTAGAGCGG,AATTACATCAGTGAGTAGAGAGT,0,sg6
GAATCCTAAAAACTCTGCTTCGG,GCCTCCTAAAAACTCTACATCTC,0,sg12
CCTGCCTCCGCTCTACTCACTGG,CCTTACTCTTGCCTACTCACTGG,0,sg7
ATGAACACCAGTGAGTAGAGCGG,GTGAACACCAGTGAGGTTTGCTG,0,sg6
GGGTGGGGGGAGTTTGCTCCTGG,GGGTGGGGGCAGTGGGTACTTGG,0,sg8
GGGTGGGGGGAGTTTGCTCCTGG,GGGTGGGGGCAGGGAGCACATGG,0,sg8
GAATCCTAAAAACTCTGCTTCGG,GAGTCCTAAAAACAGAGCTTCAA,0,sg12
AAATGAGAAGAAGAGGCACAGGG,AAATGAGAAGAGGGTGCACCAGG,0,sg9
GGGTGGGGGGAGTTTGCTCCTGG,GGGTGGGGGGAATTTTAACCTTC,0,sg8
AATGACCACTACATCCTCAAGGG,AACGTCCACTACATCGTCATCGT,0,sg5
AAATGAGAAGAAGAGGCACAGGG,AGAGGAGTCGATGAGGCACAGTG,0,sg9
AATGACCACTACATCCTCAAGGG,AAGCCCCACCTCATCCTCAAGGG,0,sg5
AATGACCACTACATCCTCAAGGG,AATGAAAAACAAATCCTCAAGGA,0,sg5
AAATGAGAAGAAGAGGCACAGGG,AAATGAGAAGGAAAAGTACAAGG,0,sg9
GGGTGGGGGGAGTTTGCTCCTGG,GGATGGGGGGAGTCAGCACATGG,0,sg8
TGACATCAATTATTATACATCGG,AGACATCAATTATGAAGCAGAGG,0,sg10
AAATGAGAAGAAGAGGCACAGGG,AAAGCAAATGATGAGGCACAGAG,0,sg9
TGACATCAATTATTATACATCGG,TATCATCAATTATCAGATATAGG,0,sg10
CTTGCCCCACAGGGCAGTAACGG,CCAGCCCCACAGGGCAGTGCCAG,0,sg3
CCTGCCTCCGCTCTACTCACTGG,CAGGCCTTCATACTACTCACTGG,0,sg7
TGACATCAATTATTATACATCGG,TTACATATACTATTATACATCTG,0,sg10
GAATCCTAAAAACTCTGCTTCGG,GAGTCCTAAAAACTGCTCTTGGG,0,sg12
AAATGAGAAGAAGAGGCACAGGG,AGAAAAGAAGAAGAGGAAGAGGG,0,sg9
AAATGAGAAGAAGAGGCACAGGG,AAAAGAGAAGAAGAGAAACAATA,0,sg9
CCTGCCTCCGCTCTACTCACTGG,CCTGCCTCCATGCTGCTCAGTGA,0,sg7
CCTGCCTCCGCTCTACTCACTGG,CCAACCCCCCCTCTACTCACTAA,0,sg7
CCTGCCTCCGCTCTACTCACTGG,CCTGCCTCCGTTCTCCTCATTGT,0,sg7
AAATGAGAAGAAGAGGCACAGGG,TATAGAGAAGAAGAGGGAAGGGG,0,sg9
AAATGAGAAGAAGAGGCACAGGG,AAATGCGAAACTGAGGCACAGAG,0,sg9
AAATGAGAAGAAGAGGCACAGGG,AAATGAGAAGAGAAACGAGAGGG,0,sg9
TGACATCAATTATTATACATCGG,TTTTACCACTTATTATACATGGG,0,sg10
GGGTGGGGGGAGTTTGCTCCTGG,GACTGGGGGGAGTTGGTCCCTGT,0,sg8
GGGTGGGGGGAGTTTGCTCCTGG,GGGTGGGGGGGTCTGGCACCTGC,0,sg8
CCTGCCTCCGCTCTACTCACTGG,CCTGCCTCCTGCCGACCCACAGG,0,sg7
GAATCCTAAAAACTCTGCTTCGG,GCACCCCACCAGCTCTGCTTCGG,0,sg12
AAATGAGAAGAAGAGGCACAGGG,CGTTGAGAAACAGAGGCACAGCG,0,sg9
GAATCCTAAAAACTCTGCTTCGG,GAATCCTAATATCTGTGCTTACC,0,sg12
AAATGAGAAGAAGAGGCACAGGG,GAGGGAGAAGAAGAGGAAGAAGG,0,sg9
AAATGAGAAGAAGAGGCACAGGG,TAATGAGAAGAACAGGAGCCAGG,0,sg9
ATGAACACCAGTGAGTAGAGCGG,AGGAACACCAGTGAGTTGCCTTG,0,sg6
AATGACCACTACATCCTCAAGGG,GATGACCACTACTTTCTGAAGTT,0,sg5
CCAGTGAGTAGAGCGGAGGCAGG,CTAGTGAGTAGAAGTGAGGAATG,0,sg2
CCTGCCTCCGCTCTACTCACTGG,CCTGCCTCCTCTCTGCTAACTCC,0,sg7
AAATGAGAAGAAGAGGCACAGGG,AAATGAGAATAAGAGGCTGGGCA,0,sg9
CTTGCCCCACAGGGCAGTAACGG,GCTGACCCCCAGGGCAGTGACTG,0,sg3
GGGTGGGGGGAGTTTGCTCCTGG,GGGTAGGGGATGTTTGCTCCTTT,0,sg8
AAATGAGAAGAAGAGGCACAGGG,AAATGAGAAGAAGAAAGGCAGTT,0,sg9
ATGAACACCAGTGAGTAGAGCGG,ATGAACACCTGTGAATAGATTAA,0,sg6
CTTGCCCCACAGGGCAGTAACGG,GTGGCCTCACTGGGCAGTAACAA,0,sg3
AAATGAGAAGAAGAGGCACAGGG,TGAGGAGCAGAAGAGGCAAGGGG,0,sg9
AAATGAGAAGAAGAGGCACAGGG,TGTTGAGAAAGAGAGGCACAGGA,0,sg9
CCTGCCTCCGCTCTACTCACTGG,CCTGCCTCCCCTCTGGAGACAGG,0,sg7
CCTGCCTCCGCTCTACTCACTGG,CCTGCCTCCAGTCAACTCATTTT,0,sg7
AAATGAGAAGAAGAGGCACAGGG,CATTTAGCAGAAGAGGCACATGA,0,sg9
AAATGAGAAGAAGAGGCACAGGG,AAAAAAGAAGTGGAGGCACAGGC,0,sg9
AATGACCACTACATCCTCAAGGG,AATGACCACCAAATGCCAAAGGA,0,sg5
AAATGAGAAGAAGAGGCACAGGG,AGATGGTTAGAAGAGGCAGAAGG,0,sg9
GGGTGGGGGGAGTTTGCTCCTGG,GGGTGGGGGCAGTTAGCTTCTCT,0,sg8
CCAGTGAGTAGAGCGGAGGCAGG,CTAGTGAGTAGAGGCTAGGGATG,0,sg2
CCAGTGAGTAGAGCGGAGGCAGG,AAAGTGAGTAGAAATGAGCCAGG,0,sg2
GAATCCTAAAAACTCTGCTTCGG,GGATTCTTAAAACTCTGCCACAG,0,sg12
GGGTGGGGGGAGTTTGCTCCTGG,GGGTGGGGGCAGTGGGCACCCAG,0,sg8
AAATGAGAAGAAGAGGCACAGGG,ATCTGGGGAGCAGAGGCACAGGT,0,sg9
GACACCGAAGCAGAGTTTTTAGG,GAAAATAAAAGAGAGTTTTTAGG,0,sg11
GGGTGGGGGGAGTTTGCTCCTGG,GGGTGGGGGCTGGAGGCTGCTGG,0,sg8
CCAGTGAGTAGAGCGGAGGCAGG,CCAGTGAGTACAGAGGGGGGATT,0,sg2
GGGTGGGGGGAGTTTGCTCCTGG,GGGTGGGGGGTGTTTGCTCCCTA,0,sg8
GAATCCTAAAAACTCTGCTTCGG,GATTGCTATAACCTCTGCTTCCT,0,sg12
AATGACCACTACATCCTCAAGGG,AATTTTCTCTTCATCCTCAAGGC,0,sg5
GGGTGGGGGGAGTTTGCTCCTGG,GGGTGGGGGGGCTGTGCTCCTGC,0,sg8
CCTGCCTCCGCTCTACTCACTGG,CTTGCCACAGCTCTACTCGCTGT,0,sg7
CTTGCCCCACAGGGCAGTAACGG,CCTGCTCCACAGGGCAATATCTT,0,sg3
AAATGAGAAGAAGAGGCACAGGG,AAGTGAGAAGAAGGCTAACAAGG,0,sg9
CTTGCCCCACAGGGCAGTAACGG,TTGAACCCACAGGGCAGAAACTG,0,sg3
AAATGAGAAGAAGAGGCACAGGG,AATGGAGAGGAAGAGGCATTGGC,0,sg9
GAATCCTAAAAACTCTGCTTCGG,AAATGCTAAAAACTCTATTTCCA,0,sg12
TGACATCAATTATTATACATCGG,TTACATCTAAAATTATACATCCA,0,sg10
AATGACCACTACATCCTCAAGGG,AATGACCACTTAAACCTCAAACT,0,sg5
CTTGCCCCACAGGGCAGTAACGG,CCTACCCCACAGGGCTGTGGAGG,0,sg3
GGTCCTGCCGCTGCTTGTCATGG,GGGCCTGCCGCTGGTGGTGGTGG,0,sg4
AAATGAGAAGAAGAGGCACAGGG,AAATGAGAATAATTAGGACATGG,0,sg9
GGGTGGGGGGAGTTTGCTCCTGG,TGGTGGGGGGAGGTCACATCTGG,0,sg8
GGGTGGGGGGAGTTTGCTCCTGG,GGGTGGGGGGAGATTGCGTGCCG,0,sg8
CTTGCCCCACAGGGCAGTAACGG,GTGTCCCCACAGGGCAGGAAAGG,0,sg3
GGTCCTGCCGCTGCTTGTCATGG,GGTCCTGCCCCTGCTAGATAAAG,0,sg4
CTTGCCCCACAGGGCAGTAACGG,CTTTGCCGCCAGGGCAGTGACAG,0,sg3
AAATGAGAAGAAGAGGCACAGGG,AAATGAGAAAACTAGGTTAAGGG,0,sg9
AAATGAGAAGAAGAGGCACAGGG,AAATGAGAAGTATAAACACAGAA,0,sg9
GACACCGAAGCAGAGTTTTTAGG,GAAACCGAAGCAGGGTGTTGTGA,0,sg11
GGGTGGGGGGAGTTTGCTCCTGG,GGGTGGCCTGAGTTTGCTAGAGG,0,sg8
AAATGAGAAGAAGAGGCACAGGG,AAAAAAGAAGAAGAGAAAAAGTG,0,sg9
AAATGAGAAGAAGAGGCACAGGG,AAGAGGGAAGAAGAGGGAAAGGA,0,sg9
GGTCCTGCCGCTGCTTGTCATGG,GGATCTGCAGCTGCTTGTTCTGG,0,sg4
ATGAACACCAGTGAGTAGAGCGG,CTGAACACCAGTAATGAGAGCAT,0,sg6
AAATGAGAAGAAGAGGCACAGGG,AAATGAGAAGCAGTGGCAAGATG,0,sg9
GGTCCTGCCGCTGCTTGTCATGG,GGTCCTGAAGCTGCTTGTGTCTG,0,sg4
AAATGAGAAGAAGAGGCACAGGG,CAAAAAGAAGAAGAGGAAGAGGA,0,sg9
GGTCCTGCCGCTGCTTGTCATGG,GCACCTGCCGCTGATTTTCAAGT,0,sg4
ATGAACACCAGTGAGTAGAGCGG,ATGAACACCTGTGAAAAGATAGA,0,sg6
GGTCCTGCCGCTGCTTGTCATGG,GGTCCTGCCTGTGCCTGTTGTGG,0,sg4
AAATGAGAAGAAGAGGCACAGGG,AATTGGGAAGCTGAGGCACAGAG,0,sg9
AAATGAGAAGAAGAGGCACAGGG,CAGTGAGGAAAAGAGGCACAGAC,0,sg9
AAATGAGAAGAAGAGGCACAGGG,AATTTTGAAGAAGAGGTATATGG,0,sg9
CTTGCCCCACAGGGCAGTAACGG,CCTGTCCCACAGGGCTGCAAGTG,0,sg3
TGACATCAATTATTATACATCGG,TAACAGCGTTTATTATACAGTGG,0,sg10
CCTGCCTCCGCTCTACTCACTGG,CCTGCCTCCGCGGTGGGCTCTGG,0,sg7
AAATGAGAAGAAGAGGCACAGGG,GAAAGTGATGATGAGGCACAGGG,0,sg9
AAATGAGAAGAAGAGGCACAGGG,AGGTGAGAAGAAGAGGAAAAGGA,0,sg9
GGGTGGGGGGAGTTTGCTCCTGG,AGGCAGGGGGAGTTTACTCAAGG,0,sg8
GAATCCTAAAAACTCTGCTTCGG,GAATCCTAAACACGCTGCACAAG,0,sg12
AACACCAGTGAGTAGAGCGGAGG,AGGACCAGTGAGCAGAGTGGTGA,0,sg1
CCAGTGAGTAGAGCGGAGGCAGG,CCAGTCTATAGAGCGGAGGCCTG,0,sg2
CCAGTGAGTAGAGCGGAGGCAGG,CATGTGAGTAGAAGGGAGGGAGT,0,sg2
AACACCAGTGAGTAGAGCGGAGG,AACACCAGTGTTTAAGGAGCAGG,0,sg1
ATGAACACCAGTGAGTAGAGCGG,TTGAACACCAGTCAGAATAGCTA,0,sg6
CTTGCCCCACAGGGCAGTAACGG,CTGCTCCCACAGGGCAGTTGGGG,0,sg3
GGGTGGGGGGAGTTTGCTCCTGG,GGGTGGGGGCCCTGCCCTCCTGG,0,sg8
GGGTGGGGGGAGTTTGCTCCTGG,CGGGGGAGGGAGTTTGCTCCTGG,1,sg8
CTTGCCCCACAGGGCAGTAACGG,CTTGCCCCACTGTGATGTATAGG,0,sg3
AAATGAGAAGAAGAGGCACAGGG,AAATGAGAAGGGAAGGCTCAGAG,0,sg9
AAATGAGAAGAAGAGGCACAGGG,CAAGTAGAAGAAGAGGAGCAGGA,0,sg9
AAATGAGAAGAAGAGGCACAGGG,AAGAGAGAGAAAGAGCCAAAGGG,0,sg9
GAATCCTAAAAACTCTGCTTCGG,GGATTGGCAAAACTCTGCTTCTG,0,sg12
AAATGAGAAGAAGAGGCACAGGG,AAAGAGGAAGAAGAGGAACAAGG,0,sg9
GGGTGGGGGGAGTTTGCTCCTGG,GGGTGGGGGGTGTTTCTAGCTGC,0,sg8
GACACCGAAGCAGAGTTTTTAGG,GAAACCGAAGCACAGTGATTCTG,0,sg11
ATGAACACCAGTGAGTAGAGCGG,CAGGACACCAGTGAGGAGAGCTG,0,sg6
AAATGAGAAGAAGAGGCACAGGG,AAAAGAAAAACTGAGGCACAGAG,0,sg9
GGGTGGGGGGAGTTTGCTCCTGG,GAATGAGGGGAGTTTGCTCTTCT,0,sg8
AAATGAGAAGAAGAGGCACAGGG,AAATGAGAAATCCAGGGACTGGG,0,sg9
AAATGAGAAGAAGAGGCACAGGG,AATTCTGAAGAAGAGTCACAAAG,0,sg9
CTTGCCCCACAGGGCAGTAACGG,TTTGTCCCACAGGGCACAATCTG,0,sg3
GGTCCTGCCGCTGCTTGTCATGG,TGGCCTGTGGCTGCTTGTCGTGG,0,sg4
GGGTGGGGGGAGTTTGCTCCTGG,TGGTTCAGGGAGTTTGCTCTGGG,0,sg8
GGGTGGGGGGAGTTTGCTCCTGG,GGGTGGGGGAAGTGTGGTCAAGG,0,sg8
AATGACCACTACATCCTCAAGGG,AATCATCACTGAATCCTCAAGAT,0,sg5
CCTGCCTCCGCTCTACTCACTGG,CCTGCCTCCTCTGTGCTGCCTGC,0,sg7
AAATGAGAAGAAGAGGCACAGGG,AAATGAGAAACACACACACATGG,0,sg9
CCTGCCTCCGCTCTACTCACTGG,CCTGCCTCCAGCCTTCTCCCTTG,0,sg7
GGTCCTGCCGCTGCTTGTCATGG,GTTTCTGCTTTTGCTTGTCATTG,0,sg4
GGGTGGGGGGAGTTTGCTCCTGG,TCATGGGGGGAGTTTCCCCCTTG,0,sg8
GAATCCTAAAAACTCTGCTTCGG,GAATCCTAAAATCACTCTTTCCT,0,sg12
AAATGAGAAGAAGAGGCACAGGG,GAGTGAGAAGAAACGGCACAGAG,0,sg9
GAATCCTAAAAACTCTGCTTCGG,GTAACTTAAAAACTCAGATTGGG,0,sg12
AACACCAGTGAGTAGAGCGGAGG,CCCACCAGTGAGGAGACAGGGGG,0,sg1
AAATGAGAAGAAGAGGCACAGGG,AAATGAGAAAATAAAGCTCAGAG,0,sg9
AAATGAGAAGAAGAGGCACAGGG,AAGTGATAGGAAGAGGCACTGGT,0,sg9
AAATGAGAAGAAGAGGCACAGGG,AAATGAGAAGAGTAGGCTTAATG,0,sg9
AATGACCACTACATCCTCAAGGG,AATGACCACAGCTGCCACAACGG,0,sg5
GACACCGAAGCAGAGTTTTTAGG,AAAAAGGAAGCAGAGTTCTTTGG,0,sg11
GACACCGAAGCAGAGTTTTTAGG,GAAACCGAAGCACAGATGTTAAC,0,sg11
AAATGAGAAGAAGAGGCACAGGG,AAATGAGAAAATTGGGCACAGAA,0,sg9
ATGAACACCAGTGAGTAGAGCGG,GAGATCACCAGTGAGTAGAGACA,0,sg6
GGGTGGGGGGAGTTTGCTCCTGG,GGGCTGGCGGTGTTTGCTCCTGC,0,sg8
GGGTGGGGGGAGTTTGCTCCTGG,GGGTGGGGGATGCTCCCTGCTGG,0,sg8
AAATGAGAAGAAGAGGCACAGGG,AAAGGGGAAGAAGAGAGCCATGG,0,sg9
AAATGAGAAGAAGAGGCACAGGG,AAGTGAGAAGAAGAGGGCAAGGA,0,sg9
AATGACCACTACATCCTCAAGGG,ACTGAGCATGATATCCTCAAGGT,0,sg5
AACACCAGTGAGTAGAGCGGAGG,AACAAAAGTGAGTAGTGAGGCTG,0,sg1
AAATGAGAAGAAGAGGCACAGGG,CAGTGGGAGGAAGAGGCAGGGGG,0,sg9
AAATGAGAAGAAGAGGCACAGGG,AAATGAGAACACAGGACACAGGG,0,sg9
CCAGTGAGTAGAGCGGAGGCAGG,TGGATGAGTAGAGCGGAGCCAGA,0,sg2
GGGTGGGGGGAGTTTGCTCCTGG,GGGTTGGGGGAGTTTCCGGGTGC,0,sg8
AAATGAGAAGAAGAGGCACAGGG,AAATGAGAAGATGCTGGACAAAG,0,sg9
AAATGAGAAGAAGAGGCACAGGG,GAATGATAGGGAGAGGCACAGAC,0,sg9
AATGACCACTACATCCTCAAGGG,AATGACCACAGCATCCCTAAGAT,0,sg5
CTTGCCCCACAGGGCAGTAACGG,CTGGTCCCACAGGGCAGTAATAT,0,sg3
AAATGAGAAGAAGAGGCACAGGG,AGATGAGAAGAAGCCAGAAAGGG,0,sg9
AATGACCACTACATCCTCAAGGG,GGAGACCACTACATCCTCCAGAG,0,sg5
ATGAACACCAGTGAGTAGAGCGG,ATGAACACCAGATATTTGAGTGT,0,sg6
AACACCAGTGAGTAGAGCGGAGG,AACACGAGTGAGTAGAGCATAGA,0,sg1
ATGAACACCAGTGAGTAGAGCGG,GTAAACACCAGTGAGGACAGAGG,0,sg6
AAATGAGAAGAAGAGGCACAGGG,TAATGAGAAGAAGATATAGAAGG,0,sg9
ATGAACACCAGTGAGTAGAGCGG,ATGAACACCAGTGCTTTCTGTGG,0,sg6
GGGTGGGGGGAGTTTGCTCCTGG,TGCTCAGAGGGGTTTGCTCCTGG,0,sg8
GAATCCTAAAAACTCTGCTTCGG,GCCTCCTCCACACTCTGCTTCTG,0,sg12
AAATGAGAAGAAGAGGCACAGGG,AAATGAGAAGAAACTCCACAGAC,0,sg9
GGTCCTGCCGCTGCTTGTCATGG,CCTGCTGCTGCTGCTTGTGATGG,0,sg4
AACACCAGTGAGTAGAGCGGAGG,TACAACAGTGAGTAGAACAGAGC,0,sg1
TGACATCAATTATTATACATCGG,TCATAGCAATTATTATAAATAGT,0,sg10
CTTGCCCCACAGGGCAGTAACGG,CTTGCCCCACAGGCAAGAACGGC,0,sg3
AAATGAGAAGAAGAGGCACAGGG,CAGTGTGGATGAGAGGCACAGGG,0,sg9
GAATCCTAAAAACTCTGCTTCGG,GAATCCTAAAGAATCTACGTCTT,0,sg12
CTTGCCCCACAGGGCAGTAACGG,CATGCACCACAGGGCTGTCAGTG,0,sg3
TGACATCAATTATTATACATCGG,TGAAAACAATTATTATAAATTAG,0,sg10
AAATGAGAAGAAGAGGCACAGGG,AAATGAGAAGAAAAGGAGGAGTC,0,sg9
TGACATCAATTATTATACATCGG,TGTAGTAAATTATTATACATAAG,0,sg10
GAATCCTAAAAACTCTGCTTCGG,TATTCCTAAAAACTGAACTTGGG,0,sg12
GGGTGGGGGGAGTTTGCTCCTGG,GGGTGGGGGAAAGGTGCTACTGA,0,sg8
AAATGAGAAGAAGAGGCACAGGG,AAATGAGAAACAGAAGTAAAGGT,0,sg9
CTTGCCCCACAGGGCAGTAACGG,CCCGCCCACCAGGGCAGTGAGGG,0,sg3
ATGAACACCAGTGAGTAGAGCGG,CATAAAAGCAGAGAGTAGAGCGG,0,sg6
GAATCCTAAAAACTCTGCTTCGG,GAATCATAAAAACTCCACATCTG,0,sg12
CCAGTGAGTAGAGCGGAGGCAGG,CCTCCCAGCAGAGCGGAGGCTGG,0,sg2
AAATGAGAAGAAGAGGCACAGGG,AAATGAGAAGTACCTGCAAAGCG,0,sg9
TGACATCAATTATTATACATCGG,TATCTACAATTATTATACATCAA,0,sg10
AAATGAGAAGAAGAGGCACAGGG,GATTGAGAAATTGAGGCACAGAG,0,sg9
AAATGAGAAGAAGAGGCACAGGG,ACTTCAGCAGATGAGGCACAGAG,0,sg9
CCAGTGAGTAGAGCGGAGGCAGG,GCAGTGAGTAGAGATTAGGCACT,0,sg2
AAATGAGAAGAAGAGGCACAGGG,AAAAGGGAAGAAGAGACACAGAG,0,sg9
AAATGAGAAGAAGAGGCACAGGG,AAATGAGAAGCTGAGGGCCATAG,0,sg9
GGGTGGGGGGAGTTTGCTCCTGG,GGGGGTGGGGGGTCTGCTAATGG,0,sg8
GACACCGAAGCAGAGTTTTTAGG,GGGAAAGAAGCAGAGTTTTAGGG,0,sg11
AATGACCACTACATCCTCAAGGG,AAAACCCACCCCATCCTCAAGAG,0,sg5
AAATGAGAAGAAGAGGCACAGGG,AGAGAAGAAGAAGAGACAGAGAG,0,sg9
AAATGAGAAGAAGAGGCACAGGG,AGAATCGAAGAAGAGCCACAGGT,0,sg9
GAATCCTAAAAACTCTGCTTCGG,GAATCCTAAAAACAATGCATGAG,0,sg12
AAATGAGAAGAAGAGGCACAGGG,TAATGAGAAGAAAAGCCCAAGGA,0,sg9
AAATGAGAAGAAGAGGCACAGGG,ATTGGAGAGGAAGAGGCAGAGCG,0,sg9
AATGACCACTACATCCTCAAGGG,CCTGGTCACAGCATCCTCAAGGG,0,sg5
GGGTGGGGGGAGTTTGCTCCTGG,GGGTGGGGGGGTGTTGCTCCCAG,0,sg8
ATGAACACCAGTGAGTAGAGCGG,ATGAACACCAGGCAGTTATGGGG,0,sg6
AACACCAGTGAGTAGAGCGGAGG,GACACCAGTGAGGGCAGCCAAGG,0,sg1
AATGACCACTACATCCTCAAGGG,TATATCTACTCCATCCTCAAGTG,0,sg5
CCAGTGAGTAGAGCGGAGGCAGG,CCAGGTGGCAGAGCGGAGCCTGG,0,sg2
ATGAACACCAGTGAGTAGAGCGG,AGAAACACCAGTGACTGGACCTG,0,sg6
AAATGAGAAGAAGAGGCACAGGG,GAACAAAAAGAAGAGGCAAAGAG,0,sg9
GGGTGGGGGGAGTTTGCTCCTGG,GGGTGGGGGGAGCTTACTACAGA,0,sg8
AAATGAGAAGAAGAGGCACAGGG,AAGAGCCAGGAAGAGGCACGGGG,0,sg9
GACACCGAAGCAGAGTTTTTAGG,AACCCTGAAGCAGAGGTTGCAGG,0,sg11
AAATGAGAAGAAGAGGCACAGGG,ACAAGAGAAGAAGAGGGATAGGT,0,sg9
CTTGCCCCACAGGGCAGTAACGG,CTTATCTCACAGGGCAGTTAGGG,0,sg3
GAATCCTAAAAACTCTGCTTCGG,GGCTCCTAAAAACGTGGCTTTGG,0,sg12
GGTCCTGCCGCTGCTTGTCATGG,GGTCTTGACTCAGCTTGTCATTA,0,sg4
CTTGCCCCACAGGGCAGTAACGG,ATGGCTACACAGGGCAGTTAAGG,0,sg3
GGGTGGGGGGAGTTTGCTCCTGG,GGGTGGGGGGACACTGCTCCACC,0,sg8
AAATGAGAAGAAGAGGCACAGGG,AACTGAGAAGAAGTGCTACAGCA,0,sg9
ATGAACACCAGTGAGTAGAGCGG,AGATACAACAGTGAGTAGAACAG,0,sg6
TGACATCAATTATTATACATCGG,TGACATCAATGCTTTCACAAAGG,0,sg10
GGGTGGGGGGAGTTTGCTCCTGG,GGGGGGGTGGAATATGCCCCTAG,0,sg8
AAATGAGAAGAAGAGGCACAGGG,ACAGGCAGGGAAGAGGCACAGGG,0,sg9
AAATGAGAAGAAGAGGCACAGGG,AAGTGAGAAGAAGATACAGGTGG,0,sg9
AATGACCACTACATCCTCAAGGG,AATGACCACCACGTCCCCAAGTT,0,sg5
GGGTGGGGGGAGTTTGCTCCTGG,TGTTCTTGGGAGTTTGCTCCTTG,0,sg8
CCAGTGAGTAGAGCGGAGGCAGG,CCAGTGAGTGGTGCAGAGATGGG,0,sg2
TGACATCAATTATTATACATCGG,TGTCCTCAATTATTACCCTTCGT,0,sg10
AAATGAGAAGAAGAGGCACAGGG,AAATGAGAAAAAAAGGACCAGAG,0,sg9
CTTGCCCCACAGGGCAGTAACGG,ATTCATCCACAGGGCAGTATCAG,0,sg3
AAATGAGAAGAAGAGGCACAGGG,AAATGAGAAAGAGATGACCAGGA,0,sg9
CCTGCCTCCGCTCTACTCACTGG,CCTGCCTCCCCTCTGCCCTCAGC,0,sg7
GGGTGGGGGGAGTTTGCTCCTGG,GGGTGGGGGGACTTTATGCCTAA,0,sg8
AAATGAGAAGAAGAGGCACAGGG,ATGTGAAGAGAAGAGGCAATGGG,0,sg9
CCTGCCTCCGCTCTACTCACTGG,CCTGCCTCCTCTCCCCAGACTGC,0,sg7
AATGACCACTACATCCTCAAGGG,AATGAACATTACATCCTCACAAG,0,sg5
ATGAACACCAGTGAGTAGAGCGG,CTGAACACCAGTAAAGAGAGAGG,0,sg6
TGACATCAATTATTATACATCGG,TGACATCAACTATTTCTCCTCGT,0,sg10
TGACATCAATTATTATACATCGG,TAAAATGAATGATTATACATCAT,0,sg10
CCAGTGAGTAGAGCGGAGGCAGG,CTAGTGAGTAGAGAGCAGGGATG,0,sg2
AATGACCACTACATCCTCAAGGG,AATGACCACTAAATCACCTATTG,0,sg5
GAATCCTAAAAACTCTGCTTCGG,GTATGCTAAAAACTCTGGTTATA,0,sg12
AAATGAGAAGAAGAGGCACAGGG,AAATGAGAATACCAGGCACTAGG,0,sg9
GGTCCTGCCGCTGCTTGTCATGG,GGTCTTGCTGCTGCTTGTAATCC,0,sg4
AAATGAGAAGAAGAGGCACAGGG,CAAAGCCAGGAAGAGGCACAGAG,0,sg9
GGGTGGGGGGAGTTTGCTCCTGG,GTGAGGGGTGCCTTTGCTCCTGG,0,sg8
CCTGCCTCCGCTCTACTCACTGG,CATCCCTGGCCTCTACTCACTGA,0,sg7
CCTGCCTCCGCTCTACTCACTGG,CTTCCCTTCCTTCTACTCACTAG,0,sg7
TGACATCAATTATTATACATCGG,TGACATCAAATATTTTACTGCCA,0,sg10
GGGTGGGGGGAGTTTGCTCCTGG,CTATTGATGGAGTTTGCTCCTGG,0,sg8
ATGAACACCAGTGAGTAGAGCGG,ATGAACACCAGTGAATACAGAAT,0,sg6
CCTGCCTCCGCTCTACTCACTGG,CCTGCCTCCGCTGGGCTCACATT,0,sg7
GGGTGGGGGGAGTTTGCTCCTGG,GAGTGGGGGGAGATTGTAGATGG,0,sg8
CCTGCCTCCGCTCTACTCACTGG,CCTGGCTAGCCTCTACTCACTTC,0,sg7
AATGACCACTACATCCTCAAGGG,CCTCAGCGCTGCATCCTCAAGGG,0,sg5
AAATGAGAAGAAGAGGCACAGGG,AAATGAGAAGTAAAGGCAGATGA,0,sg9
AAATGAGAAGAAGAGGCACAGGG,AAGTGAGAAGAAAAGACAAAAGA,0,sg9
AAATGAGAAGAAGAGGCACAGGG,AAATGAGAAAAAGTTGAAGAGAG,0,sg9
GGGTGGGGGGAGTTTGCTCCTGG,GGGTGGGGGGAGCTCCGTCTTTG,0,sg8
GAATCCTAAAAACTCTGCTTCGG,TAATCCTAAAAATTCTTATTCCT,0,sg12
GGGTGGGGGGAGTTTGCTCCTGG,GGGAGGGGGGAGTTTTATTTTGC,0,sg8
CCAGTGAGTAGAGCGGAGGCAGG,TCAGTGAGTAGAGGCCAGGGATG,0,sg2
AAATGAGAAGAAGAGGCACAGGG,AAATGAGAAAAAGATACAGAAAG,0,sg9
AATGACCACTACATCCTCAAGGG,CTTCACCACTACATCCTCTCTGG,0,sg5
GGGTGGGGGGAGTTTGCTCCTGG,GGGTGGGGGCAAATTGGGCTTGG,0,sg8
GAATCCTAAAAACTCTGCTTCGG,GAGTATTAAGACCTCTGCTTCTG,0,sg12
AATGACCACTACATCCTCAAGGG,AATGACCACCACCATTTCAAGAG,0,sg5
AAATGAGAAGAAGAGGCACAGGG,AAAGGAGAGGAAGAGGCATTAAG,0,sg9
AATGACCACTACATCCTCAAGGG,AATGACCACTAAGATCTTAAGAG,0,sg5
GAATCCTAAAAACTCTGCTTCGG,TCATGCTAAAAACTCTCCATCTG,0,sg12
CCAGTGAGTAGAGCGGAGGCAGG,CCTTTGGGAAGAGCGGAGGGCGG,0,sg2
GAATCCTAAAAACTCTGCTTCGG,TAAACCTAAAAACTCAGCCTCTA,0,sg12
CTTGCCCCACAGGGCAGTAACGG,CCTGCCCCACAGCACAGCACCGT,0,sg3
AAATGAGAAGAAGAGGCACAGGG,AAAAAAGAAGAAGAGGAAGAGGC,0,sg9
AATGACCACTACATCCTCAAGGG,TATGAGCACTGCATCCTCAAGAC,0,sg5
CCAGTGAGTAGAGCGGAGGCAGG,CCAGACAGGAGTGCGGAGGCATG,0,sg2
GGGTGGGGGGAGTTTGCTCCTGG,GGGTGGGGGGTGGGGGCACCTGT,0,sg8
AAATGAGAAGAAGAGGCACAGGG,AGAAGATAAGCAGAGGCACAGAA,0,sg9
AAATGAGAAGAAGAGGCACAGGG,AAAAAAGATGAAGAGGCAGAGCC,0,sg9
GGGTGGGGGGAGTTTGCTCCTGG,GGGTGGGGTGGGGGGGCTCCTGC,0,sg8
CTTGCCCCACAGGGCAGTAACGG,CCTTCCCCACAGGGCAGGAGCCA,0,sg3
AAATGAGAAGAAGAGGCACAGGG,AAATGAGAATAACAGCCCCAGAG,0,sg9
CCTGCCTCCGCTCTACTCACTGG,CCTTATTTAGCTCTACTCACTGT,0,sg7
AAATGAGAAGAAGAGGCACAGGG,AAATGAGAAGAAGACTGAGTGTG,0,sg9
AAATGAGAAGAAGAGGCACAGGG,AAAGGAAAAAATGAGAAACAGGG,0,sg9
CCTGCCTCCGCTCTACTCACTGG,CCTGCCTCCCCTGGGGTGACTGG,0,sg7
AACACCAGTGAGTAGAGCGGAGG,AAAAACAAAGATTAGAGCGGAGA,0,sg1
GAATCCTAAAAACTCTGCTTCGG,GAATCCTAAAAATACTGTTTTAT,0,sg12
AAATGAGAAGAAGAGGCACAGGG,AGATTTGAAGAAGAGGCAGGGAG,0,sg9
TGACATCAATTATTATACATCGG,TGACATCAAGAATGAAACTGCGG,0,sg10
GAATCCTAAAAACTCTGCTTCGG,GAATGGTAAAAACTCTTATTCAA,0,sg12
CCTGCCTCCGCTCTACTCACTGG,CCTGCCTCCGCCCTGTGCACCAG,0,sg7
CCTGCCTCCGCTCTACTCACTGG,CCTGCCTCCGTGCTACCCCCAGG,0,sg7
AAATGAGAAGAAGAGGCACAGGG,ATAAAAGAAGAAGAGGAAGAGGA,0,sg9
AAATGAGAAGAAGAGGCACAGGG,AAGTAATAAGAAGAGGCAAAAGG,0,sg9
TGACATCAATTATTATACATCGG,TTATAGCAATAATTATACATCGG,0,sg10
TGACATCAATTATTATACATCGG,TTACATCTGCAATTATACATCTG,0,sg10
GGGTGGGGGGAGTTTGCTCCTGG,GGGTGGGGGAAGTTTTAAAATGG,0,sg8
AACACCAGTGAGTAGAGCGGAGG,AACACCAGTGAGTTTAGGAGATA,0,sg1
AAATGAGAAGAAGAGGCACAGGG,AATGGGGAAACAGAGGCACAGAG,0,sg9
CCAGTGAGTAGAGCGGAGGCAGG,TTTGTGAGGTGAGCGGAGGCAGT,0,sg2
AAATGAGAAGAAGAGGCACAGGG,AGATGGGCAGTGGAGGCACAGCG,0,sg9
GACACCGAAGCAGAGTTTTTAGG,AACACGGAAGCAGAGGTTGCAGT,0,sg11
GGTCCTGCCGCTGCTTGTCATGG,GGCCCTTGAGCTGCTTGTCCGGG,0,sg4
AACACCAGTGAGTAGAGCGGAGG,ATTTCCAGTGAGTAGACCTGGGG,0,sg1
GAATCCTAAAAACTCTGCTTCGG,AAGTACTAAAAACTCTTCTTTTG,0,sg12
AACACCAGTGAGTAGAGCGGAGG,AACACCAGTGTTTTGAACCGTGG,0,sg1
CCTGCCTCCGCTCTACTCACTGG,CCTGCCTCCTCTGTCCTCCCAGA,0,sg7
AAATGAGAAGAAGAGGCACAGGG,AAAAGAAGAAGAGATGCACAGGG,0,sg9
AAATGAGAAGAAGAGGCACAGGG,GAATGAGATGAAGAGGCAAAACA,0,sg9
CCTGCCTCCGCTCTACTCACTGG,CTCTCCTTAGCTCTACTCACTGG,0,sg7
AAATGAGAAGAAGAGGCACAGGG,CCATGAGAAGAAGTGCCACAGGG,0,sg9
TGACATCAATTATTATACATCGG,AGACATCAATTAATATATCTAAG,0,sg10
AAATGAGAAGAAGAGGCACAGGG,AAAGGAGAATGTGAGGCACAGTG,0,sg9
AACACCAGTGAGTAGAGCGGAGG,CACCCCTGTGAGTAGAGCGTGGC,0,sg1
GACACCGAAGCAGAGTTTTTAGG,GAAAAGCAAAGAGAGTTTTTAGG,0,sg11
AAATGAGAAGAAGAGGCACAGGG,TAATCACATTAGGAGGCACAGGG,0,sg9
AACACCAGTGAGTAGAGCGGAGG,AACACCAGTGAGAAGCACTGAAA,0,sg1
GGGTGGGGGGAGTTTGCTCCTGG,GGGTGGGGTGAGGGTGGCCCTGT,0,sg8
AAATGAGAAGAAGAGGCACAGGG,ACATGGGAAGAAGAGACACTGAA,0,sg9
AAATGAGAAGAAGAGGCACAGGG,CAACATGAAGAAGAGACACAGGA,0,sg9
CTTGCCCCACAGGGCAGTAACGG,CTGACCCCACAGGGCTGTTGTGG,0,sg3
GGTCCTGCCGCTGCTTGTCATGG,GGTCCTGCCGCTGCCCGTAGCCG,0,sg4
AAATGAGAAGAAGAGGCACAGGG,AACATAGAAAAAGAGGCACAGCT,0,sg9
CCTGCCTCCGCTCTACTCACTGG,CCTGCCTCCTTCCTACTAACATG,0,sg7
CCTGCCTCCGCTCTACTCACTGG,CCTGCCTCCTCTCTCCTCGCTGC,0,sg7
AAATGAGAAGAAGAGGCACAGGG,AATCCAGAAGAAGAGCTACAGGG,0,sg9
CTTGCCCCACAGGGCAGTAACGG,CTGACCCCACAGGGCTGTCAGGT,0,sg3
CCTGCCTCCGCTCTACTCACTGG,CCTGCCTCCGCCTTCCACCCTGG,0,sg7
CTTGCCCCACAGGGCAGTAACGG,TTAGCCCCACAGGTCAGCAAAGA,0,sg3
AAATGAGAAGAAGAGGCACAGGG,TAAAGACTAGAAGAGGCAAAGTG,0,sg9
GGGTGGGGGGAGTTTGCTCCTGG,GGGTGGGTAGAATTTCCTTTTGG,0,sg8
GAATCCTAAAAACTCTGCTTCGG,GAATCCTAAAGGTGCTGCTTCAA,0,sg12
GAATCCTAAAAACTCTGCTTCGG,CAAACCTAGCAGCTCTGCTTCGC,0,sg12
AATGACCACTACATCCTCAAGGG,ACTGATCACAAAATCCTCAAGGC,0,sg5
TGACATCAATTATTATACATCGG,TGACTTGGGGTCTTATACATCGG,0,sg10
GGGTGGGGGGAGTTTGCTCCTGG,CTCTGGGGGGAGTCTGCTCCCTG,0,sg8
AAATGAGAAGAAGAGGCACAGGG,ATATGAGAAACTGAGGCACAGAA,0,sg9
AAATGAGAAGAAGAGGCACAGGG,CAACGGGAAGAAGAGGGTCAGAG,0,sg9
AAATGAGAAGAAGAGGCACAGGG,AAATGAGAAGACTTGAGACAGTG,0,sg9
CCTGCCTCCGCTCTACTCACTGG,CCTGCCTCCATTCTTCTTACTTT,0,sg7
GAATCCTAAAAACTCTGCTTCGG,TAGTGACAAAGACTCTGCTTCGG,0,sg12
AACACCAGTGAGTAGAGCGGAGG,AACACCAGTGAGAAAATCAAAGC,0,sg1
GACACCGAAGCAGAGTTTTTAGG,CACACCGAAGCAGAGGGGTAATG,0,sg11
AAATGAGAAGAAGAGGCACAGGG,CACTGAGAAGAACATTCCCAGGG,0,sg9
AAATGAGAAGAAGAGGCACAGGG,AAAAGAAAGGAAGAGGCACGTGG,0,sg9
GACACCGAAGCAGAGTTTTTAGG,AATCTCTAAGCAGAGTTTTCAGG,0,sg11
CCAGTGAGTAGAGCGGAGGCAGG,CCAGATGGTAGAGCGGAGAGAGA,0,sg2
TGACATCAATTATTATACATCGG,TAACATCAATTATTATGCAAATA,0,sg10
CTTGCCCCACAGGGCAGTAACGG,CTTGGCCCACAGGGCTCTGACAC,0,sg3
GGGTGGGGGGAGTTTGCTCCTGG,GGGTGGGGGGAGGTTCTTCTAGA,0,sg8
CCTGCCTCCGCTCTACTCACTGG,TCTGCCTCCGCTGTCCTCACCAC,0,sg7
AACACCAGTGAGTAGAGCGGAGG,AACACCAGTGCTATCAGCTGAGG,0,sg1
CCTGCCTCCGCTCTACTCACTGG,TCTTCCTGTTCTCTACTCACTGG,0,sg7
GGGTGGGGGGAGTTTGCTCCTGG,GGGTGGGTGGGGGTGGCCCCTGG,0,sg8
AAATGAGAAGAAGAGGCACAGGG,AAATGAGAACATGGGTCTCAGGA,0,sg9
TGACATCAATTATTATACATCGG,TAAAAAAAATTATTATACATCTC,0,sg10
AATGACCACTACATCCTCAAGGG,ACTGACACGTACATCCTCATGGG,0,sg5
AATGACCACTACATCCTCAAGGG,GACCAGCACTAGATCCTCAAGGG,0,sg5
AAATGAGAAGAAGAGGCACAGGG,AAATGAGAAGAACAGACATTTCG,0,sg9
AAATGAGAAGAAGAGGCACAGGG,ATATGAGAAGAACAAGAACAGTT,0,sg9
ATGAACACCAGTGAGTAGAGCGG,ATTAACACCAGTTAATATATAGG,0,sg6
CCAGTGAGTAGAGCGGAGGCAGG,CCAGTGAGTAGGTCAGACCCAGG,0,sg2
AAATGAGAAGAAGAGGCACAGGG,AAAGGAGAAGAAGAGAAAAGTGG,0,sg9
AAATGAGAAGAAGAGGCACAGGG,CTTTCAGCAGAAGAGGCACAGGC,0,sg9
AAATGAGAAGAAGAGGCACAGGG,AAAGGAGAAGAAGAAGAGGAGGA,0,sg9
CCTGCCTCCGCTCTACTCACTGG,CCTGCCTCCCCTCTACCCACATC,0,sg7
AAATGAGAAGAAGAGGCACAGGG,CAGTGGGAAGAAGAGGCACAGTA,0,sg9
GGTCCTGCCGCTGCTTGTCATGG,GGCCTCGCAGCTGCTTGTGAGGG,0,sg4
CTTGCCCCACAGGGCAGTAACGG,CCTGTGCCACAGGGCAGGACTGG,0,sg3
TGACATCAATTATTATACATCGG,TGATACCCCTTATTATACATGAG,0,sg10
GGGTGGGGGGAGTTTGCTCCTGG,GTTTCCTGGAAGTTTGCTCCTGG,0,sg8
AAATGAGAAGAAGAGGCACAGGG,AAGGCATCAGAAGAGGCAAAGGG,0,sg9
GGGTGGGGGGAGTTTGCTCCTGG,GGGTGGGGGGAGACCCCTCCGGG,0,sg8
AAATGAGAAGAAGAGGCACAGGG,ATCTGGGAAGAAGAGCTCCAGGG,0,sg9
AAATGAGAAGAAGAGGCACAGGG,CAATGAGAAGAAGCCCCTCAGGC,0,sg9
TGACATCAATTATTATACATCGG,TTACAATAATTATTATACATGGT,0,sg10
GGTCCTGCCGCTGCTTGTCATGG,CCTCCTGCCGCTGCAGGTCAAGG,0,sg4
CTTGCCCCACAGGGCAGTAACGG,CCTGCCCCACAGGGCACCCTGGG,0,sg3
AAATGAGAAGAAGAGGCACAGGG,ACATGAGAAGAAGCAGCCCAAGA,0,sg9
GAATCCTAAAAACTCTGCTTCGG,CCATACTAAAAACTCTGCCCAGG,0,sg12
CTTGCCCCACAGGGCAGTAACGG,CCTCACCCACAGGGCAGTGATAG,0,sg3
AACACCAGTGAGTAGAGCGGAGG,CAATACAGTGAGTAGAGTGGAGT,0,sg1
GGGTGGGGGGAGTTTGCTCCTGG,GCGTGGGGGGAGTTTGGTGCCCC,0,sg8
CTTGCCCCACAGGGCAGTAACGG,CTTGCCCCACATGTCACTGGCCG,0,sg3
ATGAACACCAGTGAGTAGAGCGG,AGGAACACCAGTGACAGGAACCG,0,sg6
AAATGAGAAGAAGAGGCACAGGG,AGACTAGAAGTTGAGGCACAGAG,0,sg9
AAATGAGAAGAAGAGGCACAGGG,AAATGAAAAGAAGAGGCATTTGG,0,sg9
GGGTGGGGGGAGTTTGCTCCTGG,GGGTGGGGGCATGGTGCTCATGA,0,sg8
AAATGAGAAGAAGAGGCACAGGG,GGCTGAGCAGAGGAGGCACAGGA,0,sg9
CTTGCCCCACAGGGCAGTAACGG,CTTGCCCCACAGTCCAGTGGAAG,0,sg3
CCTGCCTCCGCTCTACTCACTGG,TTTGCATCTGCACTACTCACTGG,0,sg7
GGGTGGGGGGAGTTTGCTCCTGG,TGGTGAGCTGAGTTTGCTCATGG,0,sg8
AATGACCACTACATCCTCAAGGG,AATATGGACTACATCCTCAGGAG,0,sg5
ATGAACACCAGTGAGTAGAGCGG,ATGAGAACGAGTGAGTAGAAAAG,0,sg6
CTTGCCCCACAGGGCAGTAACGG,CTGGAACCACAGGGCAGCAAGGG,0,sg3
GAATCCTAAAAACTCTGCTTCGG,GTTTCCTAAATGCTCTGCTTCTA,0,sg12
GAATCCTAAAAACTCTGCTTCGG,GGATAAGGAAAACTCTGCTTGGG,0,sg12
TGACATCAATTATTATACATCGG,TTACATCTATTATTATACATACT,0,sg10
AAATGAGAAGAAGAGGCACAGGG,AAATGAGAAACCGAGGCCAAGAG,0,sg9
AAATGAGAAGAAGAGGCACAGGG,TCATGAGAAGAAACTGCACTGGG,0,sg9
AACACCAGTGAGTAGAGCGGAGG,GTCACCAGTGAGGAATGAGGAGG,0,sg1
AAATGAGAAGAAGAGGCACAGGG,AGAGATGAGGAAGAGGCAGAGGG,0,sg9
AATGACCACTACATCCTCAAGGG,AGTGACCACTACATATTCTTGAG,0,sg5
AAATGAGAAGAAGAGGCACAGGG,AGGGGAGAAGAAGAGGCAGGGAG,0,sg9
TGACATCAATTATTATACATCGG,TGACATCCCTTATTATACATGAG,0,sg10
AAATGAGAAGAAGAGGCACAGGG,AAATGAGAAGAAAAAGCTAAGTG,0,sg9
GGGTGGGGGGAGTTTGCTCCTGG,GCCTGCACGGAGTTTGCTCCTGC,0,sg8
AACACCAGTGAGTAGAGCGGAGG,AAAACCAGTGAGTATGGCTGTGT,0,sg1
AAATGAGAAGAAGAGGCACAGGG,CAAAGAGAAGAAGAGGAAAAGCG,0,sg9
GGGTGGGGGGAGTTTGCTCCTGG,GGTTGGGGGGAGCTTGTTTCTCC,0,sg8
CCTGCCTCCGCTCTACTCACTGG,ACAGCCTGTGCTCTACTCACTAC,0,sg7
GAATCCTAAAAACTCTGCTTCGG,GAATGTTAAAAACTCTCTATCTG,0,sg12
AAATGAGAAGAAGAGGCACAGGG,AAATGAGAAGATAAGCCACAGAG,0,sg9
AACACCAGTGAGTAGAGCGGAGG,GACATGAGAGAGTAGAGCAGAGC,0,sg1
AATGACCACTACATCCTCAAGGG,AATGCAGACTGCATCCTCAAGAG,0,sg5
CCAGTGAGTAGAGCGGAGGCAGG,CCAGTGAGTAGTGGCCAGGCGTG,0,sg2
CTTGCCCCACAGGGCAGTAACGG,CTTCAGCCACAGGGCAGAATGGG,0,sg3
TGACATCAATTATTATACATCGG,TAAAATCAAAAATTATACATCAA,0,sg10
AAATGAGAAGAAGAGGCACAGGG,GAATAGGAAGAAGAGGAAGAAGG,0,sg9
GAATCCTAAAAACTCTGCTTCGG,GAATCACAGAAACTCTGCTTTTA,0,sg12
AAATGAGAAGAAGAGGCACAGGG,AAATGAGAAAAATAGGAAAAGTA,0,sg9
GGGTGGGGGGAGTTTGCTCCTGG,GCCTGGGGGCAATTTGCTCCTCC,0,sg8
CCAGTGAGTAGAGCGGAGGCAGG,CCAGAGAGTAGAGCGTCAGCATC,0,sg2
TGACATCAATTATTATACATCGG,TCACATCAATTAATATAGATTTA,0,sg10
AAATGAGAAGAAGAGGCACAGGG,TAGCCAGAAGAAGAGGCACACAG,0,sg9
AAATGAGAAGAAGAGGCACAGGG,AAATGAGAAGAAAAAAAAGAGGT,0,sg9
GAATCCTAAAAACTCTGCTTCGG,GTTTGCTTAAAACTCTGCATTGG,0,sg12
AAATGAGAAGAAGAGGCACAGGG,AATATAGAAACGGAGGCACAGGG,0,sg9
AACACCAGTGAGTAGAGCGGAGG,ATCACCAGTGAGCAGCAGGGAGG,0,sg1
AAATGAGAAGAAGAGGCACAGGG,AAGAGATGAGAAGAGGCACAAGA,0,sg9
AAATGAGAAGAAGAGGCACAGGG,AAAAGAGAAGAAGAGGAGGAAGG,0,sg9
GGGTGGGGGGAGTTTGCTCCTGG,GGGTGGGGGGGGGTTGCACCTGA,0,sg8
GGGTGGGGGGAGTTTGCTCCTGG,GTGAAGGGGGAGTTTTCCCGTGG,0,sg8
CCTGCCTCCGCTCTACTCACTGG,CCTGCCTCCTCTCTAGTAGCAGG,0,sg7
AAATGAGAAGAAGAGGCACAGGG,AAAGGATAAACTGAGGCACAGAG,0,sg9
AAATGAGAAGAAGAGGCACAGGG,AAAAAAGCAGAAGAGGCAAAAAG,0,sg9
GGGTGGGGGGAGTTTGCTCCTGG,GGGAGGGAAGAGTTTGTCCATGG,0,sg8
CTTGCCCCACAGGGCAGTAACGG,CTTGCCCCACTGGGTGCCCACGG,0,sg3
GGGTGGGGGGAGTTTGCTCCTGG,GTGAGTGCAGGGTTTGCTCCTGG,0,sg8
AAATGAGAAGAAGAGGCACAGGG,AAATGATGGGAAGAGGCATACGC,0,sg9
CCAGTGAGTAGAGCGGAGGCAGG,CCAGTGAGTAGCCTGGAGGGTGT,0,sg2
ATGAACACCAGTGAGTAGAGCGG,ATTACAAACAGTGAGTAGAAAGG,0,sg6
AAATGAGAAGAAGAGGCACAGGG,ACATGAGAAGAAATGGGAAAGGA,0,sg9
GACACCGAAGCAGAGTTTTTAGG,TAAATCCAAGCAGAGTTTTTATA,0,sg11
CCTGCCTCCGCTCTACTCACTGG,CTTCCCTAGCCTCTACTCACTAG,0,sg7
TGACATCAATTATTATACATCGG,AAGCAACAATTTTTATACATCTG,0,sg10
CTTGCCCCACAGGGCAGTAACGG,CTTGGCCTGCAGGGCAGTTATGG,0,sg3
GGGTGGGGGGAGTTTGCTCCTGG,GGGTGGGGGGTGTTGGGCACTAG,0,sg8
GGGTGGGGGGAGTTTGCTCCTGG,GGATGGGTGGAGTGTGCTTCCAG,0,sg8
AAATGAGAAGAAGAGGCACAGGG,GAAGGACGAGATGAGGCACAGGT,0,sg9
AATGACCACTACATCCTCAAGGG,AATGACCACCAGATAATAAGGGG,0,sg5
GGGTGGGGGGAGTTTGCTCCTGG,AGGTGAGGTGAGTTTGCTCACGT,0,sg8
AAATGAGAAGAAGAGGCACAGGG,AAATGAGAAGAAGTGGGAAGGAC,0,sg9
AAATGAGAAGAAGAGGCACAGGG,AAATGAGAAAAAAAGAAACAGTT,0,sg9
GGGTGGGGGGAGTTTGCTCCTGG,CGGTGGGGGGAGCTTGTTCGAGT,0,sg8
AAATGAGAAGAAGAGGCACAGGG,AAATGAGAAGAAAAGGCAAAAGT,0,sg9
AAATGAGAAGAAGAGGCACAGGG,AAATGAGAACATGACACAGAGTG,0,sg9
CTTGCCCCACAGGGCAGTAACGG,CCCTCCCTACAGGGCAGTGAGGG,0,sg3
CCAGTGAGTAGAGCGGAGGCAGG,CTGGTGAGTAGAGATGAGGAAGC,0,sg2
CCAGTGAGTAGAGCGGAGGCAGG,CCAGGGAGCACTGCGGAGGCATT,0,sg2
CCTGCCTCCGCTCTACTCACTGG,GCTGGCTCATATCTACTCACTTG,0,sg7
CCTGCCTCCGCTCTACTCACTGG,CCTGCCTCCCCTCTGCTCTCAGT,0,sg7
CCAGTGAGTAGAGCGGAGGCAGG,CCAGTGAGTAGTGAGTAGTAAGT,0,sg2
CCTGCCTCCGCTCTACTCACTGG,CCTGCCTCCCCTCTCCTCCCCTC,0,sg7
GAATCCTAAAAACTCTGCTTCGG,GAATCTTAAAAACTCTACTGTGC,0,sg12
GGGTGGGGGGAGTTTGCTCCTGG,CTGAGTGGGGAGTTTACTCATGG,0,sg8
GGGTGGGGGGAGTTTGCTCCTGG,CTTTGGGGTTTGTTTGCTCCTGG,0,sg8
CCTGCCTCCGCTCTACTCACTGG,CCTGCCTCCTCTTTGCTCCCATG,0,sg7
TGACATCAATTATTATACATCGG,TGACATCAATTTTTAAAATTCAG,0,sg10
CCTGCCTCCGCTCTACTCACTGG,CCTGCCTCCCCTCTCCTGATATG,0,sg7
GGTCCTGCCGCTGCTTGTCATGG,CGTCCTGCCACTGCATGTCATGG,1,sg4
AAATGAGAAGAAGAGGCACAGGG,AAAGGAGAAGAAGAGTAAAGGAG,0,sg9
GGGTGGGGGGAGTTTGCTCCTGG,GGGTAGGGGGAGTTTTCTTTTTA,0,sg8
AAATGAGAAGAAGAGGCACAGGG,AAAAAAGAAGAAGAGAGGAAGGG,0,sg9
TGACATCAATTATTATACATCGG,TGACAAGCATTCTTATACATCAA,0,sg10
CCTGCCTCCGCTCTACTCACTGG,CCTGCCTCCCTCCCACTAAATGG,0,sg7
TGACATCAATTATTATACATCGG,TTATATAGAATATTATACATCAG,0,sg10
CCAGTGAGTAGAGCGGAGGCAGG,CCAGTGAGTTGAGAGGATGAAAA,0,sg2
AATGACCACTACATCCTCAAGGG,AATTAAAACTTTATCCTCAAGGG,0,sg5
AAATGAGAAGAAGAGGCACAGGG,AAAAGAGAAGAAGAGACATTGTA,0,sg9
GGGTGGGGGGAGTTTGCTCCTGG,GGGTGGGGGTGGGGGGCTCCTGG,0,sg8
CTTGCCCCACAGGGCAGTAACGG,CCTGCCCCACAGGGCTGTTGCAA,0,sg3
GGGTGGGGGGAGTTTGCTCCTGG,GGGTGGGGGGAGTCATGCCCAGG,0,sg8
GACACCGAAGCAGAGTTTTTAGG,GCCCCGGAAGCAGAGGTTGTAGT,0,sg11
GGGTGGGGGGAGTTTGCTCCTGG,GGTTGGGGGGAGTTTCAGCCCCG,0,sg8
AAATGAGAAGAAGAGGCACAGGG,CCATGAGAAGAAGATGGACAGAA,0,sg9
AAATGAGAAGAAGAGGCACAGGG,AAATGAGAAGAAAAGAACCCGAG,0,sg9
TGACATCAATTATTATACATCGG,GAACAGCAATTATTATTAATAGG,0,sg10
AATGACCACTACATCCTCAAGGG,AATGACCACAAGTATTTCAAGGG,0,sg5
CCAGTGAGTAGAGCGGAGGCAGG,CCAGTGAGTAGATCCTCTGCCGG,0,sg2
TGACATCAATTATTATACATCGG,TTTTATGAATTCTTATACATCAG,0,sg10
ATGAACACCAGTGAGTAGAGCGG,ATGAACACCTGTCAGGAATGCTG,0,sg6
AAATGAGAAGAAGAGGCACAGGG,AAACGAGAAGAAGCTGCACATGG,1,sg9
AAATGAGAAGAAGAGGCACAGGG,ACAGTAGAAGAAGAGGCTGAGAG,0,sg9
ATGAACACCAGTGAGTAGAGCGG,TGGAAAACCAGTGAGGTGAGAGG,0,sg6
CTTGCCCCACAGGGCAGTAACGG,CTCCACCCACAGGGCAGTCCCGA,0,sg3
AAATGAGAAGAAGAGGCACAGGG,AGATGAGAAGAACTGACAAAGGT,0,sg9
AAATGAGAAGAAGAGGCACAGGG,AATTGAGAGGCACAGACAGAGGG,0,sg9
CTTGCCCCACAGGGCAGTAACGG,CATGCCCCACAGGAGAGACAGGG,0,sg3
AAATGAGAAGAAGAGGCACAGGG,GAAGGAGAAGAAGAGGAACAGGA,0,sg9
TGACATCAATTATTATACATCGG,TGCTATCTATTATTATACATATG,0,sg10
AACACCAGTGAGTAGAGCGGAGG,AAAAAGAGTGAGTAGGGAGGTGG,0,sg1
ATGAACACCAGTGAGTAGAGCGG,ATGAACACCAGAGAATTGGGCTG,0,sg6
CCAGTGAGTAGAGCGGAGGCAGG,CTGGTGAGTAGAGCAGGGGGTGG,0,sg2
CCTGCCTCCGCTCTACTCACTGG,CCTGCCTCCACTCCACAAACGTG,0,sg7
CCTGCCTCCGCTCTACTCACTGG,CCTGCCTCCTGTGTTCTCACAAG,0,sg7
GGTCCTGCCGCTGCTTGTCATGG,GGTCCTGCCCCAGCCAGACCTGG,0,sg4
AATGACCACTACATCCTCAAGGG,AATCATTATCACATCCTCAAGTG,0,sg5
GGTCCTGCCGCTGCTTGTCATGG,GGTCCTGCCAGTGGGTGTGGTGG,0,sg4
AAATGAGAAGAAGAGGCACAGGG,AAATGAGAAAATGAGGAAGAAGC,0,sg9
GGTCCTGCCGCTGCTTGTCATGG,GGTCCTGCCAACTCTTCTCAAGG,0,sg4
ATGAACACCAGTGAGTAGAGCGG,GCAAACACCAGTGAGAAGACAGG,0,sg6
TGACATCAATTATTATACATCGG,AGGCACCTATTATTATACAGTGG,0,sg10
GACACCGAAGCAGAGTTTTTAGG,ATCACAGAAGCAGAGATTTTGGA,0,sg11
GGGTGGGGGGAGTTTGCTCCTGG,GGGTGGGGGGAGTTGGCTTCTGT,0,sg8
GGGTGGGGGGAGTTTGCTCCTGG,TAGTGGAGGGAGCTTGCTCCTGG,1,sg8
GGGTGGGGGGAGTTTGCTCCTGG,GGGTGGGGGGAGTCGGCTTGCTG,0,sg8
AAATGAGAAGAAGAGGCACAGGG,TACAGATAGGAAGAGGCACAGGC,0,sg9
TGACATCAATTATTATACATCGG,AGAGATGAAAAATTATACATCAG,0,sg10
AAATGAGAAGAAGAGGCACAGGG,AAATGAGAAAATCAAGTACAAGG,0,sg9
CTTGCCCCACAGGGCAGTAACGG,CATGCCCCACAGGGCCCTAAATA,0,sg3
GACACCGAAGCAGAGTTTTTAGG,GAGGCAGAAGCAGAGTTTGGAGT,0,sg11
AAATGAGAAGAAGAGGCACAGGG,TTGGGAGAAGAGGAGGCACAGTG,0,sg9
AAATGAGAAGAAGAGGCACAGGG,GAATACGAAGAAGAGATAGAGGG,0,sg9
CTTGCCCCACAGGGCAGTAACGG,CTTGCCCCAAACGTCACTAAAGA,0,sg3
CCAGTGAGTAGAGCGGAGGCAGG,CCAGTGAGTAGGTCTGAGGTATT,0,sg2
GGTCCTGCCGCTGCTTGTCATGG,GGTCCTGCCCCCGATCGTGCTGG,0,sg4
CCTGCCTCCGCTCTACTCACTGG,CCTGCCTCCGCTTTCCGCCATTG,0,sg7
GACACCGAAGCAGAGTTTTTAGG,AAATCAGAAGCAGAGTTATTAGG,0,sg11
AAATGAGAAGAAGAGGCACAGGG,AAATGAGAACAAGAGCCCTCTGG,0,sg9
GAATCCTAAAAACTCTGCTTCGG,GTTTCCTAAAAACGCTGCTCCAA,0,sg12
AATGACCACTACATCCTCAAGGG,AATGACCACAAAAGCAACAAAGG,0,sg5
GGGTGGGGGGAGTTTGCTCCTGG,AGGCCAGGGGACTTTGCTCCTGA,0,sg8
AAATGAGAAGAAGAGGCACAGGG,AAATGAGAAAAAGAGTTACAAGC,0,sg9
GGGTGGGGGGAGTTTGCTCCTGG,TGGTGGGGGGAGCTGGGGCCCGG,0,sg8
AAATGAGAAGAAGAGGCACAGGG,AAATGAGAAGCAGAGGAACATGG,0,sg9
TGACATCAATTATTATACATCGG,TGACATCAATGATCTTACCTGGT,0,sg10
AAATGAGAAGAAGAGGCACAGGG,AGTTGAGAAGAAGAGGAATAAGG,0,sg9
AAATGAGAAGAAGAGGCACAGGG,AAATGAGAATAAGATTCACAAGG,0,sg9
GAATCCTAAAAACTCTGCTTCGG,GAATGCAAGAGGCTCTGCTTCAG,0,sg12
TGACATCAATTATTATACATCGG,TGACATCAATATTTAACCATTTG,0,sg10
AAATGAGAAGAAGAGGCACAGGG,AAATGAGAATAAGAGGAACAGGG,1,sg9
TGACATCAATTATTATACATCGG,TTTTATCAATTATTAATCATCTG,0,sg10
GACACCGAAGCAGAGTTTTTAGG,TAAAAAGAAGCAGAGTTTTTTTG,0,sg11
GAATCCTAAAAACTCTGCTTCGG,AAATTTTAAAAACTCTGCATGGC,0,sg12
GGTCCTGCCGCTGCTTGTCATGG,TTGCCTGTCTCTGCTTGTCATTG,0,sg4
CCTGCCTCCGCTCTACTCACTGG,CCTGCCTCCACCCGACCCCCAGG,0,sg7
CCTGCCTCCGCTCTACTCACTGG,CCTGCCTCCGACCTTCACACATG,0,sg7
AAATGAGAAGAAGAGGCACAGGG,GGATGAATAGATGAGGCACAGAG,0,sg9
TGACATCAATTATTATACATCGG,TCACAACTATTATTATACACTGA,0,sg10
AAATGAGAAGAAGAGGCACAGGG,TATTGAGAAACTGAGGCACAGAG,0,sg9
TGACATCAATTATTATACATCGG,TCACAACCATTCTTATACATCAA,0,sg10
AAATGAGAAGAAGAGGCACAGGG,CCAGGAGCTGAGGAGGCACAGGG,0,sg9
CTTGCCCCACAGGGCAGTAACGG,CTTCCACCACAGGGCTGCACTGG,0,sg3
AAATGAGAAGAAGAGGCACAGGG,CAGAGAGAGGAAGAGGCAGAGAG,0,sg9
GGTCCTGCCGCTGCTTGTCATGG,GGTCCTGCCCCTGCTTGAGGCAG,0,sg4
AAATGAGAAGAAGAGGCACAGGG,AGGTGAGAAGAAGAGAGACACTG,0,sg9
GGGTGGGGGGAGTTTGCTCCTGG,GGGTGGGGGGGCTTTGTTTGTGC,0,sg8
TGACATCAATTATTATACATCGG,TTACAACAATTATTATACTACGC,0,sg10
ATGAACACCAGTGAGTAGAGCGG,TTGATCACCAGTGAGGAGAAACG,0,sg6
CTTGCCCCACAGGGCAGTAACGG,CTTGCCCCACAAGGGATGACGGG,0,sg3
AAATGAGAAGAAGAGGCACAGGG,GGGTGAGAAGAAGAGGGCCAAGG,0,sg9
AAATGAGAAGAAGAGGCACAGGG,AAAGAGGAAGCTGAGGCACAGAG,0,sg9
CCAGTGAGTAGAGCGGAGGCAGG,TAAGTGAGGTTAGCGGAGGCAGA,0,sg2
CCAGTGAGTAGAGCGGAGGCAGG,CCAGTCATTGGAGCGGAGGCAGG,0,sg2
AAATGAGAAGAAGAGGCACAGGG,AATTGAGAAGAACTGGCATATTG,0,sg9
GGGTGGGGGGAGTTTGCTCCTGG,GGGTGGGGGGTGTTGCCCCCCAG,0,sg8
GGTCCTGCCGCTGCTTGTCATGG,AGACCTGCCGCTGCCTGTCAGCC,0,sg4
AAATGAGAAGAAGAGGCACAGGG,AAATGAGAAGTCAATGCATAGGG,0,sg9
AAATGAGAAGAAGAGGCACAGGG,AAATGAGAAGACGTGGAACACAT,0,sg9
AAATGAGAAGAAGAGGCACAGGG,CACCAAGGAGAAGAGGCAAAGGG,0,sg9
ATGAACACCAGTGAGTAGAGCGG,ATAAACACCAGTGAGAATAACAG,0,sg6
GGGTGGGGGGAGTTTGCTCCTGG,GGGTGGGGGGGGGGGGCGCCTGG,0,sg8
GACACCGAAGCAGAGTTTTTAGG,AACACTGATGCAGAGTTTTTTGT,0,sg11
CTTGCCCCACAGGGCAGTAACGG,TTTGCATCACAGGGCAGTACCAG,0,sg3
CCTGCCTCCGCTCTACTCACTGG,CCTGCCTCCCTTCCAGGCCCTGG,0,sg7
GGGTGGGGGGAGTTTGCTCCTGG,CAGTCTGGGGAGTTTTCTGCTGG,0,sg8
GGTCCTGCCGCTGCTTGTCATGG,CGGCATGGAGCTGCTTGTCCTGG,0,sg4
TGACATCAATTATTATACATCGG,TAAGATCAATTATTATTCACAGT,0,sg10
AAATGAGAAGAAGAGGCACAGGG,GAAACAGCAGAAGAGGCAAGGGG,0,sg9
AAATGAGAAGAAGAGGCACAGGG,AAATGGGAAGAAGAGTAAGAGGT,0,sg9
AACACCAGTGAGTAGAGCGGAGG,AAAACCAGTGAGTACAGATGATG,0,sg1
GACACCGAAGCAGAGTTTTTAGG,GACACTTGAGCTGAGTTTTTAAG,0,sg11
AAATGAGAAGAAGAGGCACAGGG,GAAAGAGAAGAAGAGGAACATCT,0,sg9
CTTGCCCCACAGGGCAGTAACGG,CTGGGACCACAGGGCTGTCAGGG,0,sg3
CCAGTGAGTAGAGCGGAGGCAGG,CCAGTGAGAAGAGCGGAGAGCAA,0,sg2
TGACATCAATTATTATACATCGG,TAAAATCAATTATTATAATTCAT,0,sg10
AAATGAGAAGAAGAGGCACAGGG,ATAGAAAAGGGAGAGGCACAGGG,0,sg9
GACACCGAAGCAGAGTTTTTAGG,GACAGGGAAGCAGAGTGTGCATG,0,sg11
CTTGCCCCACAGGGCAGTAACGG,CTTGTGCTACAGGGCAGTCATGT,0,sg3
AAATGAGAAGAAGAGGCACAGGG,AAATGAGAATAAGAAGGATAAGT,0,sg9
GAATCCTAAAAACTCTGCTTCGG,CAAAACAAAAACCTCTGCTTCTG,0,sg12
CCAGTGAGTAGAGCGGAGGCAGG,ACAGTGAGTAGAATGTATCCAGG,0,sg2
AAATGAGAAGAAGAGGCACAGGG,AGATAATAAAATGAGGCACAGGG,0,sg9
AAATGAGAAGAAGAGGCACAGGG,GCATGACAGGAAGAGGCACATTG,0,sg9
TGACATCAATTATTATACATCGG,AAACATCAATTACTATTCATCGA,0,sg10
ATGAACACCAGTGAGTAGAGCGG,ATGAACACCGGCCATTTCAGCGG,0,sg6
GGGTGGGGGGAGTTTGCTCCTGG,GGTTGGGTGGATTTTGCTCCTGC,0,sg8
GACACCGAAGCAGAGTTTTTAGG,GTCACTGAAGCAGAGCTCTGAGT,0,sg11
CCTGCCTCCGCTCTACTCACTGG,CCTGCCTCCCCTGTACCCTGTGC,0,sg7
AACACCAGTGAGTAGAGCGGAGG,TAAACAAGTGAGTAGAAATGAGG,0,sg1
GACACCGAAGCAGAGTTTTTAGG,GACAATGAAGCAGAGATTTAATT,0,sg11
GAATCCTAAAAACTCTGCTTCGG,GAATCCTCTGGACTCTGCTTCTG,0,sg12
AAATGAGAAGAAGAGGCACAGGG,GATTGAGCTGAAGAGGCACTGAG,0,sg9
GAATCCTAAAAACTCTGCTTCGG,TTATCCTAAAAACTCTTTTTCAT,0,sg12
AAATGAGAAGAAGAGGCACAGGG,GGAGGAGAAGAAGAGGCACAATG,0,sg9
GACACCGAAGCAGAGTTTTTAGG,GAGTCGGAGGCAGAGTTTTCAGT,0,sg11
GAATCCTAAAAACTCTGCTTCGG,GAATCCTAATGTCTCTGCCTCTC,0,sg12
GAATCCTAAAAACTCTGCTTCGG,AGATCTTAAAAACTCTGTCTCTG,0,sg12
CTTGCCCCACAGGGCAGTAACGG,CTTCCTCCACAGGGCAGGGCCTG,0,sg3
TGACATCAATTATTATACATCGG,TAATTCCAATTATTAGACATCAG,0,sg10
GACACCGAAGCAGAGTTTTTAGG,GTTACTGAAGCAGAGATTCTGGG,0,sg11
GAATCCTAAAAACTCTGCTTCGG,GAATATTTAAAACTCTGCTTCTT,0,sg12
AACACCAGTGAGTAGAGCGGAGG,GGCACCAGTGAGTGAAGTGGGGG,0,sg1
AAATGAGAAGAAGAGGCACAGGG,TGGAGAAGAGAAGAGGCACAGGG,0,sg9
ATGAACACCAGTGAGTAGAGCGG,TTGCTCAGCAGTGAGTAGAGGAG,0,sg6
TGACATCAATTATTATACATCGG,TGCAATCAATTATTATAAATGAT,0,sg10
CCTGCCTCCGCTCTACTCACTGG,CCTGCCTCCACTCTTTCCCCTGT,0,sg7
TGACATCAATTATTATACATCGG,GAACACCAATTATTATACATTTC,0,sg10
CCAGTGAGTAGAGCGGAGGCAGG,CCAGTGAGTTGAAAGTAGGCTGT,0,sg2
AAATGAGAAGAAGAGGCACAGGG,AAATGAGAAGGTGAGGATGAGGG,0,sg9
GGTCCTGCCGCTGCTTGTCATGG,GTTGCTCCTGCTGCTTGTCTTGA,0,sg4
CCAGTGAGTAGAGCGGAGGCAGG,TCTGTGAGTAGAGCCAAAGCCGG,0,sg2
CTTGCCCCACAGGGCAGTAACGG,CTCGCCCGCCAGGGCAGTGAGGG,0,sg3
GACACCGAAGCAGAGTTTTTAGG,GACTCTGAAGCAGAGGTTGCAGT,0,sg11
GGTCCTGCCGCTGCTTGTCATGG,CCTGCTGCCGCTGCTGCTTATGG,0,sg4
ATGAACACCAGTGAGTAGAGCGG,GTAAATACCAGTGAGTAGAACAC,0,sg6
AAATGAGAAGAAGAGGCACAGGG,GAAGAAGAAGAAGAAGAGCAGGG,0,sg9
AAATGAGAAGAAGAGGCACAGGG,AAACAAGAAGAAGAGGAAGAGGA,0,sg9
AAATGAGAAGAAGAGGCACAGGG,TAATGAGAAGAAGAGGAATGTGG,0,sg9
AAATGAGAAGAAGAGGCACAGGG,AAAAAAGAAGAAGAGGAAGAGAC,0,sg9
TGACATCAATTATTATACATCGG,TCACATGACTTATTATACCTATG,0,sg10
GGGTGGGGGGAGTTTGCTCCTGG,GGGTGGGGGCTGCTTGCTGCTTC,0,sg8
AAATGAGAAGAAGAGGCACAGGG,AAATGAGAAAAACAAGAGCAGAG,0,sg9
AACACCAGTGAGTAGAGCGGAGG,AACACAAAAGAGTAGAGCCAAGG,0,sg1
CCTGCCTCCGCTCTACTCACTGG,CATTCCTGGCCTCTACTCACTGT,0,sg7
CTTGCCCCACAGGGCAGTAACGG,CTTCCACCACAGGGCTGTACTGG,0,sg3
ATGAACACCAGTGAGTAGAGCGG,CAGAACACCAGTGACAACAGAGG,0,sg6
GGGTGGGGGGAGTTTGCTCCTGG,GGGTGGGGGGAGTCTGACACTGG,0,sg8
CTTGCCCCACAGGGCAGTAACGG,CTTTCCCTTCAGGGCAGTGACTT,0,sg3
AACACCAGTGAGTAGAGCGGAGG,CACACCTGGGAGTAGAGCAGATG,0,sg1
GAATCCTAAAAACTCTGCTTCGG,TTCTCATAAAAACTCTGCTTCGT,0,sg12
AAATGAGAAGAAGAGGCACAGGG,AAATGAGAACAATATGAACAATG,0,sg9
TGACATCAATTATTATACATCGG,TGACTTCAATTATTATTGATGTT,0,sg10
AATGACCACTACATCCTCAAGGG,ACTTAGCACAACATCCTCAAGGT,0,sg5
GGTCCTGCCGCTGCTTGTCATGG,GGTCCTGCCTGTCCTTTTCGTGC,0,sg4
AAATGAGAAGAAGAGGCACAGGG,AAAGAGGAAGAAGAGGAACTGAG,0,sg9
GGGTGGGGGGAGTTTGCTCCTGG,GGGTAGGGGAAGTTTGATGCAGA,0,sg8
CCAGTGAGTAGAGCGGAGGCAGG,CCAGTGAGTGACATGGAGGCAGA,0,sg2
AATGACCACTACATCCTCAAGGG,AGTAACCACTACATCATGAAGTT,0,sg5
CTTGCCCCACAGGGCAGTAACGG,CTTGCCCCACTGTGCAGCTGCAG,0,sg3
CCTGCCTCCGCTCTACTCACTGG,CCTGCCTCCACTCCAGCCCCTGC,0,sg7
AAATGAGAAGAAGAGGCACAGGG,AAATGAGAACAAGAGGCAGAGGG,1,sg9
GGTCCTGCCGCTGCTTGTCATGG,AGCCCTGCCGCTCCTTGGCTGGG,0,sg4
GGTCCTGCCGCTGCTTGTCATGG,GGAGCTGCTGCTGCTTGTAGTGT,0,sg4
AAATGAGAAGAAGAGGCACAGGG,CATGGAGAAACTGAGGCACAGGG,0,sg9
GAATCCTAAAAACTCTGCTTCGG,TTTTCCTAAAAACTCTTCTCCGT,0,sg12
ATGAACACCAGTGAGTAGAGCGG,ATGAACACCAGTGTTTTGTGAGA,0,sg6
TGACATCAATTATTATACATCGG,AGATCTCAATTATTATAAATCTA,0,sg10
GACACCGAAGCAGAGTTTTTAGG,GACAAGGAAGCAGAGTGGCGAGG,0,sg11
GGGTGGGGGGAGTTTGCTCCTGG,GGGTGGGGGAAGGTTGTACTGGG,0,sg8
AAATGAGAAGAAGAGGCACAGGG,AAAAGAGAAGAAGAGTTGCAGAA,0,sg9
AAATGAGAAGAAGAGGCACAGGG,ACAACAGAAGAAGAGGCACGAGA,0,sg9
ATGAACACCAGTGAGTAGAGCGG,AGAACCAGCAGTGAGTAGAGGGA,0,sg6
CCAGTGAGTAGAGCGGAGGCAGG,CCTGGCAGCCGAGCGGAGGCAGT,0,sg2
AAATGAGAAGAAGAGGCACAGGG,AAATGAGAATTAGAGTCAAAGTA,0,sg9
AACACCAGTGAGTAGAGCGGAGG,CACACCAGTGAGTTCAGTGCAGT,0,sg1
CTTGCCCCACAGGGCAGTAACGG,CCGGCCCCACAGAGGAATTACGG,0,sg3
CCTGCCTCCGCTCTACTCACTGG,CCTGCCTCCTCCCTCCTCGGCGG,0,sg7
CCAGTGAGTAGAGCGGAGGCAGG,GGTGTGAGTAGAGCGTAGGGAGC,0,sg2
ATGAACACCAGTGAGTAGAGCGG,ATGAACACCAGTAAAAACTGAGG,0,sg6
AAATGAGAAGAAGAGGCACAGGG,AAATGAGAAGAATGAGGCCAGGC,0,sg9
AACACCAGTGAGTAGAGCGGAGG,AGCACCAGTGAGCAGGGTGGACA,0,sg1
CTTGCCCCACAGGGCAGTAACGG,CTTGCTCCACAGGGCACTGTCAG,0,sg3
AATGACCACTACATCCTCAAGGG,ACTCACCATTACATCCTCTATGG,0,sg5
CCTGCCTCCGCTCTACTCACTGG,CCTGCCTCCCTTGAACTTCCTGG,0,sg7
TGACATCAATTATTATACATCGG,GAACATAAATTATTATACACAGT,0,sg10
GACACCGAAGCAGAGTTTTTAGG,TACAAAGAAACAGAGTTTTTAAA,0,sg11
TGACATCAATTATTATACATCGG,ATACATCACTTATTATACTCCTG,0,sg10
AAATGAGAAGAAGAGGCACAGGG,AAATGAGAAGAAGAGGTTCCTCG,0,sg9
AAATGAGAAGAAGAGGCACAGGG,ATATGAGAAGAAAAGGGAAGGGG,0,sg9
CCTGCCTCCGCTCTACTCACTGG,CCTGCCTCCGCTTTTCAAAGTGC,0,sg7
ATGAACACCAGTGAGTAGAGCGG,ATGACCCAAAGTGAGTAGGGCTG,0,sg6
AAATGAGAAGAAGAGGCACAGGG,TGATGAGATGAAGAGGCAGATGC,0,sg9
GAATCCTAAAAACTCTGCTTCGG,GGATCCATAAGGCTCTGCTTCTG,0,sg12
CCAGTGAGTAGAGCGGAGGCAGG,CCAGTGAGTGGAAGGGGCACAGG,0,sg2
GGGTGGGGGGAGTTTGCTCCTGG,GGGTGGGGGGGGTTTGGTAATGG,0,sg8
AACACCAGTGAGTAGAGCGGAGG,AAGCCCAGTGAGTAGAGTGTGAG,0,sg1
AAATGAGAAGAAGAGGCACAGGG,AAATGAGAAGTATTAACACAGGG,0,sg9
CCTGCCTCCGCTCTACTCACTGG,CCTGCCTCCCCTCTCTCCACTTC,0,sg7
AAATGAGAAGAAGAGGCACAGGG,ATATGAGAAGAAGAAGAACAAAT,0,sg9
AAATGAGAAGAAGAGGCACAGGG,CCATGGAAAGTGGAGGCACAGGG,0,sg9
AAATGAGAAGAAGAGGCACAGGG,GAGGAAGAAGAAGAGGCAGAAGG,0,sg9
GGGTGGGGGGAGTTTGCTCCTGG,GGGTGGGGGCCCCTCTCTCCTGG,0,sg8
AAATGAGAAGAAGAGGCACAGGG,AAAGGGGAAAATGAGGCACAGGG,0,sg9
TGACATCAATTATTATACATCGG,TGACAACAATTATTATAAATAAC,0,sg10
AAATGAGAAGAAGAGGCACAGGG,AGAAGAGAAAAAAAGGCAAGGGG,0,sg9
AAATGAGAAGAAGAGGCACAGGG,AAATGAGAAGAAATGGACCAAAG,0,sg9
AAATGAGAAGAAGAGGCACAGGG,AAATGAGAAGATGAGTCAGAGAT,0,sg9
GGGTGGGGGGAGTTTGCTCCTGG,TGGTGAGGGGAGTTTTCTCTTTC,0,sg8
CCTGCCTCCGCTCTACTCACTGG,CCTGCCTCCAAGCTGCTCACAGT,0,sg7
GAATCCTAAAAACTCTGCTTCGG,GAAAACTTAAAACTCTGCTCGAG,0,sg12
AACACCAGTGAGTAGAGCGGAGG,AACACCAGTGATTTGCCAGGAGC,0,sg1
CCAGTGAGTAGAGCGGAGGCAGG,CCAGTGAGTAGAGGCCAGGGACA,0,sg2
AAATGAGAAGAAGAGGCACAGGG,AGAAGAGAAGAAGAGAGAGAGAG,0,sg9
AATGACCACTACATCCTCAAGGG,TATGCCCATTACATCCTCCAGGG,0,sg5
GGTCCTGCCGCTGCTTGTCATGG,TATCCTGTCCCTGCTTGTCATCC,0,sg4
TGACATCAATTATTATACATCGG,TGATAAAAGTTATTATACATTGG,0,sg10
GGGTGGGGGGAGTTTGCTCCTGG,AGGGTGGGGGAGTCTGCTGCTGC,0,sg8
AAATGAGAAGAAGAGGCACAGGG,AAGTAAGAAACTGAGGCACAGAG,0,sg9
AAATGAGAAGAAGAGGCACAGGG,AAAAAAGAAGAAGAGGCCGGGCG,0,sg9
AAATGAGAAGAAGAGGCACAGGG,AAGAAGGAGGCAGAGGCACAGGG,0,sg9
GGGTGGGGGGAGTTTGCTCCTGG,GGGTGGGGGAAACTGTCGCCTGG,0,sg8
CCTGCCTCCGCTCTACTCACTGG,CCTGCCTCCTGTCTATTTGCTGT,0,sg7
AAATGAGAAGAAGAGGCACAGGG,GAGTGAGGCCAAGAGGCACAGTG,0,sg9
AAATGAGAAGAAGAGGCACAGGG,GAATCAAGAGAAGAGGCAGAGAG,0,sg9
AAATGAGAAGAAGAGGCACAGGG,AGATAAGGAAATGAGGCACAGAG,0,sg9
AAATGAGAAGAAGAGGCACAGGG,AAAGGAGAAGAAGAGGGAGAGGA,0,sg9
AACACCAGTGAGTAGAGCGGAGG,AGTGCCAGTGAGTAGAAAGAAGG,0,sg1
GGGTGGGGGGAGTTTGCTCCTGG,GGGTGGGGGGAGATACTTACTAG,0,sg8
ATGAACACCAGTGAGTAGAGCGG,AAGAAGACCAGTGAGGATAGAGT,0,sg6
CCTGCCTCCGCTCTACTCACTGG,CCTGCCTCCCCTCTTTTGCCTGT,0,sg7
AAATGAGAAGAAGAGGCACAGGG,AAATGAGAAACCAAGGCACATAG,0,sg9
AAATGAGAAGAAGAGGCACAGGG,CAATGAGAAGAATGAGCACAGGC,0,sg9
TGACATCAATTATTATACATCGG,TCTCATCAATTATTATCTGTGGG,0,sg10
TGACATCAATTATTATACATCGG,TGTTATGAAATCTTATACATCAG,0,sg10
AATGACCACTACATCCTCAAGGG,ATGGTTCACTACATCTGCAAGGG,0,sg5
AAATGAGAAGAAGAGGCACAGGG,AAATGAGAAGAGGATGTAAATGA,0,sg9
AAATGAGAAGAAGAGGCACAGGG,CATTGAGAAGAAGATGAACTAGG,0,sg9
AATGACCACTACATCCTCAAGGG,AATGACCACAGAATGCTCAAGCA,0,sg5
CCTGCCTCCGCTCTACTCACTGG,CCTGCCTCCTCCTAACTCACTCT,0,sg7
AATGACCACTACATCCTCAAGGG,CATGAGAACAGCATCCTCAAGGT,0,sg5
ATGAACACCAGTGAGTAGAGCGG,ATGAACACCACTGATGAAAGCCC,0,sg6
AAATGAGAAGAAGAGGCACAGGG,GAAGAAGAAGAAGAGGCCGGGGG,0,sg9
AAATGAGAAGAAGAGGCACAGGG,AAATGAGAAGGAGAATGACAGAA,0,sg9
CCTGCCTCCGCTCTACTCACTGG,CCTGCCTCCCGTCTGCTCCCTGT,0,sg7
AAATGAGAAGAAGAGGCACAGGG,AAATGAGAAAAGAAGGTCAAGGG,0,sg9
CTTGCCCCACAGGGCAGTAACGG,CAGGCCCCACAGGACAGGAAGGG,0,sg3
AACACCAGTGAGTAGAGCGGAGG,CAGACCAGTGAGGTGAGCGGAGT,0,sg1
GACACCGAAGCAGAGTTTTTAGG,AAAACATATGCAGAGTTTTGAGG,0,sg11
AAATGAGAAGAAGAGGCACAGGG,GCAGCAGAAGAAGAGGCTGAGGG,0,sg9
GGTCCTGCCGCTGCTTGTCATGG,GGGCCTGCTGCTGCTGGTCAAGG,1,sg4
AAATGAGAAGAAGAGGCACAGGG,TAATTATTAGAAGAGGCAGAGAG,0,sg9
GACACCGAAGCAGAGTTTTTAGG,GAGCCTGAAGCAGAGTTTCCAGG,0,sg11
AAATGAGAAGAAGAGGCACAGGG,AAATGAGAAGTACAAACCCAGGT,0,sg9
GGGTGGGGGGAGTTTGCTCCTGG,GGTTGGGGGGAGTATTCACCTTC,0,sg8
AAATGAGAAGAAGAGGCACAGGG,AAATGAGAATAAAAGGTAGAGTA,0,sg9
GGGTGGGGGGAGTTTGCTCCTGG,GGGTGGGGGGAGCATCCTCCTCT,0,sg8
AAATGAGAAGAAGAGGCACAGGG,AGATGAGAAGAAAAGGATCAGAG,0,sg9
GGTCCTGCCGCTGCTTGTCATGG,GGTCCTCTTGCTGCTTGTCAAAT,0,sg4
AAATGAGAAGAAGAGGCACAGGG,CTTTGAGAGGAAGAGGCACACGG,0,sg9
GGGTGGGGGGAGTTTGCTCCTGG,GGGTGGGGGGGGTCTCTTGCTGG,0,sg8
GGGTGGGGGGAGTTTGCTCCTGG,GCTCTAGGGGACTTTGCTCCTGG,0,sg8
CCAGTGAGTAGAGCGGAGGCAGG,AGAGTGAGTAGAGTGGCAGCAAG,0,sg2
TGACATCAATTATTATACATCGG,TAAAATTTATTATTATACATCCA,0,sg10
AAATGAGAAGAAGAGGCACAGGG,CAAAGAAAAGCTGAGGCACAGTG,0,sg9
GACACCGAAGCAGAGTTTTTAGG,GTCATGTAAGGAGAGTTTTTAGG,0,sg11
CTTGCCCCACAGGGCAGTAACGG,CCTGGCACCCAGGGCAGTGAAGG,0,sg3
TGACATCAATTATTATACATCGG,TCACATATATTATTATACACAGA,0,sg10
CCTGCCTCCGCTCTACTCACTGG,CCTGCCTCCCTTCCACTTGCTGA,0,sg7
GGGTGGGGGGAGTTTGCTCCTGG,GTTTGCCGGTGGTTTGCTCCTGG,0,sg8
GGGTGGGGGGAGTTTGCTCCTGG,GGGTGGGGGGGGGATGCTCACGT,0,sg8
AATGACCACTACATCCTCAAGGG,CACACCAACTACATCCTCCAGGG,0,sg5
GACACCGAAGCAGAGTTTTTAGG,GACACTGAAGCAGAGATGTCTGT,0,sg11
AAATGAGAAGAAGAGGCACAGGG,TAAGGGGAAAATGAGGCACAGGA,0,sg9
AAATGAGAAGAAGAGGCACAGGG,AAATGAGAAGAAGCAGGATTGGG,0,sg9
AAATGAGAAGAAGAGGCACAGGG,AAATGAGAAGAAGAGACAATATT,0,sg9
CCTGCCTCCGCTCTACTCACTGG,TATTCCCCAGGTCTACTCACTGG,0,sg7
GGGTGGGGGGAGTTTGCTCCTGG,GGAGTCAGGGAATTTGCTCCTGG,0,sg8
GGGTGGGGGGAGTTTGCTCCTGG,TAGTGGGGGGAGTGGGGTCCAGG,0,sg8
GAATCCTAAAAACTCTGCTTCGG,TAAACCACAAATCTCTGCTTCAG,0,sg12
CCTGCCTCCGCTCTACTCACTGG,CCTGCCTCCTCCCTCCACAGTGG,0,sg7
GGGTGGGGGGAGTTTGCTCCTGG,GGGTGGGGGGACTCTGGTGGAGG,0,sg8
CCTGCCTCCGCTCTACTCACTGG,GCTGCAATCAGTCTACTCACTGG,0,sg7
CTTGCCCCACAGGGCAGTAACGG,CCTGCCCCACAGGGAGGCAACTA,0,sg3
ATGAACACCAGTGAGTAGAGCGG,ACGCGCAGAAGTGAGTAGAGCAG,0,sg6
AAATGAGAAGAAGAGGCACAGGG,AAAGGAAAAGAAGAGGCAAGTGT,0,sg9
AACACCAGTGAGTAGAGCGGAGG,GATACCAGTGAGGAGAGAGCAGA,0,sg1
GACACCGAAGCAGAGTTTTTAGG,GTCAGAGAAGCAGAGTATTTATT,0,sg11
AAATGAGAAGAAGAGGCACAGGG,ACCAGGGAGGAGGAGGCACAGGG,0,sg9
AATGACCACTACATCCTCAAGGG,AATGACCACTAAATACTATGAGG,0,sg5
AAATGAGAAGAAGAGGCACAGGG,AAAGAGGAAGAAGAGGGAGGGGG,0,sg9
GAATCCTAAAAACTCTGCTTCGG,GACTCCTAGAAACTCTGCTGATC,0,sg12
GGGTGGGGGGAGTTTGCTCCTGG,GGGTGGGGGGAATTTGAAACTGA,0,sg8
GGTCCTGCCGCTGCTTGTCATGG,AATCCTGCCGCTGTTTTTCATGC,0,sg4
AAATGAGAAGAAGAGGCACAGGG,GGATGACAAGAAGAGGCAGCAGG,0,sg9
GGGTGGGGGGAGTTTGCTCCTGG,GGAAGAGGGGAGTTTGAACCAGG,0,sg8
TGACATCAATTATTATACATCGG,TGACATCAAAAAATATATATAAG,0,sg10
AAATGAGAAGAAGAGGCACAGGG,AAGTGGGAAGAAGAGGGAGAGAA,0,sg9
ATGAACACCAGTGAGTAGAGCGG,ATCAACAGAATAGAGTAGAGCAG,0,sg6
GGTCCTGCCGCTGCTTGTCATGG,GCTGCTGCCGCTGCTAGGCAAAG,0,sg4
AAATGAGAAGAAGAGGCACAGGG,AGAGAAGAAGAAGAGGTAGAGGA,0,sg9
AAATGAGAAGAAGAGGCACAGGG,AAATGAGAACAAGACACACAGTC,0,sg9
GGTCCTGCCGCTGCTTGTCATGG,GGTCCTGCCGTAGCTTGGAATCT,0,sg4
AAATGAGAAGAAGAGGCACAGGG,AAATGAGAAGCAGCGAAAGGGGG,0,sg9
CCAGTGAGTAGAGCGGAGGCAGG,ACAAACAGTGAAGCGGAGGCAGG,0,sg2
TGACATCAATTATTATACATCGG,TCACATACATTATTATACTGTGG,0,sg10
TGACATCAATTATTATACATCGG,TTATATCAATTATTATATATGTT,0,sg10
CTTGCCCCACAGGGCAGTAACGG,CGCCACCCACTGGGCAGTAACAG,0,sg3
CTTGCCCCACAGGGCAGTAACGG,CTGTCGCCACAGGGCAGGAGCTG,0,sg3
AAATGAGAAGAAGAGGCACAGGG,AAATGAGAACAAGAGAGAGAGAA,0,sg9
GACACCGAAGCAGAGTTTTTAGG,GAAACAAAAGCAGAGTTTTATTG,0,sg11
AACACCAGTGAGTAGAGCGGAGG,AGCACCAGTGAGCAAAGCTGGGA,0,sg1
GAATCCTAAAAACTCTGCTTCGG,AAATCCTAAAAACTTTTCTCAGT,0,sg12
ATGAACACCAGTGAGTAGAGCGG,TTGTACACCAGTGAGAAGGGAGG,0,sg6
GGGTGGGGGGAGTTTGCTCCTGG,GGGTGGGGGATGCTTGCCCCCAG,0,sg8
CTTGCCCCACAGGGCAGTAACGG,CTTGCCCCACTCAGCAGGCAGGG,0,sg3
GAATCCTAAAAACTCTGCTTCGG,GCCTCTTAAAAACTCACCTCCGG,0,sg12
TGACATCAATTATTATACATCGG,AAACATCCATAATTATACATCAG,0,sg10
AAATGAGAAGAAGAGGCACAGGG,AAAATAGAAGAAGAGGCACTGCA,0,sg9
AAATGAGAAGAAGAGGCACAGGG,AAATGAGAAGAAGAAATAAAATG,0,sg9
AATGACCACTACATCCTCAAGGG,GCTGACCACTACTTCCTTCTGGG,0,sg5
AATGACCACTACATCCTCAAGGG,CATGACCACTACTTCCTAAGCAG,0,sg5
AACACCAGTGAGTAGAGCGGAGG,ATCAACTCTGAGTAGAGCAGAAG,0,sg1
AAATGAGAAGAAGAGGCACAGGG,AATTGAGAAGAAAACCAAGAGGG,0,sg9
GGGTGGGGGGAGTTTGCTCCTGG,GGAAGGATGGGTTTTGCTCCTGG,0,sg8
AAATGAGAAGAAGAGGCACAGGG,AGGTGAGAAAAAGAGGCACAGAT,0,sg9
CCAGTGAGTAGAGCGGAGGCAGG,CCAGCCAGTAGAGCGGGAGGACG,0,sg2
AAATGAGAAGAAGAGGCACAGGG,AAAAGAGAAGAAGAGAGAGAATG,0,sg9
CTTGCCCCACAGGGCAGTAACGG,ATGGCACCACAGGGCTGGAAGGG,0,sg3
GGTCCTGCCGCTGCTTGTCATGG,GGTCATTCTGCTGCTTGTTATGA,0,sg4
AAATGAGAAGAAGAGGCACAGGG,TAATGAGAAGAAGAAGAAGAAGA,0,sg9
GACACCGAAGCAGAGTTTTTAGG,GACACCGAAAAATAGTCTTCAGA,0,sg11
CTTGCCCCACAGGGCAGTAACGG,GTGGCCCCACAGGGCAGGAATGG,1,sg3
GACACCGAAGCAGAGTTTTTAGG,GATTTCAAGGCAGAGTTTATAGG,0,sg11
GAATCCTAAAAACTCTGCTTCGG,GTATCCTAAAAAGTGTGATCCAG,0,sg12
GGGTGGGGGGAGTTTGCTCCTGG,GGGTGGGGGAGGAGGGGTCCTGG,0,sg8
AAATGAGAAGAAGAGGCACAGGG,AAGGAGGAAGAAGAGGACCAGGG,0,sg9
AAATGAGAAGAAGAGGCACAGGG,AAGTGATGAGAAGAGGCAGAGAA,0,sg9
AAATGAGAAGAAGAGGCACAGGG,TCAGAAGAAGAAGAGAAACAGGG,0,sg9
AAATGAGAAGAAGAGGCACAGGG,GAAGGGGAAGAAGAGGAAGAGGA,0,sg9
AAATGAGAAGAAGAGGCACAGGG,GACTGAGTGGAAGAGGCAGAGGC,0,sg9
GAATCCTAAAAACTCTGCTTCGG,GACCTGTAAGAACTCTGCTTCGA,0,sg12
CCAGTGAGTAGAGCGGAGGCAGG,CCAGTGAGTGGCTCAGAGGCAAC,0,sg2
AAATGAGAAGAAGAGGCACAGGG,GAATGAAGAGGCGAGGCACAGAG,0,sg9
TGACATCAATTATTATACATCGG,TGACATCAACTGTTAAGCACTGG,0,sg10
CCTGCCTCCGCTCTACTCACTGG,CCGGCCTCCGCTTCATTCAAGGG,0,sg7
GGGTGGGGGGAGTTTGCTCCTGG,GTGAGGGGGGAGTTTCCCCCTCC,0,sg8
ATGAACACCAGTGAGTAGAGCGG,CTGAGGACCAGTGAGGAGAAGGG,0,sg6
ATGAACACCAGTGAGTAGAGCGG,ATGAACACCAGACAGCACTTCGG,0,sg6
AAATGAGAAGAAGAGGCACAGGG,CAATGAGAAGAACCGGTGCTGGG,0,sg9
AAATGAGAAGAAGAGGCACAGGG,AATTTTGAGGAAGAGGCACTGGT,0,sg9
CCTGCCTCCGCTCTACTCACTGG,CCTGCCTCCCCCCCAGGCTCTGG,0,sg7
GGTCCTGCCGCTGCTTGTCATGG,GGACGCGGAGGTGCTTGTCATGG,0,sg4
GAATCCTAAAAACTCTGCTTCGG,CGTTCCTAAAAACTCCGCCTCTG,0,sg12
GACACCGAAGCAGAGTTTTTAGG,GACTGGGCATCAGAGTTTTTAGT,0,sg11
AAATGAGAAGAAGAGGCACAGGG,GAATGAGAAGAAAATGTTCAGAG,0,sg9
GGGTGGGGGGAGTTTGCTCCTGG,GGGTGGGGGGAGTTTGTGTCATC,0,sg8
AAATGAGAAGAAGAGGCACAGGG,CTCTGAGAAGAAAAGGAAAAGGG,0,sg9
GGGTGGGGGGAGTTTGCTCCTGG,GGATGGGGGGAGCCTGGCCCTTG,0,sg8
GGGTGGGGGGAGTTTGCTCCTGG,GGGTGGGGGGCCTCTGCTCGAAG,0,sg8
CCAGTGAGTAGAGCGGAGGCAGG,CCAGTGAGTAAAGCGCACAATGG,0,sg2
CTTGCCCCACAGGGCAGTAACGG,CTTGCCCCAGAGACCAGCAAGGG,0,sg3
GGGTGGGGGGAGTTTGCTCCTGG,AAGTGGGGGGAGGTTGCCCTTGG,0,sg8
GGGTGGGGGGAGTTTGCTCCTGG,GGGTGGGGGGTGCTTGCCCCCAT,0,sg8
AAATGAGAAGAAGAGGCACAGGG,AAAAGAAAAGAAGAGGCAGAGTA,0,sg9
ATGAACACCAGTGAGTAGAGCGG,CTAAACACCAGTGAGAAGGGTGA,0,sg6
GGTCCTGCCGCTGCTTGTCATGG,AGGGCTGCCGCTGCTCTTCAAGG,0,sg4
AATGACCACTACATCCTCAAGGG,ATTGTCTCCTCCATCCTCAAGGT,0,sg5
ATGAACACCAGTGAGTAGAGCGG,GTCAACACCAGTGGGTACAGCAC,0,sg6
CTTGCCCCACAGGGCAGTAACGG,GAGGCGCCACAGGGCAGTAATGG,0,sg3
AACACCAGTGAGTAGAGCGGAGG,ATCACCAGTGAGTAGAGAAGATG,0,sg1
AAATGAGAAGAAGAGGCACAGGG,AAGTGAAAGGAAGAGGCACACAT,0,sg9
CTTGCCCCACAGGGCAGTAACGG,ATTACCCCACAGGGCAGCCAAGG,0,sg3
AAATGAGAAGAAGAGGCACAGGG,AAATGAGAATAACAGTGACAGCA,0,sg9
AATGACCACTACATCCTCAAGGG,ATTCACCTATACATCCTCAAAGG,0,sg5
AACACCAGTGAGTAGAGCGGAGG,AACACCAGTGATCTGAGGAGAGA,0,sg1
AAATGAGAAGAAGAGGCACAGGG,AAAGGAGAAGAAGAGGGGAAAGA,0,sg9
AAATGAGAAGAAGAGGCACAGGG,AAATGAGAATAAGAATTAGAAGG,0,sg9
AAATGAGAAGAAGAGGCACAGGG,TAATGAGAAGAAGTACCCCAAGG,0,sg9
GAATCCTAAAAACTCTGCTTCGG,GGATTTTGAAAACTCTGCTTCCC,0,sg12
ATGAACACCAGTGAGTAGAGCGG,AGCAAAACCAGAGAGTAGAGCAT,0,sg6
TGACATCAATTATTATACATCGG,TGAAAACAATTATTATGCAAGGC,0,sg10
AAATGAGAAGAAGAGGCACAGGG,AAATGAGAACATGATCCAGAGGC,0,sg9
AAATGAGAAGAAGAGGCACAGGG,AAATGAGAAAAATAGACACTGGG,0,sg9
CCAGTGAGTAGAGCGGAGGCAGG,ACAGTGTGGAGAGCGGAGGGAGG,0,sg2
AAATGAGAAGAAGAGGCACAGGG,GAATGAGATGGGGAGGCACAGAT,0,sg9
ATGAACACCAGTGAGTAGAGCGG,TGGAAGACCAGTGAGTAGTGCAG,0,sg6
AAATGAGAAGAAGAGGCACAGGG,AAATGAGAAGTGATGACACAGAG,0,sg9
TGACATCAATTATTATACATCGG,AGATATCAATTATTATCTATCCT,0,sg10
AAATGAGAAGAAGAGGCACAGGG,AAACAAGAAGAAGAGAGACAGGA,0,sg9
TGACATCAATTATTATACATCGG,TCATCTCAATTATTATTCATCTA,0,sg10
ATGAACACCAGTGAGTAGAGCGG,ATGTCCTTCAGGGAGTAGAGCAG,0,sg6
AAATGAGAAGAAGAGGCACAGGG,AAAAAAGGAGAAGAGGCACAGAG,0,sg9
CTTGCCCCACAGGGCAGTAACGG,ATGGCAGAACAGGGCAGTAACTG,0,sg3
AAATGAGAAGAAGAGGCACAGGG,TAAGAAGAAGAAGAGGAAGAGGA,0,sg9
TGACATCAATTATTATACATCGG,TGACATCAAGGAAGATACATTTG,0,sg10
TGACATCAATTATTATACATCGG,AGGCATCAATTAATATACGTAAG,0,sg10
GAATCCTAAAAACTCTGCTTCGG,AAACCCTATAAACTCTGCCTTGA,0,sg12
GGGTGGGGGGAGTTTGCTCCTGG,TGGTGGGGGGAGGTTGTTGCTTA,0,sg8
GGGTGGGGGGAGTTTGCTCCTGG,GGGTGGGGGGAGTCCTCTGCTGT,0,sg8
TGACATCAATTATTATACATCGG,ACACAGCGATTATTATACTTTGG,0,sg10
CCTGCCTCCGCTCTACTCACTGG,CCTGCCTCCTCTTTACCCTCTGC,0,sg7
GGTCCTGCCGCTGCTTGTCATGG,GTTGCTCCAGCTGCTTGTCTTGT,0,sg4
ATGAACACCAGTGAGTAGAGCGG,ATGAACACCTGTGTGTAGCTGGC,0,sg6
GACACCGAAGCAGAGTTTTTAGG,GAATGCCAAGCTGAGTTTTTAAG,0,sg11
AAATGAGAAGAAGAGGCACAGGG,GACTCAGAAACCGAGGCACAGGG,0,sg9
GGGTGGGGGGAGTTTGCTCCTGG,GGGTGGGGAGGGAGGGCTCCTGC,0,sg8
GAATCCTAAAAACTCTGCTTCGG,GAATCCTAACAAAACTACTTTGT,0,sg12
GGGTGGGGGGAGTTTGCTCCTGG,GGGTGGGGGCGGATTGCTTGAGG,0,sg8
GGGTGGGGGGAGTTTGCTCCTGG,GGGTGGGGGGACTGAGCTGTTGT,0,sg8
AAATGAGAAGAAGAGGCACAGGG,TAAAGGGAAGAAGAGCAACAGGA,0,sg9
CCAGTGAGTAGAGCGGAGGCAGG,CCAGTGAGTACAGCGGCAGGGAG,0,sg2
GACACCGAAGCAGAGTTTTTAGG,TGCAAGGAAGCAGAGTTGTTATG,0,sg11
CTTGCCCCACAGGGCAGTAACGG,CTTGACCATTATGGCAGTAACGA,0,sg3
AACACCAGTGAGTAGAGCGGAGG,GGCCACAGTGAGTAGAGTGCAGG,0,sg1
CCTGCCTCCGCTCTACTCACTGG,CCTGCCTCCAGGCCAGTCACTAG,0,sg7
TGACATCAATTATTATACATCGG,CCACTTAAATTATTATACATCAC,0,sg10
GAATCCTAAAAACTCTGCTTCGG,GACTGCAACAAACTCTGCTCGGG,0,sg12
AAATGAGAAGAAGAGGCACAGGG,AAGAGTGGGGAAGAGGCACAAGG,0,sg9
AAATGAGAAGAAGAGGCACAGGG,AAATGTCCAGAAGAGGCACATTC,0,sg9
GGGTGGGGGGAGTTTGCTCCTGG,TGGTGGGGGGAGTGGGGTCCTTT,0,sg8
GACACCGAAGCAGAGTTTTTAGG,GAATCCCAAACAGAGTTTTTAAA,0,sg11
AAATGAGAAGAAGAGGCACAGGG,AAATAAGAAGAAGAGGTTAAGTA,0,sg9
AAATGAGAAGAAGAGGCACAGGG,AAATGAGAAGACAAGTTACAGAT,0,sg9
AATGACCACTACATCCTCAAGGG,AATGACCACATCCTCCTGAACAG,0,sg5
CCAGTGAGTAGAGCGGAGGCAGG,CCAGTGAGTTGTGCGGGAGGAGC,0,sg2
AAATGAGAAGAAGAGGCACAGGG,AAATGAGAAAAAGAGGCAAGAGA,0,sg9
GGGTGGGGGGAGTTTGCTCCTGG,GGGTGGGGGAGGTTCTCTCCTCC,0,sg8
GGGTGGGGGGAGTTTGCTCCTGG,GGGTGGGGGGAATTAGCTTTTCA,0,sg8
AACACCAGTGAGTAGAGCGGAGG,AACACCAGTGGGCACAGCAGGAG,0,sg1
GGTCCTGCCGCTGCTTGTCATGG,GGTCCTGCCTCTGCTTCCCAGCC,0,sg4
GGGTGGGGGGAGTTTGCTCCTGG,GGGGGAGGGGAGTTTTTTCCAGC,0,sg8
GGGTGGGGGGAGTTTGCTCCTGG,GGGTGGGGGGAGTGGGGGAGTGG,0,sg8
GGTCCTGCCGCTGCTTGTCATGG,TGCCCAGCCGCTGCTGCTCGTGG,0,sg4
CCAGTGAGTAGAGCGGAGGCAGG,ACTGGGAGGAGAGCGGAGAGAGG,0,sg2
AAATGAGAAGAAGAGGCACAGGG,AAATGAGAACTGGATGTACAGAG,0,sg9
AAATGAGAAGAAGAGGCACAGGG,AAGGATGAAGAAGAGGCAACGGG,0,sg9
GGGTGGGGGGAGTTTGCTCCTGG,GGCTGGAGGGAGTTTGACCCTTT,0,sg8
AAATGAGAAGAAGAGGCACAGGG,AAATGAGAAGTGGAGCCTCAAGA,0,sg9
AAATGAGAAGAAGAGGCACAGGG,TATTTAGAAGAAGAGTAACTGGG,0,sg9
AAATGAGAAGAAGAGGCACAGGG,AAATGAGAAGGAAAGGCCGTGGA,0,sg9
AAATGAGAAGAAGAGGCACAGGG,AGAAGAGGAGAAAAGGCTGAGGG,0,sg9
AAATGAGAAGAAGAGGCACAGGG,ACCTTATAAGAAGAGGCAAAGAG,0,sg9
CCTGCCTCCGCTCTACTCACTGG,AATGCCTCTGCTCTACTCACTCA,0,sg7
AAATGAGAAGAAGAGGCACAGGG,AAGATTGAAGAAGAGGATCAGGG,0,sg9
AAATGAGAAGAAGAGGCACAGGG,GAGTAAGAAGAAGAGGAGCAGAG,0,sg9
AAATGAGAAGAAGAGGCACAGGG,AAATGAGAACAAAATGCACAAGA,0,sg9
CCTGCCTCCGCTCTACTCACTGG,CCTGCCTCCTCTTTCCTAACTGG,0,sg7
AAATGAGAAGAAGAGGCACAGGG,GAAAGGGAAGAAGAGTCACAGGG,0,sg9
GGGTGGGGGGAGTTTGCTCCTGG,GGGTGGGGGATGTTTTCAGCTTG,0,sg8
AAATGAGAAGAAGAGGCACAGGG,GAAGGAGAAGAAGAGGGAATAGG,0,sg9
CCTGCCTCCGCTCTACTCACTGG,CCTGCCTCCTCTTTCCTCCCTGA,0,sg7
AAATGAGAAGAAGAGGCACAGGG,TAGGGAGAAGAAGAGGTAGAAGG,0,sg9
AACACCAGTGAGTAGAGCGGAGG,AAAAAAAGTGAGTAGAGGAGAGA,0,sg1
AAATGAGAAGAAGAGGCACAGGG,AAATGAGAAGAAGAGGCAGACAT,0,sg9
ATGAACACCAGTGAGTAGAGCGG,ATGAACACCAGTGTGGTGGCTGG,0,sg6
GGTCCTGCCGCTGCTTGTCATGG,GGTTCTCCTGCTGCTTGTCTGTG,0,sg4
CTTGCCCCACAGGGCAGTAACGG,AGTGCCCCACAGGGCAGGGGTGG,0,sg3
GGTCCTGCCGCTGCTTGTCATGG,GGTCCTGCCAATGCTTCAAATGA,0,sg4
AAATGAGAAGAAGAGGCACAGGG,AGATCAGGAGAAGAGGCAAAGAC,0,sg9
AATGACCACTACATCCTCAAGGG,AATTCCCACTACATCCTCACTTC,0,sg5
TGACATCAATTATTATACATCGG,TGACATCAATCATTGAACAAATG,0,sg10
GGGTGGGGGGAGTTTGCTCCTGG,GGGTTTGGGGAGTTTGCACAGAG,0,sg8
AATGACCACTACATCCTCAAGGG,AATGACCACTATACTCTCCTGTG,0,sg5
AATGACCACTACATCCTCAAGGG,AAAAATCCCTCCATCCTCAAGGA,0,sg5
AAATGAGAAGAAGAGGCACAGGG,CCAAGAGAAGGGGAGGCACAGTG,0,sg9
GACACCGAAGCAGAGTTTTTAGG,GACATGGAAGCAGAGTGCTGGGG,0,sg11
AAATGAGAAGAAGAGGCACAGGG,CAATGGGATGAGGAGGCACAGGT,0,sg9
AAATGAGAAGAAGAGGCACAGGG,AGCTGAGAAGAAGAGACAAATGA,0,sg9
AAATGAGAAGAAGAGGCACAGGG,AGATGAGAAACTGAGGCACAGCT,0,sg9
ATGAACACCAGTGAGTAGAGCGG,AACAAGACCAGTGAGAAGAGTGT,0,sg6
CTTGCCCCACAGGGCAGTAACGG,CTGACACCACAGGGCAGGAGTGG,0,sg3
AAATGAGAAGAAGAGGCACAGGG,AAGGAAGAGGAAGAGGCACCGGT,0,sg9
AAATGAGAAGAAGAGGCACAGGG,AAAAGGGAAGAAGAGGTCCTGGG,0,sg9
AAATGAGAAGAAGAGGCACAGGG,AAAAGGGAAGAAGAGGAACTAAG,0,sg9
GAATCCTAAAAACTCTGCTTCGG,GATTCCTAAAAAGTGTGGTTTGG,0,sg12
AAATGAGAAGAAGAGGCACAGGG,ACTTGAGAAGAAAACCCACAGAG,0,sg9
GGGTGGGGGGAGTTTGCTCCTGG,GCATGGGGGGAGATTCCTTCTGT,0,sg8
GGGTGGGGGGAGTTTGCTCCTGG,AGGAGCGGAGAGTTTGCTCCAGT,0,sg8
AAATGAGAAGAAGAGGCACAGGG,AAAGGAGAGGAAGAAGAAGAGGC,0,sg9
AAATGAGAAGAAGAGGCACAGGG,AAATGAGAAGAACAAGCATTAGA,0,sg9
AAATGAGAAGAAGAGGCACAGGG,CAATCAGAAGAAGAGGGAAATGA,0,sg9
AATGACCACTACATCCTCAAGGG,TATGACCAAAGAATCCTCAAGGC,0,sg5
AAATGAGAAGAAGAGGCACAGGG,AGGTGGCAAGGAGAGGCACAGAG,0,sg9
TGACATCAATTATTATACATCGG,TGTCATTAATTATTATACTATAG,0,sg10
AAATGAGAAGAAGAGGCACAGGG,AAATGAGAAAAAGAGAAAGAAAG,0,sg9
AAATGAGAAGAAGAGGCACAGGG,AAATGAGAAGCTGCTGCAGAGAG,0,sg9
GAATCCTAAAAACTCTGCTTCGG,GAATCCTAAAAATGTTACTGAGG,0,sg12
AAATGAGAAGAAGAGGCACAGGG,ACTTGAGCTGAAGAGGCAGAGGT,0,sg9
AAATGAGAAGAAGAGGCACAGGG,AAATGAGAAGAAGAAGGCAAGTA,0,sg9
AAATGAGAAGAAGAGGCACAGGG,AGATGAGAAGAAGGTACACAGCC,0,sg9
GGGTGGGGGGAGTTTGCTCCTGG,AGTGAAGGGGAGTTTGCTCCTGC,0,sg8
GGGTGGGGGGAGTTTGCTCCTGG,GGGTGGGGGGGATTTGTTCAAAG,0,sg8
CCTGCCTCCGCTCTACTCACTGG,CCTGCCTCCTGTCTACCCACTCG,0,sg7
AAATGAGAAGAAGAGGCACAGGG,AAATTTTTAGAAGAGGCACATGC,0,sg9
AAATGAGAAGAAGAGGCACAGGG,AAATGAGAAGAAAAAGCTCATAA,0,sg9
AAATGAGAAGAAGAGGCACAGGG,AAAGGGGAAGAGGCAGCACAGGC,0,sg9
AAATGAGAAGAAGAGGCACAGGG,AAAGCTGAAGAAGAGGCAAAGGA,0,sg9
CCAGTGAGTAGAGCGGAGGCAGG,CCATGGCGCAGAGCGGAGGCGCG,0,sg2
ATGAACACCAGTGAGTAGAGCGG,ATGAAAAGCCTTGAGTAGAGCTT,0,sg6
AAATGAGAAGAAGAGGCACAGGG,AAGTGAGAAGAAAAGGCAGATTG,0,sg9
AAATGAGAAGAAGAGGCACAGGG,AATTGAGAAGAATAAGCACAGAC,0,sg9
TGACATCAATTATTATACATCGG,TTACAGCAATTATTAAAAATCTT,0,sg10
AAATGAGAAGAAGAGGCACAGGG,TAAGGAGAGGAAGAGGCAGCAGG,0,sg9
ATGAACACCAGTGAGTAGAGCGG,CTGAACACCAGTGACTGAAGCCA,0,sg6
TGACATCAATTATTATACATCGG,TCACATCAATTATTAAAAATTCA,0,sg10
GGGTGGGGGGAGTTTGCTCCTGG,CTGTGGGAGGATTTTGCTCCTTC,0,sg8
GGGTGGGGGGAGTTTGCTCCTGG,GGGTGGGTGGAGTTTGCTACTGG,0,sg8
TGACATCAATTATTATACATCGG,TCACAGCAATTATTAATCATCAT,0,sg10
GGGTGGGGGGAGTTTGCTCCTGG,GGGTGGGGGCGGTTTGAGCCTAG,0,sg8
GAATCCTAAAAACTCTGCTTCGG,AAACCTTAAAAACTCTGCTCCTG,0,sg12
GAATCCTAAAAACTCTGCTTCGG,CATTACTAAAAACTCTGGTTCAA,0,sg12
CCTGCCTCCGCTCTACTCACTGG,GCTGGCTGCGCTCTACTCGCCAG,0,sg7
AACACCAGTGAGTAGAGCGGAGG,CCCACCTCTGAGTAGAGCTGTGG,0,sg1
TGACATCAATTATTATACATCGG,GTACATTAATTATTATACTTTGA,0,sg10
AAATGAGAAGAAGAGGCACAGGG,AAAGGAGAAGAAGAGGCAAGGAT,0,sg9
AAATGAGAAGAAGAGGCACAGGG,ATATGAGAAGAAGCTGTAAAGTG,0,sg9
AAATGAGAAGAAGAGGCACAGGG,AAATGAGAAGAAAGGGTCCATGG,0,sg9
AAATGAGAAGAAGAGGCACAGGG,GAATGAGAAGAAAAGCCACAGAC,0,sg9
AAATGAGAAGAAGAGGCACAGGG,AAATGAGAAGACACACCACAGGA,0,sg9
CCTGCCTCCGCTCTACTCACTGG,CCTGCCTCCCCTCTGCCCGCTGC,0,sg7
CCTGCCTCCGCTCTACTCACTGG,CCTGCCTCCTCTCCTCCCCCTGC,0,sg7
GGGTGGGGGGAGTTTGCTCCTGG,GGTTTGGGGGAGTTTTTTTCTGC,0,sg8
AAATGAGAAGAAGAGGCACAGGG,AAAAAAGCAGAAGAGGCACAGTA,0,sg9
AAATGAGAAGAAGAGGCACAGGG,AAATGAGAAATAGAGGTGAGGGG,0,sg9
ATGAACACCAGTGAGTAGAGCGG,ATGAACACCACTTTATGGAGCGA,0,sg6
GGTCCTGCCGCTGCTTGTCATGG,GCTGCTTCTGCAGCTTGTCATGC,0,sg4
TGACATCAATTATTATACATCGG,TAAGAGTAATTATTATACATTAG,0,sg10
GGTCCTGCCGCTGCTTGTCATGG,GGTCTTCCAGCTGCTTGTAACTG,0,sg4
GAATCCTAAAAACTCTGCTTCGG,GAATCCTAAAGACTCTGCCAAAA,0,sg12
GAATCCTAAAAACTCTGCTTCGG,GAATCCTAAAAACTTCTTTACTG,0,sg12
AAATGAGAAGAAGAGGCACAGGG,AAATGAGAAGATGGATTACAGAG,0,sg9
AAATGAGAAGAAGAGGCACAGGG,AAATGAGAAAAAGAAACTCAGAA,0,sg9
CTTGCCCCACAGGGCAGTAACGG,CTTGCCCCAGACGCTAGTAACCT,0,sg3
TGACATCAATTATTATACATCGG,TAACATCAATTATTTTCCATAAG,0,sg10
AAATGAGAAGAAGAGGCACAGGG,AAATGAGAAAAAAAGAGACAGAA,0,sg9
CTTGCCCCACAGGGCAGTAACGG,CCTGCCCCACAGAGCAGCTGCAG,0,sg3
AAATGAGAAGAAGAGGCACAGGG,AAATGAGAATATGAGCCAATGAG,0,sg9
AATGACCACTACATCCTCAAGGG,ACTGGCCGAGAAATCCTCAAGGG,0,sg5
AAATGAGAAGAAGAGGCACAGGG,AACTGAGAAGAAGCGGTGAAGCG,0,sg9
TGACATCAATTATTATACATCGG,TCCCCTGAATTATTATACATGGT,0,sg10
AAATGAGAAGAAGAGGCACAGGG,AAAAGTGAGGAAGAGGCACTGAA,0,sg9
AAATGAGAAGAAGAGGCACAGGG,AGAAGAGACACAGAGGCACAGAG,0,sg9
CCAGTGAGTAGAGCGGAGGCAGG,TGAGTGAGTAGAGCCTAGTCAGG,0,sg2
AAATGAGAAGAAGAGGCACAGGG,TAAGAAGCAGAAGAGGCACCGGG,0,sg9
GGTCCTGCCGCTGCTTGTCATGG,GGTGATGCCGCCGCTGCTCATTG,0,sg4
CTTGCCCCACAGGGCAGTAACGG,CATGCCCCACAGGGAAGAAAACT,0,sg3
GGGTGGGGGGAGTTTGCTCCTGG,GGGTGGGGGCAGAGTGCTCCAAG,0,sg8
AAATGAGAAGAAGAGGCACAGGG,AAATGAGAAGACAAAGAACACAG,0,sg9
CCTGCCTCCGCTCTACTCACTGG,CCTGCCTCCTCTCCAGTCCCAGC,0,sg7
AAATGAGAAGAAGAGGCACAGGG,AAATGAGAAGAGGGTTCAGAGGG,0,sg9
CCAGTGAGTAGAGCGGAGGCAGG,CAGGAGAGAAGGGCGGAGGCAGG,0,sg2
GGTCCTGCCGCTGCTTGTCATGG,GGCCAGGCTGCTTGTTGTCATGG,0,sg4
GAATCCTAAAAACTCTGCTTCGG,GAGTTCTGATAACTCTGCTTCCT,0,sg12
AATGACCACTACATCCTCAAGGG,AATGACCACTAAAAGATGAAGGA,0,sg5
GAATCCTAAAAACTCTGCTTCGG,AAATTCTCAAAACTCTGCTTCAT,0,sg12
GAATCCTAAAAACTCTGCTTCGG,CTAACATATAAACTCTGCTTCTG,0,sg12
AATGACCACTACATCCTCAAGGG,AGTAATCGCTACATCCTCAACTG,0,sg5
AAATGAGAAGAAGAGGCACAGGG,AAATGAGAAACAGAGGTACATTT,0,sg9
TGACATCAATTATTATACATCGG,AGGCATCAGTCATTATACATCGA,0,sg10
AAATGAGAAGAAGAGGCACAGGG,AAATAGGAAAATGAGGCACAGAG,0,sg9
CCAGTGAGTAGAGCGGAGGCAGG,CCAGTGAGTGAAGGGGAGGCATG,0,sg2
AATGACCACTACATCCTCAAGGG,TCTTCCCACTACATCCCCAAGTG,0,sg5
CCTGCCTCCGCTCTACTCACTGG,CCTGCCTCCCCTCTTCCCACCCA,0,sg7
AAATGAGAAGAAGAGGCACAGGG,GAAGAAGAAGAAGAGGCATAGTT,0,sg9
TGACATCAATTATTATACATCGG,TAAAATCAATTATTATTCATCAT,0,sg10
AAATGAGAAGAAGAGGCACAGGG,AGAGAAGAAGAAGAGGTAGAGGG,0,sg9
GAATCCTAAAAACTCTGCTTCGG,AACTCCTAAAAACCCTCCTTCAC,0,sg12
TGACATCAATTATTATACATCGG,TTATTTCTATTATTATACTTCTG,0,sg10
CTTGCCCCACAGGGCAGTAACGG,CTAGCTCCACAGGGCCGTTTCTG,0,sg3
CTTGCCCCACAGGGCAGTAACGG,CTTGCCCCAAATGCCAGTGATGT,0,sg3
GGGTGGGGGGAGTTTGCTCCTGG,GGGTGGGGGTAATTGTCTCTTGG,0,sg8
AAATGAGAAGAAGAGGCACAGGG,AAATGAGAAACCGAGGCTTGGGG,0,sg9
GGGTGGGGGGAGTTTGCTCCTGG,GGGTGGGGGGAGCCTGCCCGGAG,0,sg8
AAATGAGAAGAAGAGGCACAGGG,AAATGAGAAAACAAGCCAAAGGG,0,sg9
CCTGCCTCCGCTCTACTCACTGG,CCTGCCTCCCACCCACTCAGTGG,0,sg7
GAATCCTAAAAACTCTGCTTCGG,AAAGCCTAAAAACTCTGGTCATG,0,sg12
AAATGAGAAGAAGAGGCACAGGG,GAAAGAGAAGAAGAGACAGAGGC,0,sg9
AAATGAGAAGAAGAGGCACAGGG,CGATGAGAAGAAACGGCACAGCA,0,sg9
AATGACCACTACATCCTCAAGGG,AATAACCGAGAAATCCTCAAGGT,0,sg5
AAATGAGAAGAAGAGGCACAGGG,ATATCTGCAGAAGAGGCAGAGGA,0,sg9
AATGACCACTACATCCTCAAGGG,AATGACCACTGCTTCCCCTAGCA,0,sg5
AAATGAGAAGAAGAGGCACAGGG,ACAGAAGGCGAAGAGGCAGAGGG,0,sg9
AAATGAGAAGAAGAGGCACAGGG,AGCTGGGAAGAAGAGGAAAAGGT,0,sg9
GGGTGGGGGGAGTTTGCTCCTGG,GGATGAGGAGAGTTTGCTGCTGC,0,sg8
AAATGAGAAGAAGAGGCACAGGG,AAATGAGAAAAAGAGATTCAAAG,0,sg9
GGGTGGGGGGAGTTTGCTCCTGG,CTGTGGGGGGAGTAGGCGCATGG,0,sg8
CCAGTGAGTAGAGCGGAGGCAGG,CCACTGAGTAGAGGGGTGGCGGG,1,sg2
AAATGAGAAGAAGAGGCACAGGG,GTCAGAGAAGAAGAGGCAGAGGG,0,sg9
TGACATCAATTATTATACATCGG,TGGCAGCAATTATTATATAGCAT,0,sg10
GGTCCTGCCGCTGCTTGTCATGG,GGTCCTGCCTCTGCTGGTAAAAT,0,sg4
CCTGCCTCCGCTCTACTCACTGG,CCTGCCTCCGCTCTCCACTCCAC,0,sg7
TGACATCAATTATTATACATCGG,AAATCTCAATTATTATGCATAGG,0,sg10
CCAGTGAGTAGAGCGGAGGCAGG,CCAGTGAGTAGTGCTTTGGAAGA,0,sg2
AAATGAGAAGAAGAGGCACAGGG,GAAGGAGAAGAAGAGAAGGAGGG,0,sg9
AAATGAGAAGAAGAGGCACAGGG,CAAAGAGAAGAAGAGGAAGAAAG,0,sg9
CCTGCCTCCGCTCTACTCACTGG,CCTGCCTCCTCTCTGACCACTAG,0,sg7
GAATCCTAAAAACTCTGCTTCGG,CAATCCTAAAAATTATGCTGCCA,0,sg12
AACACCAGTGAGTAGAGCGGAGG,AACACCAGTGGGGAGGGAAGAGA,0,sg1
AACACCAGTGAGTAGAGCGGAGG,GACACCAGTGAGTAGATATCAGG,0,sg1
TGACATCAATTATTATACATCGG,TGACATCAATCAATATATGTAAG,0,sg10
TGACATCAATTATTATACATCGG,TGACATCAATAATAGAAAATTGG,0,sg10
GACACCGAAGCAGAGTTTTTAGG,AACTCTGGAGCAGAGTTTTTAAG,0,sg11
CCTGCCTCCGCTCTACTCACTGG,CCTGCCTCCTCTCCACCATCTGC,0,sg7
AAATGAGAAGAAGAGGCACAGGG,TACTGCAAAGAAGAGGCAGAAGG,0,sg9
AAATGAGAAGAAGAGGCACAGGG,AACTGAGAAGAAGAATGACAGAA,0,sg9
AAATGAGAAGAAGAGGCACAGGG,TAGTTGGAAGAAGAGGAACAGGT,0,sg9
TGACATCAATTATTATACATCGG,TTATATCAATTATTAAAAATTTG,0,sg10
GGGTGGGGGGAGTTTGCTCCTGG,GGGTGGGGGTGGGTTTCTTCTTG,0,sg8
AAATGAGAAGAAGAGGCACAGGG,AAATGAGAAGAAATTGCATAAGG,0,sg9
GGGTGGGGGGAGTTTGCTCCTGG,GGGTGGGGGGCCTGGACTCCTGG,0,sg8
AAATGAGAAGAAGAGGCACAGGG,AAATGAGAACACAAGCCACATAG,0,sg9
TGACATCAATTATTATACATCGG,TAATATCAATTATTATTAATTGC,0,sg10
AAATGAGAAGAAGAGGCACAGGG,AAAGGGGAAGAAGAGAGGAAGGG,0,sg9
AAATGAGAAGAAGAGGCACAGGG,AATTGAGAAGAAGAGGTAGAAGC,0,sg9
GGGTGGGGGGAGTTTGCTCCTGG,GGAGGCGCGGGCTTTGCTCCTGG,0,sg8
CCAGTGAGTAGAGCGGAGGCAGG,CCAGTGAGTTGTTTAGAAGCAGG,0,sg2
CCTGCCTCCGCTCTACTCACTGG,CCTGCCTCCGCTTTCCAAATTGC,0,sg7
GACACCGAAGCAGAGTTTTTAGG,GACTCAGAAGCAGAGGTAGGAGG,0,sg11
CCTGCCTCCGCTCTACTCACTGG,CCTGCCTCCACTCTCACCACCAG,0,sg7
CCTGCCTCCGCTCTACTCACTGG,CCTCCCGCTGCTCTACTCGCCTG,0,sg7
GGGTGGGGGGAGTTTGCTCCTGG,GGGTGGGGGTGGTTTTATCTGGG,0,sg8
AAATGAGAAGAAGAGGCACAGGG,AAAGGAGAAGAAGAGGTATTGTT,0,sg9
GGTCCTGCCGCTGCTTGTCATGG,GCTGCTGCTGCAGCTTGTCATTC,0,sg4
GGGTGGGGGGAGTTTGCTCCTGG,GGTTGGGGGGAGTCTTTTCCATG,0,sg8
AACACCAGTGAGTAGAGCGGAGG,AAGGACAGTGAGTAGAACAGACG,0,sg1
GACACCGAAGCAGAGTTTTTAGG,GAAACCGAAGCAAAGTGTTAAGA,0,sg11
AAATGAGAAGAAGAGGCACAGGG,TACTGGGTAGAAGAGGCAAAGGT,0,sg9
AAATGAGAAGAAGAGGCACAGGG,CATGAAGAAGCAGAGGCACAGAG,0,sg9
GGTCCTGCCGCTGCTTGTCATGG,GGTGCTGGAGATGCTTGTCATTA,0,sg4
AATGACCACTACATCCTCAAGGG,ACAGACCAATACATCCTCAATAA,0,sg5
CCTGCCTCCGCTCTACTCACTGG,CCTGCCTCCACACTGTTCACCTG,0,sg7
AAATGAGAAGAAGAGGCACAGGG,GACAGAGAGGGAGAGGCACAGAG,0,sg9
CTTGCCCCACAGGGCAGTAACGG,CTTGGCCTTTAGGGCAGTAACCC,0,sg3
AAATGAGAAGAAGAGGCACAGGG,ACATGGGCAGAAGAGGCAAGGGC,0,sg9
AAATGAGAAGAAGAGGCACAGGG,AAAAGGGAAGAAGAGGGAGTGAG,0,sg9
GAATCCTAAAAACTCTGCTTCGG,CATTCTTAGAAACTCTGCTTAAG,0,sg12
CCTGCCTCCGCTCTACTCACTGG,CCTGCCTCCGCTGTCCTCTTGGG,0,sg7
ATGAACACCAGTGAGTAGAGCGG,ATAATCAACAGTGAGTAGAAAAG,0,sg6
CCAGTGAGTAGAGCGGAGGCAGG,CCAGGCTGGAGTGCGGAGGCACG,0,sg2
GGGTGGGGGGAGTTTGCTCCTGG,AGGTGGCTTGAGTTTGCTCAGGG,0,sg8
AAATGAGAAGAAGAGGCACAGGG,ACCTGAGAAGAAGGGCCAGAGTG,0,sg9
AATGACCACTACATCCTCAAGGG,GATTACCTCTACATCCTCTAGAT,0,sg5
GGTCCTGCCGCTGCTTGTCATGG,AGCCCTGCCGCTGCTCGCCCTGC,0,sg4
AACACCAGTGAGTAGAGCGGAGG,AAAACCAGTGAGTAGGAAGCAAG,0,sg1
TGACATCAATTATTATACATCGG,TGAAAACAATTATTATATCTTAG,0,sg10
CCTGCCTCCGCTCTACTCACTGG,CCTGCCTCCGCTCGTCCCATCAG,0,sg7
GAATCCTAAAAACTCTGCTTCGG,TATTTCTAAAAACTCAGCTTGGT,0,sg12
CCTGCCTCCGCTCTACTCACTGG,CCTGCCTCCACTGAACTCTCAGT,0,sg7
GGGTGGGGGGAGTTTGCTCCTGG,GGGTGGGGGGAGTTTTATTTAGA,0,sg8
AATGACCACTACATCCTCAAGGG,AAAAAGAACTAAATCCTCAAGTG,0,sg5
CTTGCCCCACAGGGCAGTAACGG,CCTGCCCCACAGGGGACAGACAG,0,sg3
AAATGAGAAGAAGAGGCACAGGG,AAAGTAGAAGAAGAGGCAGAAGA,0,sg9
CTTGCCCCACAGGGCAGTAACGG,CTTGCCCCATGTGGCACAAACAG,0,sg3
GAATCCTAAAAACTCTGCTTCGG,GATGCTAAAAAACTCTGCTTGGG,0,sg12
GGGTGGGGGGAGTTTGCTCCTGG,AAGTGGAGTGAGTTTGCTCTGGG,0,sg8
GAATCCTAAAAACTCTGCTTCGG,TAATGATAAAAACTCTGATGTGG,0,sg12
GGGTGGGGGGAGTTTGCTCCTGG,GGTGGGGGTGATTTTTCTCCTAG,0,sg8
CCAGTGAGTAGAGCGGAGGCAGG,CCAGCGTGCGGGGCGGAGGCAGG,0,sg2
TGACATCAATTATTATACATCGG,TCACTTCACTCATTATACATCCT,0,sg10
GGGTGGGGGGAGTTTGCTCCTGG,GGGTGGGGGGAGAATGTTTATAG,0,sg8
TGACATCAATTATTATACATCGG,TTGAATAAATTATTATACATCAT,0,sg10
AAATGAGAAGAAGAGGCACAGGG,AACTGAGAAGAAGATGAAAACAG,0,sg9
ATGAACACCAGTGAGTAGAGCGG,ACCAGAACCAGTGAGTAGTGCAG,0,sg6
GACACCGAAGCAGAGTTTTTAGG,GGAACTGAAGCAGAGTTATTCAG,0,sg11
AAATGAGAAGAAGAGGCACAGGG,AAATGAGAAAAAGAACCTCAGTC,0,sg9
ATGAACACCAGTGAGTAGAGCGG,TTGAACACCAGTAAGAAAAGCTT,0,sg6
GACACCGAAGCAGAGTTTTTAGG,GACCCTCAAGCAGAGTTTTCAAT,0,sg11
AAATGAGAAGAAGAGGCACAGGG,AAGGGAAGAGAAGAGGCACCGGG,0,sg9
TGACATCAATTATTATACATCGG,TAAGATCAATTATTACATTTTGG,0,sg10
AAATGAGAAGAAGAGGCACAGGG,AACAGAGAAGAAGAGACACAGGC,0,sg9
AAATGAGAAGAAGAGGCACAGGG,AAACAAGAAACTGAGGCACAGAG,0,sg9
CCAGTGAGTAGAGCGGAGGCAGG,AGAGTGAGTAGACAGGAGGCAGA,0,sg2
TGACATCAATTATTATACATCGG,TTATAACAATTATTATTCATTTG,0,sg10
TGACATCAATTATTATACATCGG,TGGGTCCAATTATTATACATAGC,0,sg10
GGGTGGGGGGAGTTTGCTCCTGG,GGGTGGGGGAAGGGTGGTGTTGG,0,sg8
GACACCGAAGCAGAGTTTTTAGG,GACACCGAAGCAATGTTTTAAAC,0,sg11
TGACATCAATTATTATACATCGG,TTACATCAATTATGATCCATGTC,0,sg10
AAATGAGAAGAAGAGGCACAGGG,ACATGGAAGGAAGAGGCAAGGGG,0,sg9
AATGACCACTACATCCTCAAGGG,AATGATAACTGAATCCTCAAGAT,0,sg5
ATGAACACCAGTGAGTAGAGCGG,GTGAACACCAGTGACATGAACGA,0,sg6
AAATGAGAAGAAGAGGCACAGGG,AAATGAGAAGAAGGGTGAGATGT,0,sg9
GGGTGGGGGGAGTTTGCTCCTGG,GGGTGGGGGGAGGGTGGGCGTGG,0,sg8
AACACCAGTGAGTAGAGCGGAGG,GACACCAGTGAGCAGCCAGGAAG,0,sg1
CTTGCCCCACAGGGCAGTAACGG,CATGCCCCACAGGACTGTGAAAG,0,sg3
ATGAACACCAGTGAGTAGAGCGG,ATGAACACCAGACATTAGCGCAC,0,sg6
GACACCGAAGCAGAGTTTTTAGG,CTCACCGAAGCAGAGTTGGGAGC,0,sg11
GGTCCTGCCGCTGCTTGTCATGG,GGTCCTGCCATTGAGTGTCATGA,0,sg4
AATGACCACTACATCCTCAAGGG,AATGACCACTTCATACTCTTTAG,0,sg5
AAATGAGAAGAAGAGGCACAGGG,GAAAGGGAAGAAGAGGGAGAGGA,0,sg9
CCAGTGAGTAGAGCGGAGGCAGG,CGGGTGCGAGGGGCGGAGGCAGG,0,sg2
GACACCGAAGCAGAGTTTTTAGG,GACAACCAAGAGGAGTTTTTAGA,0,sg11
CCAGTGAGTAGAGCGGAGGCAGG,CCAGTGAGTAGGAGTGGGTCAGG,0,sg2
AAATGAGAAGAAGAGGCACAGGG,GAATAAGAAGAAGAGGAACAAGA,0,sg9
CTTGCCCCACAGGGCAGTAACGG,CCCTCCCCACAGGGCTGGAACAG,0,sg3
AAATGAGAAGAAGAGGCACAGGG,TAAAGAGAGGAAGAGGCATAGAC,0,sg9
TGACATCAATTATTATACATCGG,TTATTTCAATTATTATATTTCTG,0,sg10
AAATGAGAAGAAGAGGCACAGGG,GATGGGTAAGCAGAGGCACAGGG,0,sg9
AAATGAGAAGAAGAGGCACAGGG,AAATGAGAAGAAAAATAACGGGA,0,sg9
CTTGCCCCACAGGGCAGTAACGG,CCTACCCCACAGGGCTGCAACAA,0,sg3
CCTGCCTCCGCTCTACTCACTGG,CCTGCCTCCACTGTTCTGAGAGG,0,sg7
CCAGTGAGTAGAGCGGAGGCAGG,GGAGTGGCTGGAGCGGAGGCAGG,0,sg2
TGACATCAATTATTATACATCGG,TGACATCAATTAATACTTATTGT,0,sg10
AACACCAGTGAGTAGAGCGGAGG,TACTCCAGTGAGTAGAGAGGCGG,1,sg1
TGACATCAATTATTATACATCGG,TCATATCAATTATTATATTTAAG,0,sg10
AATGACCACTACATCCTCAAGGG,GATGACAAGAGGATCCTCAAGGG,0,sg5
AAATGAGAAGAAGAGGCACAGGG,ATGTAAGAAGAAGAGGAAAAGAG,0,sg9
TGACATCAATTATTATACATCGG,TGATATATATTATTATACTTATG,0,sg10
AAATGAGAAGAAGAGGCACAGGG,AAGGAAGAAGCTGAGGCACAGAG,0,sg9
CCTGCCTCCGCTCTACTCACTGG,CCTGGCTCCCTCCTACTCACTCC,0,sg7
GGGTGGGGGGAGTTTGCTCCTGG,GGGTGGGGGGGGGGTGGTGGTGG,0,sg8
GAATCCTAAAAACTCTGCTTCGG,GGGTCTTAAAAACTCTGCTCCAG,0,sg12
AACACCAGTGAGTAGAGCGGAGG,CACACCAGTGAGCCTGGCAGAGG,0,sg1
GACACCGAAGCAGAGTTTTTAGG,CACAGCTAAGCAGAGTTTTTGTC,0,sg11
GACACCGAAGCAGAGTTTTTAGG,ATGAGCGGAGCAGAGTTTTTTGG,0,sg11
AAATGAGAAGAAGAGGCACAGGG,GAATGAAGGGAAGAGGCAGAAGG,0,sg9
AAATGAGAAGAAGAGGCACAGGG,AACTTGGATGAGGAGGCACAGGC,0,sg9
CTTGCCCCACAGGGCAGTAACGG,CCTGCCCCACAGTGCAGAAACCT,0,sg3
GGGTGGGGGGAGTTTGCTCCTGG,GGGTGGTGGGTGCTGGCTCCATG,0,sg8
AAATGAGAAGAAGAGGCACAGGG,AAATGAGAAAAAGAAGAACAGGA,0,sg9
AACACCAGTGAGTAGAGCGGAGG,AAAAAAAGTGAGTAGAGAGATGG,0,sg1
AAATGAGAAGAAGAGGCACAGGG,AAATGAGAAAAAGAAGAAAAGGA,0,sg9
AAATGAGAAGAAGAGGCACAGGG,GATAGAGAAGTTGAGGCACAGAG,0,sg9
AAATGAGAAGAAGAGGCACAGGG,CAAGGGTAAGGAGAGGCACAGGC,0,sg9
AATGACCACTACATCCTCAAGGG,TATGAACATATCATCCTCAAGAG,0,sg5
AAATGAGAAGAAGAGGCACAGGG,GAATGAGAAGAAAAGGCCATGCG,0,sg9
AAATGAGAAGAAGAGGCACAGGG,TCATGTGAAGAAGAGGCAGAGAT,0,sg9
GGTCCTGCCGCTGCTTGTCATGG,GGTCCTGCCGTGGTTTATGAAGG,0,sg4
GGGTGGGGGGAGTTTGCTCCTGG,TTGTGGACTGACTTTGCTCCTGG,0,sg8
CCAGTGAGTAGAGCGGAGGCAGG,CCAGTGAGTAGTGCAGGGGGTAG,0,sg2
CTTGCCCCACAGGGCAGTAACGG,CCATCACCACAGGGCTGTGACGG,0,sg3
GGTCCTGCCGCTGCTTGTCATGG,GGTCCTGCCAATCCGAGTGATGG,0,sg4
TGACATCAATTATTATACATCGG,GTAAGCCAATTATTATACATCCG,0,sg10
GAATCCTAAAAACTCTGCTTCGG,GAATCACAAATTCTCTGCTTCTT,0,sg12
CCTGCCTCCGCTCTACTCACTGG,CCTGCCTCCTTCTCACTCCCTGG,0,sg7
CCTGCCTCCGCTCTACTCACTGG,CCTGCCTCCTCTATAGAGGCTGG,0,sg7
CCAGTGAGTAGAGCGGAGGCAGG,CGAGTGGACGGAGCGGAGGCAGT,0,sg2
CCAGTGAGTAGAGCGGAGGCAGG,CCAGTGAGTAGATACGAGGGATC,0,sg2
AAATGAGAAGAAGAGGCACAGGG,AAATGAGAAGAAGAAGAATATTT,0,sg9
AACACCAGTGAGTAGAGCGGAGG,GTCACCAGTGAGTGCAGGGGAAG,0,sg1
AAATGAGAAGAAGAGGCACAGGG,AAACCATGAGAAGAGGCAGAGAG,0,sg9
AAATGAGAAGAAGAGGCACAGGG,AAATGAGAAAATTAGACACGGTG,0,sg9
GGGTGGGGGGAGTTTGCTCCTGG,GAGTGACCAGAGTTTGCTCCTGC,0,sg8
AACACCAGTGAGTAGAGCGGAGG,CACACCAGTGAGCAGGGCTGAGA,0,sg1
AAATGAGAAGAAGAGGCACAGGG,AAATGAGAAGCTGAAGTACCAGG,0,sg9
ATGAACACCAGTGAGTAGAGCGG,GTGATCACCAGTGAGTAGATGAA,0,sg6
GAATCCTAAAAACTCTGCTTCGG,AAGTCCTAAAAACACTGATGGGG,0,sg12
GGGTGGGGGGAGTTTGCTCCTGG,GGGTGGGGGAAGATTTGTGCAGG,0,sg8
AAATGAGAAGAAGAGGCACAGGG,AGCAGAGAAGAAGAGAAACACGG,0,sg9
AAATGAGAAGAAGAGGCACAGGG,AAATGAGAAAAAGCAGGCGAGGG,0,sg9
AAATGAGAAGAAGAGGCACAGGG,AGAAGAAGAGAAGAGACACAGAG,0,sg9
AAATGAGAAGAAGAGGCACAGGG,GAAGGAGAAGAAGAGGAAAGGGA,0,sg9
AAATGAGAAGAAGAGGCACAGGG,AAATGAGAAGGCCGGGCACAGTG,0,sg9
TGACATCAATTATTATACATCGG,TGACATCAAAAATTAAACACAGG,0,sg10
CTTGCCCCACAGGGCAGTAACGG,GGTGTCCCACAGGGCCGTACCTG,0,sg3
ATGAACACCAGTGAGTAGAGCGG,GGAACAACCAGTGAGTAGAGCAG,0,sg6
ATGAACACCAGTGAGTAGAGCGG,TGGAACACCAGTTATTAGACCAG,0,sg6
CCAGTGAGTAGAGCGGAGGCAGG,CCAGTGAGTAGAGCACAGGTGTC,0,sg2
AAATGAGAAGAAGAGGCACAGGG,CTAGAATAAGAAGAGGCACTGGG,0,sg9
AAATGAGAAGAAGAGGCACAGGG,AAGAGAGAAGCTGAGGCACAGTG,0,sg9
AAATGAGAAGAAGAGGCACAGGG,CAAGCAGACGAAGAGGCACGTGG,0,sg9
AAATGAGAAGAAGAGGCACAGGG,AAATGAGAATAATAGGCAAATGT,0,sg9
GGGTGGGGGGAGTTTGCTCCTGG,GAGTGTGTGGTGTTTGCTCCTGC,0,sg8
GGTCCTGCCGCTGCTTGTCATGG,GGTGCTGCCGCTGCTGGCGCTGA,0,sg4
CTTGCCCCACAGGGCAGTAACGG,CCTGCCCCACAGGGGAGGTCCAG,0,sg3
GAATCCTAAAAACTCTGCTTCGG,TATCCATGAAAACTCTGCTTGGG,0,sg12
AAATGAGAAGAAGAGGCACAGGG,AAATGAGAATCTGAGCCACACAG,0,sg9
AAATGAGAAGAAGAGGCACAGGG,ACAAGAGAAGAAGAGTAAGAGAG,0,sg9
GGGTGGGGGGAGTTTGCTCCTGG,GGGTGGGGGTACGATGATGCTGG,0,sg8
AAATGAGAAGAAGAGGCACAGGG,AAATGAGAAGCAGTGACCGGGGG,0,sg9
AATGACCACTACATCCTCAAGGG,AAGAACTCCTACATCCTCTAGAG,0,sg5
GAATCCTAAAAACTCTGCTTCGG,CTTTCCTAAAAACTCTACTTTGT,0,sg12
AAATGAGAAGAAGAGGCACAGGG,AAATCACGAGAAGAGGCACAATA,0,sg9
AAATGAGAAGAAGAGGCACAGGG,GAGTCAGCAGAAGAGGCAAAGAG,0,sg9
AAATGAGAAGAAGAGGCACAGGG,ATATAAGAAGAAGAGGCAAAAAA,0,sg9
ATGAACACCAGTGAGTAGAGCGG,ATGACTGACAGTGAGTAGTGTGG,0,sg6
CTTGCCCCACAGGGCAGTAACGG,TTTGCCCCACAGATCAGTGATGA,0,sg3
AATGACCACTACATCCTCAAGGG,AATGACCACTAAATCAAAGAGAG,0,sg5
TGACATCAATTATTATACATCGG,TGACATCAAAGATAATGCAATGG,0,sg10
AAATGAGAAGAAGAGGCACAGGG,CACTGGAAAGAAGAGGCACAGAT,0,sg9
GGGTGGGGGGAGTTTGCTCCTGG,GGGTGGGGGGGGTTGGTTAATAG,0,sg8
AAATGAGAAGAAGAGGCACAGGG,AGATGGGATGTTGAGGCACAGAG,0,sg9
AAATGAGAAGAAGAGGCACAGGG,CAGTGAAATGAAGAGGCAGAGAG,0,sg9
AACACCAGTGAGTAGAGCGGAGG,AACACCAGTGCCAAGAGTGGATT,0,sg1
GGGTGGGGGGAGTTTGCTCCTGG,GGGTGGAGGGTGGGGGCTCCAGG,0,sg8
AAATGAGAAGAAGAGGCACAGGG,AGTTTAGAGGAAGAGGCAGTGGG,0,sg9
AAATGAGAAGAAGAGGCACAGGG,AAATGAGAAAGAGAGACCCAAAG,0,sg9
AATGACCACTACATCCTCAAGGG,AGTGTACACTACATCATAAAGGA,0,sg5
GACACCGAAGCAGAGTTTTTAGG,GACCTGGGAGCAGAGTTTTTAGT,0,sg11
TGACATCAATTATTATACATCGG,TACCATCATTTATTATACAACTA,0,sg10
CCAGTGAGTAGAGCGGAGGCAGG,CCAGTGAGTTGATGGGAGGAGTG,0,sg2
CCAGTGAGTAGAGCGGAGGCAGG,TCAGTGCTCAGAGCGGAGGCAGC,0,sg2
GACACCGAAGCAGAGTTTTTAGG,GAGAGAGAAGCAGAGTCTTCATG,0,sg11
CCAGTGAGTAGAGCGGAGGCAGG,GCAGTGAGTAGAGGGGCAGGAAG,0,sg2
AAATGAGAAGAAGAGGCACAGGG,AATGAAGAAGTAGAGGCACAGAA,0,sg9
CTTGCCCCACAGGGCAGTAACGG,CTTGCCCCATAGCTCACTAATGC,0,sg3
CCAGTGAGTAGAGCGGAGGCAGG,GCTATGAGAAGAGCGGAGGCCTG,0,sg2
GGTCCTGCCGCTGCTTGTCATGG,GAGCCTGCTGCTGCTTGTGGTGA,0,sg4
AAATGAGAAGAAGAGGCACAGGG,ACTCCAGAAGAAGAGGCGCCGGG,0,sg9
AACACCAGTGAGTAGAGCGGAGG,AACACCAGTGAGTCAAGCAGGAG,0,sg1
GGGTGGGGGGAGTTTGCTCCTGG,GGGTGGGGGGGGGTTGGTTTTGT,0,sg8
GACACCGAAGCAGAGTTTTTAGG,GCTACTGAAGCAGAGTTGCTAGG,0,sg11
ATGAACACCAGTGAGTAGAGCGG,TTCAGAACCAGTGAGCAGAGCAG,0,sg6
ATGAACACCAGTGAGTAGAGCGG,GTGAAAAACAGTGAGTAGTGCTG,0,sg6
AAATGAGAAGAAGAGGCACAGGG,AAATGAGAAGAAGGTGCAATCTG,0,sg9
CTTGCCCCACAGGGCAGTAACGG,GACGCCCCACAGGTCAGGAAGGG,0,sg3
GGGTGGGGGGAGTTTGCTCCTGG,GGGTGGGGGCGGATAGGGCCTGG,0,sg8
GGGTGGGGGGAGTTTGCTCCTGG,GGGAGGGTGGAGTTTGCTCCTGG,1,sg8
GGTCCTGCCGCTGCTTGTCATGG,ATTCTTGCCAATGCTTGTCATTG,0,sg4
CCTGCCTCCGCTCTACTCACTGG,CCTGCCTCCTCTCCACTCCTTCA,0,sg7
GGGTGGGGGGAGTTTGCTCCTGG,AGATTTGGGGAGTTTGCTGATGG,0,sg8
AAATGAGAAGAAGAGGCACAGGG,TAATATGAAGAAGAGGCATTGGT,0,sg9
AAATGAGAAGAAGAGGCACAGGG,GAACGAGGTGAAGAGGCACAGGG,0,sg9
AAATGAGAAGAAGAGGCACAGGG,AAACAGAAAGTAGAGGCACAGAG,0,sg9
CCTGCCTCCGCTCTACTCACTGG,CCTGCCTCCATTCTTGTTATTGG,0,sg7
CCTGCCTCCGCTCTACTCACTGG,CCTGCCTCCTCCAAGCTTACTGG,0,sg7
AAATGAGAAGAAGAGGCACAGGG,GAATGAGAAGAATGAGCAAAGGG,0,sg9
AAATGAGAAGAAGAGGCACAGGG,AAATGAGAAGAAATGAAACACAG,0,sg9
AAATGAGAAGAAGAGGCACAGGG,GAATGTTGAAAAGAGGCACAGGA,0,sg9
GGGTGGGGGGAGTTTGCTCCTGG,GGGTAGGGGGAGTTTTCTACTCT,0,sg8
GGGTGGGGGGAGTTTGCTCCTGG,GGGTGGGGGGAAATGGCGTCTTG,0,sg8
CTTGCCCCACAGGGCAGTAACGG,CTTGCCCCAGAGGATGGTAAAGA,0,sg3
ATGAACACCAGTGAGTAGAGCGG,ATGAACACCTGTGCTCACAGCTG,0,sg6
GAATCCTAAAAACTCTGCTTCGG,GATTCCTAACAACTCTGCTTCAT,0,sg12
GAATCCTAAAAACTCTGCTTCGG,AAATCCGAAAAACTCTGCTTACC,0,sg12
AAATGAGAAGAAGAGGCACAGGG,GAGGGAGAAGAAGAGGGAGAGGA,0,sg9
AATGACCACTACATCCTCAAGGG,AAAGCCCTTTCCATCCTCAAGGC,0,sg5
GGGTGGGGGGAGTTTGCTCCTGG,GGCTGAGGGGAGTTTGAGGCTGC,0,sg8
GAATCCTAAAAACTCTGCTTCGG,GAATCCTAAACATTGTGGTAAGG,0,sg12
CCTGCCTCCGCTCTACTCACTGG,CCTGCCTCCCCTATGCTCCCCAG,0,sg7
TGACATCAATTATTATACATCGG,TGACATCAATGATTATAGCTACC,0,sg10
AAATGAGAAGAAGAGGCACAGGG,CAATGTGGACAGGAGGCACAGGG,0,sg9
CCAGTGAGTAGAGCGGAGGCAGG,CCAGTGAGTAGAGGAACACCAGG,0,sg2
GGGTGGGGGGAGTTTGCTCCTGG,GGGGGTGGGGTGTCTCTTCCTGG,0,sg8
GAATCCTAAAAACTCTGCTTCGG,GGATGCTCAAATCTCTGCTTCAA,0,sg12
CTTGCCCCACAGGGCAGTAACGG,CATCCCCCACCAGGCAGTAACAA,0,sg3
AACACCAGTGAGTAGAGCGGAGG,AGCCCCAGTGAGTAGAGGGGAGT,0,sg1
AAATGAGAAGAAGAGGCACAGGG,CAAGGAGTAGAAGAGGCACCACG,0,sg9
AAATGAGAAGAAGAGGCACAGGG,AAATGAGAACAACAGACACTGGG,0,sg9
GAATCCTAAAAACTCTGCTTCGG,GAATCCTAAAGCCTCTCATTCCT,0,sg12
GGGTGGGGGGAGTTTGCTCCTGG,GGGTGGGGGGTGGTGGATGATGG,0,sg8
AAATGAGAAGAAGAGGCACAGGG,AAGTGAGTCGAGGAGGCACAGGG,0,sg9
AAATGAGAAGAAGAGGCACAGGG,AAATGAGAAGAAAGAGAAAAGAG,0,sg9
ATGAACACCAGTGAGTAGAGCGG,ATGGAGACAAGTGAGTAGATTGG,0,sg6
AAATGAGAAGAAGAGGCACAGGG,ATTTGAGAAGAAGAGGAAAAGAA,0,sg9
AAATGAGAAGAAGAGGCACAGGG,AGATGGGAACCTGAGGCACAGGA,0,sg9
CCTGCCTCCGCTCTACTCACTGG,CCTGCCTCCTGCCTGCACCCTGG,0,sg7
AACACCAGTGAGTAGAGCGGAGG,AGAACCAGTGAGATCAGCTGAGG,0,sg1
GACACCGAAGCAGAGTTTTTAGG,TACACGCAATCAGAGTTTTTATC,0,sg11
GGGTGGGGGGAGTTTGCTCCTGG,GGGTGGGGGGTGTTTGCCCCCAA,0,sg8
AAATGAGAAGAAGAGGCACAGGG,AAATGAGAAATTGATGCCCAGGA,0,sg9
AACACCAGTGAGTAGAGCGGAGG,TTCACCAGTGAGGAAAGGGGAAG,0,sg1
AAATGAGAAGAAGAGGCACAGGG,CAGTGAGAAGAAGAAAACCAGGG,0,sg9
AAATGAGAAGAAGAGGCACAGGG,AATATAGAAGAAGAGTCACAGAT,0,sg9
AAATGAGAAGAAGAGGCACAGGG,AGAAGAGAACAAGAAGAACAGGA,0,sg9
TGACATCAATTATTATACATCGG,TTATATCAATTATTATATAACTA,0,sg10
TGACATCAATTATTATACATCGG,TTCAATCCTTTATTATACATCAG,0,sg10
CCAGTGAGTAGAGCGGAGGCAGG,CGAGGGTGTGGGGCGGAGGCAGC,0,sg2
AATGACCACTACATCCTCAAGGG,AATGACCACTAAATCCCAAAGTG,0,sg5
AAATGAGAAGAAGAGGCACAGGG,AAATGAGAAGATCATGCTCTAGG,0,sg9
GGGTGGGGGGAGTTTGCTCCTGG,AGATGTGTAGAGTTTGCTTCTGG,0,sg8
AAATGAGAAGAAGAGGCACAGGG,AATAGAGAAAATGAGGCACAGAG,0,sg9
AAATGAGAAGAAGAGGCACAGGG,GATGGAGAAAATGAGGCACAGGG,0,sg9
AAATGAGAAGAAGAGGCACAGGG,AAATGAGAACAAAAAGGAAAAGG,0,sg9
GAATCCTAAAAACTCTGCTTCGG,AAATCCCCAAAACTCTGCATATG,0,sg12
AAATGAGAAGAAGAGGCACAGGG,AATTGAGAAGAAAAGCCAAATGT,0,sg9
AAATGAGAAGAAGAGGCACAGGG,ATAGAAGTGGTAGAGGCACAGGG,0,sg9
AATGACCACTACATCCTCAAGGG,AATCTCCACTACATCTTGAAGGA,0,sg5
GGGTGGGGGGAGTTTGCTCCTGG,GGGTGGGGGTGGCTTTCTTCTGA,0,sg8
CTTGCCCCACAGGGCAGTAACGG,CTTGCCCCACCAAGTAGAAACTG,0,sg3
GAATCCTAAAAACTCTGCTTCGG,AATTACTAAAAACTCTGCTTTCA,0,sg12
GAATCCTAAAAACTCTGCTTCGG,GAATAAGAGAAGCTCTGCTTCTG,0,sg12
ATGAACACCAGTGAGTAGAGCGG,CTGAACACCAGTGACTAATCCTG,0,sg6
GGGTGGGGGGAGTTTGCTCCTGG,GCTTGGGGAGAGTTTGCTCTGTG,0,sg8
AAATGAGAAGAAGAGGCACAGGG,AAATGAGAAGAGGACAAGAAGGG,0,sg9
TGACATCAATTATTATACATCGG,TTATATCATTTATTATACAAAGC,0,sg10
CTTGCCCCACAGGGCAGTAACGG,CTTGCATCTCAGGGCAGTAACCT,0,sg3
GGGTGGGGGGAGTTTGCTCCTGG,GGTTGGGGTGAGTTTGCTGAAAG,0,sg8
GAATCCTAAAAACTCTGCTTCGG,GAATCCTAAAATCTGTGCCTCTT,0,sg12
AAATGAGAAGAAGAGGCACAGGG,TCATAAGAAGAAGAGACGCCGGG,0,sg9
GACACCGAAGCAGAGTTTTTAGG,GCAACTGAAGCAGAGATTTCAAG,0,sg11
GACACCGAAGCAGAGTTTTTAGG,GACTCTAATTTAGAGTTTTTAGG,0,sg11
GGGTGGGGGGAGTTTGCTCCTGG,GGCTGCAGGGTCTTTGCTCCTGT,0,sg8
GGGTGGGGGGAGTTTGCTCCTGG,AGGTGATGTGCGTTTGCTCCTGG,0,sg8
AACACCAGTGAGTAGAGCGGAGG,AACACCAGTGAGAATAACAGAAA,0,sg1
AATGACCACTACATCCTCAAGGG,AATGATGCTTACATCCTCAACAG,0,sg5
TGACATCAATTATTATACATCGG,TAAGAACAATTATTATAGATAGG,0,sg10
AATGACCACTACATCCTCAAGGG,AGTGTCCACCCCATCCTCAAGCA,0,sg5
GACACCGAAGCAGAGTTTTTAGG,AACATGGAATCAGAGTTTTTATG,0,sg11
GACACCGAAGCAGAGTTTTTAGG,GACAAAAAAGGAGAGTTTTTACG,0,sg11
AACACCAGTGAGTAGAGCGGAGG,GACCCCAAGGAGTAGAGCTGAGG,0,sg1
TGACATCAATTATTATACATCGG,TTACAACTATTATTATACACCAT,0,sg10
AAATGAGAAGAAGAGGCACAGGG,TTATAAGAAGAAGAGACACCAGG,0,sg9
AAATGAGAAGAAGAGGCACAGGG,AAAGAAGAAGAAGAGACACGGGA,0,sg9
GACACCGAAGCAGAGTTTTTAGG,GATATTGAAGCAGAGTTTTTTTT,0,sg11
AAATGAGAAGAAGAGGCACAGGG,AAATGAGAATCAAAACCACAGTG,0,sg9
AAATGAGAAGAAGAGGCACAGGG,AAATGGGAAGAAGAGGCTGCAGT,0,sg9
TGACATCAATTATTATACATCGG,TGACATCAATTATTATCATTTTT,0,sg10
AATGACCACTACATCCTCAAGGG,CCTGGGAACTACATCCTCAAGGT,0,sg5
CCAGTGAGTAGAGCGGAGGCAGG,CCGGGGAGGAGCGCGGAGGCAGT,0,sg2
GACACCGAAGCAGAGTTTTTAGG,GACACAGAAGCAGAGATCCCAGC,0,sg11
AAATGAGAAGAAGAGGCACAGGG,AAAGGAAAAAGAGAGGCACACAG,0,sg9
AAATGAGAAGAAGAGGCACAGGG,CTTTCAGAAGAAGAGCCAAAGGG,0,sg9
AAATGAGAAGAAGAGGCACAGGG,AAAAGAGAAGAAGAAGAGGAAGG,0,sg9
AAATGAGAAGAAGAGGCACAGGG,AAGTAGGAAGAAGAGGCATGGAG,0,sg9
ATGAACACCAGTGAGTAGAGCGG,ATTAACACCAGTGACTAGGCATG,0,sg6
ATGAACACCAGTGAGTAGAGCGG,ATAAGCACCAGTGAGTGGCAGGG,0,sg6
AACACCAGTGAGTAGAGCGGAGG,AACTTCATTGAGTAGAGCTGAAT,0,sg1
AAATGAGAAGAAGAGGCACAGGG,AAATTTGAGGAAGAGGCATGTGG,0,sg9
GGGTGGGGGGAGTTTGCTCCTGG,GGGGGTGGGGGATTTGCTCCCAG,0,sg8
AAATGAGAAGAAGAGGCACAGGG,AAATGAGAAAATGAGGCATATAA,0,sg9
CCTGCCTCCGCTCTACTCACTGG,CCAGGCTCTACTCTACTCATTGT,0,sg7
AATGACCACTACATCCTCAAGGG,AATGACCACTTTATCCAAATTGG,0,sg5
AACACCAGTGAGTAGAGCGGAGG,CACACTGCTCAGTAGAGCGGAGA,0,sg1
AATGACCACTACATCCTCAAGGG,ATTGACCACTACCTTCCCAAATG,0,sg5
GGGTGGGGGGAGTTTGCTCCTGG,GGGTGGGGGTGGTCTGTGGCTGG,0,sg8
CCAGTGAGTAGAGCGGAGGCAGG,ACAGTGAGTAGAGCTAAATAAGG,0,sg2
GGGTGGGGGGAGTTTGCTCCTGG,GGGAGGAGGGAGTTTGCTCAGCA,0,sg8
CCTGCCTCCGCTCTACTCACTGG,CCTGCCTCCGTTCCACTAACCAG,0,sg7
AAATGAGAAGAAGAGGCACAGGG,AATTTAGAAGAAGAGACAGACTG,0,sg9
GGGTGGGGGGAGTTTGCTCCTGG,GGGTGGGGGGAGGCTGTCTCTGA,0,sg8
CCTGCCTCCGCTCTACTCACTGG,CCTGCCTCCTCCCTCCTCCCTGG,0,sg7
AATGACCACTACATCCTCAAGGG,AATGACCACTTTATTACAAAGGG,0,sg5
AATGACCACTACATCCTCAAGGG,ACTTAGCACAATATCCTCAAGGT,0,sg5
AAATGAGAAGAAGAGGCACAGGG,GAAGGAGAAGAAGAGGAAGGGGA,0,sg9
GGGTGGGGGGAGTTTGCTCCTGG,GGGTAGGTGCCTTTTGCTCCTGA,0,sg8
AATGACCACTACATCCTCAAGGG,AATGACCACTGGAAGCACAAGCG,0,sg5
TGACATCAATTATTATACATCGG,TGACTCCAAATTTTATACATCCA,0,sg10
AAATGAGAAGAAGAGGCACAGGG,AAAAAAGAAGAAGAGGGAGAGAA,0,sg9
AAATGAGAAGAAGAGGCACAGGG,ACAGGAGAAACTGAGGCACAGGA,0,sg9
CCTGCCTCCGCTCTACTCACTGG,CCTGCTTGCACCCTACTCACTCA,0,sg7
AACACCAGTGAGTAGAGCGGAGG,ATGACCAGTGAGTGGTGGGGAGT,0,sg1
AAATGAGAAGAAGAGGCACAGGG,AAATGAGAAGCCACAGCTCAGGG,0,sg9
GACACCGAAGCAGAGTTTTTAGG,GTGGCTGAAGCAGAGTTTGTATG,0,sg11
AAATGAGAAGAAGAGGCACAGGG,AAATGGGATGAAGAGGCATATAC,0,sg9
AAATGAGAAGAAGAGGCACAGGG,AAAGAAGAAGAAGAGGAAGAATG,0,sg9
AACACCAGTGAGTAGAGCGGAGG,AAAACCAGTGAGTAGAGGCCAGG,0,sg1
ATGAACACCAGTGAGTAGAGCGG,AGGAACACCAGTGAACAAAACGG,0,sg6
AAATGAGAAGAAGAGGCACAGGG,AAATGAGAACAGGAAGGACATGT,0,sg9
TGACATCAATTATTATACATCGG,TCACGTCAATTATTATTCATTAT,0,sg10
CCTGCCTCCGCTCTACTCACTGG,CCTGCCTCCCTGGAACCCACTGG,0,sg7
AACACCAGTGAGTAGAGCGGAGG,CACAACAGTGAGTAGGAGGAAGG,0,sg1
GACACCGAAGCAGAGTTTTTAGG,GAAACCTCTGCAGAGTTTTAAGG,0,sg11
CTTGCCCCACAGGGCAGTAACGG,CTTGCCCCACATGGAGGTCAGGT,0,sg3
TGACATCAATTATTATACATCGG,TGACATCAAATATTACTCATTAC,0,sg10
AAATGAGAAGAAGAGGCACAGGG,GAAGCTGAACATGAGGCACAGGG,0,sg9
AAATGAGAAGAAGAGGCACAGGG,AAATGAGAAAAAGAGATAAAAGA,0,sg9
GGGTGGGGGGAGTTTGCTCCTGG,GGTCTGGTGGAGTTTGCTGCTGT,0,sg8
TGACATCAATTATTATACATCGG,AAAAATCAATTATTATACATGTT,0,sg10
GGGTGGGGGGAGTTTGCTCCTGG,GGGTGGGGGTAGTTCGTGCCGCG,0,sg8
ATGAACACCAGTGAGTAGAGCGG,ATGAACAAAAGTGAGTAGAAAAA,0,sg6
GGTCCTGCCGCTGCTTGTCATGG,GCATGCGCAGCTGCTTGTCATGG,0,sg4
GGGTGGGGGGAGTTTGCTCCTGG,GGGTGGGGGGCGTCTCCCTCTGG,0,sg8
AAATGAGAAGAAGAGGCACAGGG,AGCTCAGAAGAAGAGGAAGAGGT,0,sg9
GACACCGAAGCAGAGTTTTTAGG,CCCAAAGAAGCAGAGTTTTTTGT,0,sg11
AAATGAGAAGAAGAGGCACAGGG,AAGAAAGAAGAAGAGATACAGGC,0,sg9
GGGTGGGGGGAGTTTGCTCCTGG,GGGTGGGGGTAGGTTACTGAGGG,0,sg8
ATGAACACCAGTGAGTAGAGCGG,ATGTCCACCAGTGAGAAGCTCAG,0,sg6
GGGTGGGGGGAGTTTGCTCCTGG,GGGTGGGGGCGCTTTGAGCCTGG,0,sg8
AAATGAGAAGAAGAGGCACAGGG,AAAGGAGAAGAAGAGAAGAAGTG,0,sg9
AAATGAGAAGAAGAGGCACAGGG,AAATGAGAAAAAAAGTCACTGGG,0,sg9
GGTCCTGCCGCTGCTTGTCATGG,GGTCCTGCCACAGACTGCCCTGG,0,sg4
TGACATCAATTATTATACATCGG,TGCTAACAATTATTAAACAAAGG,0,sg10
GGGTGGGGGGAGTTTGCTCCTGG,GGGTGGGGGAAATGAGCTGCTTG,0,sg8
CCTGCCTCCGCTCTACTCACTGG,CCTGCCTCCCTGCTAATCTTTGG,0,sg7
CCTGCCTCCGCTCTACTCACTGG,CCTGCCTCCTGCCTTCTCTCTGA,0,sg7
CCAGTGAGTAGAGCGGAGGCAGG,TTAGTGAGTAGAGGGGGGGTTGG,0,sg2
GACACCGAAGCAGAGTTTTTAGG,GTAACAGAAGCAGAGTTGTAAGT,0,sg11
AAATGAGAAGAAGAGGCACAGGG,AAATGAGAAAATGAACGACAGGA,0,sg9
AAATGAGAAGAAGAGGCACAGGG,AAATGAGAATGAGAGGCCCAAGT,0,sg9
AAATGAGAAGAAGAGGCACAGGG,AAATGAGAAAGAAAGGCTGGGGG,0,sg9
AAATGAGAAGAAGAGGCACAGGG,CAGTCAGAGCTAGAGGCACAGGG,0,sg9
AAATGAGAAGAAGAGGCACAGGG,AAATGAGAAAATGCTGCACATGC,0,sg9
AAATGAGAAGAAGAGGCACAGGG,AGTAGACAGGATGAGGCACAGGG,0,sg9
CTTGCCCCACAGGGCAGTAACGG,CTTGATCAACAGGGCAGTGGCAG,0,sg3
AAATGAGAAGAAGAGGCACAGGG,AAATGATAAGAAGAAGAAGAAGA,0,sg9
AAATGAGAAGAAGAGGCACAGGG,GAACCGGAAGAAGAGGAACTGGG,0,sg9
AAATGAGAAGAAGAGGCACAGGG,AGCTGAGAAGAAGATGCAGACGA,0,sg9
AAATGAGAAGAAGAGGCACAGGG,AAGGAAGAAGAAGAGGCAGCGGC,0,sg9
GAATCCTAAAAACTCTGCTTCGG,AACTCAGAGAAACTCTGCTTCGA,0,sg12
GGGTGGGGGGAGTTTGCTCCTGG,GGCTTGGGGGAGTTTTCTGCTCT,0,sg8
GGGTGGGGGGAGTTTGCTCCTGG,GGGTGGGGGGAGTATGGTCGTTT,0,sg8
GGGTGGGGGGAGTTTGCTCCTGG,GGGTGGGGGGAGATGGTTTCGGG,0,sg8
AAATGAGAAGAAGAGGCACAGGG,AAATGAGAAATGCAGGAACTGGG,0,sg9
CTTGCCCCACAGGGCAGTAACGG,GTTGCCCCACAGGTCAGGTCTGG,0,sg3
GGTCCTGCCGCTGCTTGTCATGG,GGTCCTGCCGGTGGTGGTCGGTG,0,sg4
AAATGAGAAGAAGAGGCACAGGG,AAAGAAGAAGAAGAGGAAGAAAG,0,sg9
CCTGCCTCCGCTCTACTCACTGG,CTGGCCTCCGCTTTCCTCACCCG,0,sg7
GGGTGGGGGGAGTTTGCTCCTGG,GGGTGGGGGGCGGTCTTTCCTGA,0,sg8
AAATGAGAAGAAGAGGCACAGGG,AGTTGAGAAGAAAAAGAAGAGGG,0,sg9
CCTGCCTCCGCTCTACTCACTGG,CCTGCCTCCGCCTCACCCCCTGG,0,sg7
AAATGAGAAGAAGAGGCACAGGG,AGTTGAGGATATGAGGCACAGAG,0,sg9
GGGTGGGGGGAGTTTGCTCCTGG,GGCTGGGGGGAGTGTCCTCACAG,0,sg8
ATGAACACCAGTGAGTAGAGCGG,ATAAACACCAGTGAGTGAAGACA,0,sg6
CTTGCCCCACAGGGCAGTAACGG,CCTTCCCCACAGGGCAGTGAATA,0,sg3
CCTGCCTCCGCTCTACTCACTGG,CCTGCCTCCTCCCTACTGTCCTG,0,sg7
AAATGAGAAGAAGAGGCACAGGG,GCAGGGGGAGAAGAGGCACATGG,0,sg9
GAATCCTAAAAACTCTGCTTCGG,AAATACTAAAAACTCTACTTCTT,0,sg12
GGGTGGGGGGAGTTTGCTCCTGG,GGCTGAAGGGAGTTTGCTTTAGG,0,sg8
AAATGAGAAGAAGAGGCACAGGG,AAATTCTAAACAGAGGCACAGGA,0,sg9
AAATGAGAAGAAGAGGCACAGGG,AAATAAGCAGAGGAGGCACAGGT,0,sg9
AAATGAGAAGAAGAGGCACAGGG,GAAGAAGAAGAAGAGTCATGGGG,0,sg9
AAATGAGAAGAAGAGGCACAGGG,AAATGAGAAGAAATAATACTGGG,0,sg9
GGGTGGGGGGAGTTTGCTCCTGG,GGGTGGGGGGGTTTGTCCCCTGC,0,sg8
AAATGAGAAGAAGAGGCACAGGG,ACAGGGGAAACTGAGGCACAGGG,0,sg9
AAATGAGAAGAAGAGGCACAGGG,AATTTTAAAGAGGAGGCACAGTG,0,sg9
ATGAACACCAGTGAGTAGAGCGG,CTGACCACCAGTGAGCCGGGAGG,0,sg6
AAATGAGAAGAAGAGGCACAGGG,AAGAGAGAAAATGAGGCACAGAA,0,sg9
AACACCAGTGAGTAGAGCGGAGG,AACACCAGTAAGTAAAGACAAAG,0,sg1
AAATGAGAAGAAGAGGCACAGGG,AAATGAGAACATGCGGTACTTGG,0,sg9
GGGTGGGGGGAGTTTGCTCCTGG,GGGTGGGGGTGGTTTGTTCAGGA,0,sg8
CCTGCCTCCGCTCTACTCACTGG,CCTGCCTCCACTCTCCCCACTCA,0,sg7
AAATGAGAAGAAGAGGCACAGGG,ACCTGAGAAGAAGGGGCACAAAC,0,sg9
AACACCAGTGAGTAGAGCGGAGG,AGGACCAGTGAGAAGAGGGGGTG,0,sg1
AAATGAGAAGAAGAGGCACAGGG,CAATGAGAAGAAACAGCACAGGC,0,sg9
GACACCGAAGCAGAGTTTTTAGG,AATACCAAGACAGAGTTTTTAGG,0,sg11
AAATGAGAAGAAGAGGCACAGGG,AACTGAGAAGAAGGGGCAGGGCT,0,sg9
CCTGCCTCCGCTCTACTCACTGG,CCTGCCTCCTCGCTGCTCTTTGA,0,sg7
GACACCGAAGCAGAGTTTTTAGG,TACCCAGAAGCAGAGTTTGCAGT,0,sg11
AAATGAGAAGAAGAGGCACAGGG,AAATGAGAAAAAGGGTTTCAGGG,0,sg9
AATGACCACTACATCCTCAAGGG,AATGACCACCATCTGCTCCAGGG,0,sg5
CTTGCCCCACAGGGCAGTAACGG,GTTGCCCCACAGAGAGGCAAAGG,0,sg3
GGGTGGGGGGAGTTTGCTCCTGG,GGGTGGGGGCAGCTGGCTTTTTG,0,sg8
AAATGAGAAGAAGAGGCACAGGG,AAATGTGAGGAAAGGTCACAGGC,0,sg9
AAATGAGAAGAAGAGGCACAGGG,AAAATGGAAGAAGAGGCTCATGG,0,sg9
GGGTGGGGGGAGTTTGCTCCTGG,GGTTCAGGGGAGTTTACTCTTGT,0,sg8
AAATGAGAAGAAGAGGCACAGGG,GAATGGATTGAAGAGGCACAGGT,0,sg9
AAATGAGAAGAAGAGGCACAGGG,AACTTTGAAGAAGAGGAACAAAG,0,sg9
GGGTGGGGGGAGTTTGCTCCTGG,GGGTGGGGGGGGATAGCATCAGG,0,sg8
CCTGCCTCCGCTCTACTCACTGG,CCTGCCTCCACCCTGCCTCCTGG,0,sg7
AAATGAGAAGAAGAGGCACAGGG,AAAATTGAAGAAGAGGAAGAGGA,0,sg9
GAATCCTAAAAACTCTGCTTCGG,AAATTGTAAAAACTCTGGGTTGG,0,sg12
ATGAACACCAGTGAGTAGAGCGG,ATTCAAAACAGTGAGTAGAGGGA,0,sg6
AAATGAGAAGAAGAGGCACAGGG,AAAGGAAAAGAAGAGGCAGATTC,0,sg9
CCTGCCTCCGCTCTACTCACTGG,CCTGCCTCCACCATGATCACTGC,0,sg7
AAATGAGAAGAAGAGGCACAGGG,AACTGATAGGGAGAGGCACAGGA,0,sg9
TGACATCAATTATTATACATCGG,ATGTATCAATTATTATACAGCAG,0,sg10
AAATGAGAAGAAGAGGCACAGGG,AGAGGGTAGGGAGAGGCACAGGG,0,sg9
GGTCCTGCCGCTGCTTGTCATGG,GCACCTGCCGCTGCTCCTCCTGC,0,sg4
ATGAACACCAGTGAGTAGAGCGG,AGGAACACCAGTTAGTACAGGCC,0,sg6
ATGAACACCAGTGAGTAGAGCGG,GTGAAGCACAGTGAGTAGGGCAG,0,sg6
AAATGAGAAGAAGAGGCACAGGG,TATGGACAAAAAGAGGCACAGGA,0,sg9
GGTCCTGCCGCTGCTTGTCATGG,CATCCTGCTGCTGCTTGTTATTT,0,sg4
CCTGCCTCCGCTCTACTCACTGG,CTGGTCACTGCTCTACTCCCTGG,0,sg7
AAATGAGAAGAAGAGGCACAGGG,ATACCTCAAGAAGAGGCACAGAG,0,sg9
CTTGCCCCACAGGGCAGTAACGG,CCAGCCCCACAGAGCATTGACGA,0,sg3
AAATGAGAAGAAGAGGCACAGGG,GTATGAGCAGAAGAGGCACGCGG,0,sg9
TGACATCAATTATTATACATCGG,AGATAGCAATTATTATACATTTA,0,sg10
CCTGCCTCCGCTCTACTCACTGG,CGCGCCTCCGCTCGACCCGCTTG,0,sg7
AAATGAGAAGAAGAGGCACAGGG,GGTTGGGAAGAAGAGGCCAAGGG,0,sg9
CTTGCCCCACAGGGCAGTAACGG,TGAGAACCAGAGGGCAGTAACGG,0,sg3
AATGACCACTACATCCTCAAGGG,AATGACCACCTCAGCCTGGAGGC,0,sg5
AAATGAGAAGAAGAGGCACAGGG,AGAGGGGAACCTGAGGCACAGGG,0,sg9
AACACCAGTGAGTAGAGCGGAGG,CACACCAGTGAGTAGAGCATTTC,0,sg1
GAATCCTAAAAACTCTGCTTCGG,CAATCAATAAAACTCTGCTTATG,0,sg12
AAATGAGAAGAAGAGGCACAGGG,AAATGAGAAATAGTAACGCAGGG,0,sg9
TGACATCAATTATTATACATCGG,TGACATCAACAATTATAAGTCAT,0,sg10
CTTGCCCCACAGGGCAGTAACGG,CTGTCCCCACAGGGCAGAGGCTG,0,sg3
GAATCCTAAAAACTCTGCTTCGG,TAATCCTAGAAACTCTGCTGTGT,0,sg12
GGGTGGGGGGAGTTTGCTCCTGG,GGGTGGGGGGAGTTGAGCCGAGG,0,sg8
ATGAACACCAGTGAGTAGAGCGG,AAAAACACCAGTGCATAGAGCAA,0,sg6
GGGTGGGGGGAGTTTGCTCCTGG,GGGTGGGGGGAGGATATTTCTGT,0,sg8
AAATGAGAAGAAGAGGCACAGGG,AAATGAGAAGAAAAAAAAAAAGG,0,sg9
GGGTGGGGGGAGTTTGCTCCTGG,GGCGGGGAGCAGTTTGCTCCTGA,0,sg8
AATGACCACTACATCCTCAAGGG,TATGACCACTACTCCATAAAAGG,0,sg5
GGGTGGGGGGAGTTTGCTCCTGG,GGGTGGGGGAATTTTGCGCCCCC,0,sg8
AAATGAGAAGAAGAGGCACAGGG,CAATGAGAAGAAAAGACAGACTG,0,sg9
GAATCCTAAAAACTCTGCTTCGG,GGAGCCTAAAAACTCTGCTAAAG,0,sg12
GAATCCTAAAAACTCTGCTTCGG,TAATTTTAAAAACTCTTATTAGG,0,sg12
CCAGTGAGTAGAGCGGAGGCAGG,CTGATGGGACGAGCGGAGGCAGG,0,sg2
GAATCCTAAAAACTCTGCTTCGG,TATCCTTAAAAACTCTGCTTGGG,0,sg12
CCAGTGAGTAGAGCGGAGGCAGG,TCTGTGAGTAGAGCTGAGTCATA,0,sg2
AAATGAGAAGAAGAGGCACAGGG,GAAAAAGAAGAAGAGGAAAAGGA,0,sg9
CCTGCCTCCGCTCTACTCACTGG,CCACCCACAGCTCTACTCAGAGG,0,sg7
ATGAACACCAGTGAGTAGAGCGG,ATGAACACCATTTGGTAATGAGG,0,sg6
AAATGAGAAGAAGAGGCACAGGG,AGGTAGGAAGAAGAGGAACAGGT,0,sg9
CTTGCCCCACAGGGCAGTAACGG,CTCGCACCACAGGGCAGTGAACA,0,sg3
GGTCCTGCCGCTGCTTGTCATGG,GCTCCTGCCGCTGCTCCTGCTGT,0,sg4
CCAGTGAGTAGAGCGGAGGCAGG,CGAGTGAGTAGAGACCAGGGATG,0,sg2
GGTCCTGCCGCTGCTTGTCATGG,GCAGCTGCCGCTGCTTTACTTGG,0,sg4
CTTGCCCCACAGGGCAGTAACGG,CCCATCCCACAGGGCAGTAGAGG,0,sg3
AACACCAGTGAGTAGAGCGGAGG,AACACCAGTGAGTATCTTTGAGT,0,sg1
ATGAACACCAGTGAGTAGAGCGG,AGTAACACCAGTAGGTGGAGCAG,0,sg6
AACACCAGTGAGTAGAGCGGAGG,ATCCCCAGTGAGTAGAGCCACGC,0,sg1
TGACATCAATTATTATACATCGG,ACAAATCCATTATTATACTTAGG,0,sg10
GACACCGAAGCAGAGTTTTTAGG,GACACCGAAGCAGAGGATACAGG,0,sg11
GGTCCTGCCGCTGCTTGTCATGG,GTGCCTGCCGCTGCTCATCAGTG,0,sg4
GGTCCTGCCGCTGCTTGTCATGG,GGTCCTACTGCTGCTTGTAATCA,0,sg4
GACACCGAAGCAGAGTTTTTAGG,ATGACGGAAGCAGAGTTTTCAGT,0,sg11
AAATGAGAAGAAGAGGCACAGGG,GAATGTGAAGAAGAGGGGCAGGT,0,sg9
CCTGCCTCCGCTCTACTCACTGG,CCTGCCTCCCCTCTCTTCCCTCT,0,sg7
AAATGAGAAGAAGAGGCACAGGG,ATAAAAAGAGAAGAGGCACAGGG,0,sg9
TGACATCAATTATTATACATCGG,TGACTTCAATTATTATGAATTTT,0,sg10
AAATGAGAAGAAGAGGCACAGGG,AAATGAGAAGCAGAGGGACCCCA,0,sg9
TGACATCAATTATTATACATCGG,TGACATCAACTGTCATTCATAGT,0,sg10
GGGTGGGGGGAGTTTGCTCCTGG,GGTTTTGAAGAGTTTGCTCCTCG,0,sg8
ATGAACACCAGTGAGTAGAGCGG,CTGAGCACCAGTGAGGAGCCAGG,0,sg6
AAATGAGAAGAAGAGGCACAGGG,AAAACTGAAGAAGAGGAAGAGGG,0,sg9
CTTGCCCCACAGGGCAGTAACGG,GTCAGACCACAGGGCAGTCACGG,0,sg3
CCAGTGAGTAGAGCGGAGGCAGG,CCAGTGAGTAGAGGCCAGGGAAT,0,sg2
GGGTGGGGGGAGTTTGCTCCTGG,GGCTGGGGGGAGGTTGCGGGGGG,0,sg8
AAATGAGAAGAAGAGGCACAGGG,AAACGTGAAGAAGAGAGACGGGC,0,sg9
GGGTGGGGGGAGTTTGCTCCTGG,GAGTGAGGGGAGTTTATTCCCAG,0,sg8
AAATGAGAAGAAGAGGCACAGGG,AAATGAGAAACTGAAGCCCAGTG,0,sg9
CCTGCCTCCGCTCTACTCACTGG,TCTTTCTTAGGTCTACTCACTGG,0,sg7
AATGACCACTACATCCTCAAGGG,AATGACCACCACAACCCCAACAA,0,sg5
AAATGAGAAGAAGAGGCACAGGG,AGAGAAGAGGAAGAGGCAGAGGA,0,sg9
AACACCAGTGAGTAGAGCGGAGG,AACACCAGTGGGTACAGATAAGA,0,sg1
AAATGAGAAGAAGAGGCACAGGG,ACATGTGAGGAAGAGGCAGAGAA,0,sg9
CTTGCCCCACAGGGCAGTAACGG,CTTCTGGCTCAGGGCAGTAATGG,0,sg3
AAATGAGAAGAAGAGGCACAGGG,AAATAAGAGATTGAGGCACAGAG,0,sg9
AAATGAGAAGAAGAGGCACAGGG,AAATGAGAAAAAATGGCATATGC,0,sg9
AAATGAGAAGAAGAGGCACAGGG,AAAAGAGAAGAAGAGCAAGTGGT,0,sg9
CCTGCCTCCGCTCTACTCACTGG,CCTGCCTCCCCTCTAGCCAATTA,0,sg7
GACACCGAAGCAGAGTTTTTAGG,GAATAAGAAGCAGAGATTTTAAG,0,sg11
AAATGAGAAGAAGAGGCACAGGG,AAATGAGAAGAGAAAGCACAGTG,0,sg9
CCTGCCTCCGCTCTACTCACTGG,CCTGCCTCCTCACTGGGCACTGC,0,sg7
GGGTGGGGGGAGTTTGCTCCTGG,GGGTGGGGGGCGAATTTTCTTGG,0,sg8
GACACCGAAGCAGAGTTTTTAGG,GAAACTGAGGCAGAGTTTGGAGA,0,sg11
AAATGAGAAGAAGAGGCACAGGG,AATTGAGAAGAAGATACAGAGAT,0,sg9
AACACCAGTGAGTAGAGCGGAGG,AAAACAAATGAGTAGAGCTTAGT,0,sg1
GAATCCTAAAAACTCTGCTTCGG,CAACTCCAAAAACTCTGCCTGGG,0,sg12
GACACCGAAGCAGAGTTTTTAGG,GTTTCTGAAGCAGAGTTTTTAAA,0,sg11
AAATGAGAAGAAGAGGCACAGGG,AAATGAGAAAAGGTGGTACTGGA,0,sg9
GGGTGGGGGGAGTTTGCTCCTGG,AGGGGGTGGGGGTCTGCTACTGG,0,sg8
AAATGAGAAGAAGAGGCACAGGG,AAATGAGAAGGAGGAGAAGGGGG,0,sg9
ATGAACACCAGTGAGTAGAGCGG,AGGAAGGCCAGTGAGTAGAGAGT,0,sg6
CCAGTGAGTAGAGCGGAGGCAGG,TGAAGGAGGAGAGCGGAGGCAGG,0,sg2
CCTGCCTCCGCTCTACTCACTGG,CCTGCCTCCGCCCCATGGCCTGG,0,sg7
AAATGAGAAGAAGAGGCACAGGG,ATGAGTGAAGAAGAGGCATATGG,0,sg9
GAATCCTAAAAACTCTGCTTCGG,GAATCCAAGATTCTCTGCTTCTA,0,sg12
GGGTGGGGGGAGTTTGCTCCTGG,GGGTGGGGGGGGTCAGCCCCCCG,0,sg8
GAATCCTAAAAACTCTGCTTCGG,CATGCCCAAAATCTCTGCTTCAG,0,sg12
AAATGAGAAGAAGAGGCACAGGG,AAATGAGAAGCACAGGGCCTGGC,0,sg9
AACACCAGTGAGTAGAGCGGAGG,AACACCAGTCAGTTGAGTGGCTG,0,sg1
GGTCCTGCCGCTGCTTGTCATGG,GGTCCTGCCTCAGCTTCCCAAGT,0,sg4
GGGTGGGGGGAGTTTGCTCCTGG,GGGTGGGGGGTGTTGATGCATGG,0,sg8
AAATGAGAAGAAGAGGCACAGGG,GAATGAGAAGAAAAGCCAGACTG,0,sg9
AAATGAGAAGAAGAGGCACAGGG,AAATGAGAAAATGAGGAAGGTGG,0,sg9
AAATGAGAAGAAGAGGCACAGGG,CAATGAGAGGCACAGGCACAGAA,0,sg9
AAATGAGAAGAAGAGGCACAGGG,GGAAGAGAGGAAGAGGCAGAGGA,0,sg9
GGTCCTGCCGCTGCTTGTCATGG,GTTCATGCAGCTGCTTGTCAGTC,0,sg4
AATGACCACTACATCCTCAAGGG,ACTCAGCCCAACATCCTCAAGGT,0,sg5
GGTCCTGCCGCTGCTTGTCATGG,GTTCTGGCCTCTGCTTGTCATCT,0,sg4
ATGAACACCAGTGAGTAGAGCGG,ATGAACACCAGTGAGGTGTGAAC,0,sg6
GGGTGGGGGGAGTTTGCTCCTGG,GGCAGGAGTGTGTTTGCTCCTAG,0,sg8
GAATCCTAAAAACTCTGCTTCGG,TTGGCCTAAAAACTCTCCTTCTG,0,sg12
GACACCGAAGCAGAGTTTTTAGG,CATACTGAAGCAGAGTTTTAACC,0,sg11
AATGACCACTACATCCTCAAGGG,AATGACCACTGCTTCCTCCAATT,0,sg5
AAATGAGAAGAAGAGGCACAGGG,AAATGAGAAGACAAAGGAAAGGA,0,sg9
GGGTGGGGGGAGTTTGCTCCTGG,GTCTGTTGGGAGTTTGCTGCAGG,0,sg8
GGGTGGGGGGAGTTTGCTCCTGG,GGGTGGGGGGGGTTTATGCATGG,0,sg8
CCTGCCTCCGCTCTACTCACTGG,CCTGCCTCCAATCTGCCCACTCT,0,sg7
ATGAACACCAGTGAGTAGAGCGG,ATGGCCACAAGGGAGTAGAGCAC,0,sg6
ATGAACACCAGTGAGTAGAGCGG,ATTTAAAACAGTGAGTAGAGGGA,0,sg6
AAATGAGAAGAAGAGGCACAGGG,GAATGAGAAGAAGAGTAGGAAGG,0,sg9
AATGACCACTACATCCTCAAGGG,AATGACCACTTCTAGATCAAAGG,0,sg5
AAATGAGAAGAAGAGGCACAGGG,AAAGGATCAGGAGAGGCACAGAT,0,sg9
AAATGAGAAGAAGAGGCACAGGG,AGAAGAGAGGGAGGGGCACAGAG,0,sg9
AAATGAGAAGAAGAGGCACAGGG,AAATGAGAAGAAAAAGAAAACAG,0,sg9
AAATGAGAAGAAGAGGCACAGGG,AAATGAGAAGGAAACCCACAGAC,0,sg9
GGGTGGGGGGAGTTTGCTCCTGG,GGGGGTGGGGAGTAGGCCCCTGC,0,sg8
GGTCCTGCCGCTGCTTGTCATGG,GGTCCTGCCGCTGCCTCTCGCGC,0,sg4
GACACCGAAGCAGAGTTTTTAGG,TTCACGGAAGCAGAGATTTTCTG,0,sg11
TGACATCAATTATTATACATCGG,TGGCAACAATTATTAAATATTGG,0,sg10
AAATGAGAAGAAGAGGCACAGGG,AACCTAGAAGAAGAGAGACAGAG,0,sg9
GGGTGGGGGGAGTTTGCTCCTGG,GGGTGGGGGGGGGTTGTTCCAAG,0,sg8
AACACCAGTGAGTAGAGCGGAGG,AAAACCAGAGAGTAGAGCATATT,0,sg1
AATGACCACTACATCCTCAAGGG,AATGACCACCACAAACTGAATGC,0,sg5
ATGAACACCAGTGAGTAGAGCGG,ATGAACACCAGGCAGTATGGTGG,0,sg6
AAATGAGAAGAAGAGGCACAGGG,AACCAAGAAGAAGAGGGTGAGGG,0,sg9
ATGAACACCAGTGAGTAGAGCGG,ATGAACACCAGTGAATTGACTGC,0,sg6
AAATGAGAAGAAGAGGCACAGGG,ATAAGAGAAGAAGAGGATCATGA,0,sg9
CTTGCCCCACAGGGCAGTAACGG,CATCCCCATCAGGGCAGTAAGGA,0,sg3
AAATGAGAAGAAGAGGCACAGGG,ATTTGAGAAGAAAAGGGAAAGGA,0,sg9
ATGAACACCAGTGAGTAGAGCGG,GTGACCACCAGTGAGTGGGGAGA,0,sg6
GAATCCTAAAAACTCTGCTTCGG,GAATCCTAAAAACGCTGTTGTCA,0,sg12
CCTGCCTCCGCTCTACTCACTGG,ACTGCCCTGGTTCTACTCACTGG,0,sg7
ATGAACACCAGTGAGTAGAGCGG,AGGAACACCAGTGCCTAGAGTAG,0,sg6
GAATCCTAAAAACTCTGCTTCGG,TATCCTTAAAAACTCTGCTTCCT,0,sg12
GGGTGGGGGGAGTTTGCTCCTGG,GGATGGGCTTAGTTTGCTCCTTC,0,sg8
AACACCAGTGAGTAGAGCGGAGG,CACACCAGTGAGCAAAGATGAAG,0,sg1
GAATCCTAAAAACTCTGCTTCGG,TAATTTTCAAAACTCTGCTTAGA,0,sg12
CCTGCCTCCGCTCTACTCACTGG,CTTGCCTCCGCTCTGTTCCCTTC,0,sg7
TGACATCAATTATTATACATCGG,TGACATCAAGAAATATACATGCA,0,sg10
AAATGAGAAGAAGAGGCACAGGG,AAATGAGAAAGAGAGGGAGTGAG,0,sg9
GGGTGGGGGGAGTTTGCTCCTGG,GGGTGGGGGGTGTTGGCTGCTAT,0,sg8
GGGTGGGGGGAGTTTGCTCCTGG,GGGTGGGGGGGGTAGGTGCCTGT,0,sg8
TGACATCAATTATTATACATCGG,TGACATCAATTTCTCTTCATTAG,0,sg10
AAATGAGAAGAAGAGGCACAGGG,ATCAGAGAAGAGGAGGCACAGCA,0,sg9
GAATCCTAAAAACTCTGCTTCGG,AAAAGTTAAAAACTCTACTTAGG,0,sg12
GACACCGAAGCAGAGTTTTTAGG,TAAACCGAAGCAGAGATATGAAG,0,sg11
GGTCCTGCCGCTGCTTGTCATGG,TGTCCTGCCGCTGAGGGACACGG,0,sg4
GAATCCTAAAAACTCTGCTTCGG,GAAGTCTAAAAACTCTCCTTTAG,0,sg12
GGGTGGGGGGAGTTTGCTCCTGG,GGGTGGGGGGACATCACTGCTGG,0,sg8
AAATGAGAAGAAGAGGCACAGGG,AAATGAGAAAAACAGAGACGTGG,0,sg9
GAATCCTAAAAACTCTGCTTCGG,GAATCCTAAAAACTGTATTTAAA,0,sg12
GGGTGGGGGGAGTTTGCTCCTGG,AGCTGGTGGACCTTTGCTCCTGG,0,sg8
GGGTGGGGGGAGTTTGCTCCTGG,GGGTGGGGGGGCTTTGTGCTTGT,0,sg8
AACACCAGTGAGTAGAGCGGAGG,AATACCAGTGAGTAGGAGTGTGG,0,sg1
AACACCAGTGAGTAGAGCGGAGG,AACTGCAGTGAGTAGGGTTGAAG,0,sg1
GGGTGGGGGGAGTTTGCTCCTGG,GGCAGGGTGGAGTTTGCTCCCTT,0,sg8
AACACCAGTGAGTAGAGCGGAGG,GCCTCCAGTGAGTAGAGGCCAGG,0,sg1
CCTGCCTCCGCTCTACTCACTGG,CCTACCTTGCTTCTACTCACTGC,0,sg7
AACACCAGTGAGTAGAGCGGAGG,AAGCCAAGTGAGTAGAGGGGCTG,0,sg1
GGGTGGGGGGAGTTTGCTCCTGG,GGGTGGGGGGAGTGGGTAGGTGG,0,sg8
GACACCGAAGCAGAGTTTTTAGG,GACTCTGAAGCAGAGTTTGGATC,0,sg11
AAATGAGAAGAAGAGGCACAGGG,AAAAAAGAAGAAGAGGAAGAGAG,0,sg9
AAATGAGAAGAAGAGGCACAGGG,AAATGAGAAGAAAAGGAAGAAAT,0,sg9
AACACCAGTGAGTAGAGCGGAGG,AGCACCAGTGAGAAGGGAGGCAG,0,sg1
CCTGCCTCCGCTCTACTCACTGG,CACGCCTGGCCACTACTCACTGG,0,sg7
CCTGCCTCCGCTCTACTCACTGG,CCTGCCCCACTCCTACTCACTGG,0,sg7
TGACATCAATTATTATACATCGG,TGACATCAATTGATAGATGTTGG,0,sg10
GGGTGGGGGGAGTTTGCTCCTGG,GGGTGGGGGGCACTTGCTCATCA,0,sg8
GACACCGAAGCAGAGTTTTTAGG,AACAACCATGCAGAGTTTTTGTG,0,sg11
AAATGAGAAGAAGAGGCACAGGG,AACTTAAAGGTAGAGGCACAGGA,0,sg9
GGGTGGGGGGAGTTTGCTCCTGG,GGGTGGGGGGAGGTGGGAGATGG,0,sg8
TGACATCAATTATTATACATCGG,TTTCATTCATTATTATACATCTC,0,sg10
AAATGAGAAGAAGAGGCACAGGG,AAATGAGAAGATGATGCCCTATG,0,sg9
ATGAACACCAGTGAGTAGAGCGG,ATCAACACCAGTGAGGAATCGGG,0,sg6
GAATCCTAAAAACTCTGCTTCGG,TATCCTTAAAAACTCTGCTGCTG,0,sg12
CCTGCCTCCGCTCTACTCACTGG,CATCCCTGGCCTCTACTCACTTG,0,sg7
AAATGAGAAGAAGAGGCACAGGG,AACTGAGAAGAAATGGGTCAGGG,0,sg9
CTTGCCCCACAGGGCAGTAACGG,CTTGCCCCACAGACCACCAAAAG,0,sg3
AAATGAGAAGAAGAGGCACAGGG,AAATGAGAAGAGGCCTCAAAGGC,0,sg9
AAATGAGAAGAAGAGGCACAGGG,AGATGAACATCTGAGGCACAGGG,0,sg9
AATGACCACTACATCCTCAAGGG,ACTTAGCACAAGATCCTCAAGGT,0,sg5
AAATGAGAAGAAGAGGCACAGGG,AAGAAAGAAGAAGAGGGAAAGGA,0,sg9
AACACCAGTGAGTAGAGCGGAGG,CCTACCAGTGAGAAGAGGGGATG,0,sg1
AACACCAGTGAGTAGAGCGGAGG,TGGACCAGTGAGTAGTAAGGAGG,0,sg1
ATGAACACCAGTGAGTAGAGCGG,ATAAACTTAACTGAGTAGAGCAG,0,sg6
CCTGCCTCCGCTCTACTCACTGG,CCTGCCTCCACGTTACTTTCTGC,0,sg7
AACACCAGTGAGTAGAGCGGAGG,AACAGCAGTGAGTAGGGGAGAAG,0,sg1
GGTCCTGCCGCTGCTTGTCATGG,CATCTGGCTGCTGCTTGTCATGT,0,sg4
AATGACCACTACATCCTCAAGGG,AATACCCTCTTTATCCTCAAGGA,0,sg5
AAATGAGAAGAAGAGGCACAGGG,ATATAGGTAAAAGAGGCACAGGG,0,sg9
AAATGAGAAGAAGAGGCACAGGG,AAATGAGAAGTAAAGGTATAGCA,0,sg9
AAATGAGAAGAAGAGGCACAGGG,AAATGAGAATAAGCAGATTAGGG,0,sg9
GAATCCTAAAAACTCTGCTTCGG,GATTTTTAAAAACTCAGCTTTGG,0,sg12
AACACCAGTGAGTAGAGCGGAGG,GACACCAGTGAGATGAGTGGGGA,0,sg1
CTTGCCCCACAGGGCAGTAACGG,TTGGCCCCACAGGGAAGGGACAG,0,sg3
AAATGAGAAGAAGAGGCACAGGG,ACAGGGGAAGAAGAGGGACACAG,0,sg9
AAATGAGAAGAAGAGGCACAGGG,AAAGAAGAAGAAGAGGCCCAGTG,0,sg9
AAATGAGAAGAAGAGGCACAGGG,GACAGGGAAAAAGAGGCACAGGG,0,sg9
AAATGAGAAGAAGAGGCACAGGG,AAATGAGAAGAAGAATGAAAGGA,0,sg9
AAATGAGAAGAAGAGGCACAGGG,ATATGAGGAAATGAGGCACAGAG,0,sg9
ATGAACACCAGTGAGTAGAGCGG,AGGAACACCAGTGAGGTTGGAGG,0,sg6
CCTGCCTCCGCTCTACTCACTGG,CTTGCCTCCGCTCCATCCCCAGG,0,sg7
AAATGAGAAGAAGAGGCACAGGG,AAATGGGAAGAAGAGGAGCCAGG,0,sg9
AAATGAGAAGAAGAGGCACAGGG,GGGTGAGAAGAAAAGACAGAGGG,0,sg9
ATGAACACCAGTGAGTAGAGCGG,ATGCACACCAGTGAGAGAAGCCC,0,sg6
AAATGAGAAGAAGAGGCACAGGG,AGATGGTGAGAAGAGGCAGAGGA,0,sg9
ATGAACACCAGTGAGTAGAGCGG,ATGGAAACCAGTGAGTAGAAAAG,0,sg6
AACACCAGTGAGTAGAGCGGAGG,TCCATCAGAGAGTAGAGCTGAGC,0,sg1
GGGTGGGGGGAGTTTGCTCCTGG,GGGTGGGGGAAGGGTTCTCCGGA,0,sg8
AAATGAGAAGAAGAGGCACAGGG,AGGAGCGAGGAGGAGGCACAGGG,0,sg9
AAATGAGAAGAAGAGGCACAGGG,AAAAGAGAAGAAGAGAAGGAAGG,0,sg9
AAATGAGAAGAAGAGGCACAGGG,AAATGAGCTGAAGAGGCATAAAA,0,sg9
CTTGCCCCACAGGGCAGTAACGG,CATGCCCCACAGCCCAGTTAGTG,0,sg3
TGACATCAATTATTATACATCGG,GGTTAACAATTATTATAAATCTG,0,sg10
AAATGAGAAGAAGAGGCACAGGG,GAAAAAGAAGAAGAGGGAGAAGG,0,sg9
GACACCGAAGCAGAGTTTTTAGG,GTGGCCGAAGCAGAGTCTTCAGT,0,sg11
AAATGAGAAGAAGAGGCACAGGG,TAGTGTATAGAAGAGGCACAAGG,0,sg9
AAATGAGAAGAAGAGGCACAGGG,AGATGAGAAGAAGATATATGGGG,0,sg9
AAATGAGAAGAAGAGGCACAGGG,AAATGAGAAGAAGGGTCAAAAAA,0,sg9
GAATCCTAAAAACTCTGCTTCGG,GAGTTCCTAAAACTCTGCTTGGT,0,sg12
CCTGCCTCCGCTCTACTCACTGG,CCAGCCTCCGCTTTGCTCAGGTG,0,sg7
AAATGAGAAGAAGAGGCACAGGG,AATTGAGAAGAAGCGGGAAAAGG,0,sg9
GGTCCTGCCGCTGCTTGTCATGG,GGGCCTGCCGCTGCTGCTCTAGC,0,sg4
GGGTGGGGGGAGTTTGCTCCTGG,GTGGGGGGGGAGGAGGCTCCTCG,0,sg8
GGTCCTGCCGCTGCTTGTCATGG,GGTCCTGCCCCTGCCTGGGGAGG,0,sg4
GACACCGAAGCAGAGTTTTTAGG,GTTATTGAAGCAGAGTTTTTGAG,0,sg11
TGACATCAATTATTATACATCGG,TGCCATCAATTATTACACCCTAG,0,sg10
GGGTGGGGGGAGTTTGCTCCTGG,GGGTGGGGGGGTTGTGGTCCTTT,0,sg8
AAATGAGAAGAAGAGGCACAGGG,AGATGCCAGGAAGAGGCACATGG,0,sg9
GAATCCTAAAAACTCTGCTTCGG,GATGCATAGGAACTCTGCTTCAG,0,sg12
AATGACCACTACATCCTCAAGGG,ACTGACCACTACCTCCTAACCAG,0,sg5
GAATCCTAAAAACTCTGCTTCGG,GCTCACTAAAACCTCTGCTTCGT,0,sg12
CTTGCCCCACAGGGCAGTAACGG,CTTGCACTGCAGGGCAGTAACAC,0,sg3
AAATGAGAAGAAGAGGCACAGGG,AAATGAGAAGAAGAGGATTTCAG,0,sg9
AATGACCACTACATCCTCAAGGG,AAAGACCACTACATGATCTATAG,0,sg5
TGACATCAATTATTATACATCGG,CTCCATCAATTATTTTACATTGA,0,sg10
TGACATCAATTATTATACATCGG,TGAAAACAATTATTATAATTATG,0,sg10
GGGTGGGGGGAGTTTGCTCCTGG,GGGTGGGGGAGGCTTGACTCTGG,0,sg8
CCTGCCTCCGCTCTACTCACTGG,TCTGCCTCCGCTTTCCTCCCCAG,0,sg7
AAATGAGAAGAAGAGGCACAGGG,AAATAGTCAGAAGAGGCACAGGG,0,sg9
GGGTGGGGGGAGTTTGCTCCTGG,GGGTGGGGGGCGGGTCCCCCGGG,0,sg8
CTTGCCCCACAGGGCAGTAACGG,CTTCCAGGACAGGGCAGTCAAGG,0,sg3
GGGTGGGGGGAGTTTGCTCCTGG,GGGTGGGGGAAGTCCTCTCCTGC,0,sg8
CTTGCCCCACAGGGCAGTAACGG,CTTGCCCCACAGGGAGGCAGCTG,0,sg3
TGACATCAATTATTATACATCGG,TAACATGAAGCATTATACATCCA,0,sg10
AAATGAGAAGAAGAGGCACAGGG,AACTTGAAACATGAGGCACAGGG,0,sg9
AAATGAGAAGAAGAGGCACAGGG,AGATGAGAAGAATAGACACTTGG,0,sg9
GGGTGGGGGGAGTTTGCTCCTGG,GGGTGGGGGAGGGGTGATTCTGG,0,sg8
AAATGAGAAGAAGAGGCACAGGG,AAATGAGAAGAGAAGGGAAAGGT,0,sg9
AAATGAGAAGAAGAGGCACAGGG,AAATGAGAAAAAGAGGCCTGTGG,0,sg9
AAATGAGAAGAAGAGGCACAGGG,AAACTAGAAGAAGAGGGAGAGAA,0,sg9
GGTCCTGCCGCTGCTTGTCATGG,GGTCCTGCCGTGCCTCCTCCTGG,0,sg4
GACACCGAAGCAGAGTTTTTAGG,GAAAGGGAAGCAGAGTTTATGGT,0,sg11
AAATGAGAAGAAGAGGCACAGGG,AAATGAGAACAAGAGCTATAAGA,0,sg9
GGGTGGGGGGAGTTTGCTCCTGG,AGCTGGGGGGAGTTTTATTATGG,0,sg8
AAATGAGAAGAAGAGGCACAGGG,AAGTAGGAAGAAGAGGGTCAGGG,0,sg9
GGGTGGGGGGAGTTTGCTCCTGG,TTGTGGGGGGAGGGTGCTATTGG,0,sg8
CTTGCCCCACAGGGCAGTAACGG,TCTTCTCCACAGGGCAGCAATGG,0,sg3
CCTGCCTCCGCTCTACTCACTGG,CCAGACTCCCCTCTACACTCAGG,0,sg7
AAATGAGAAGAAGAGGCACAGGG,CAGTGAGAAGAACAGCCAGAAGG,0,sg9
AAATGAGAAGAAGAGGCACAGGG,AAATGAGAAGATAAGCCTCAGAC,0,sg9
AAATGAGAAGAAGAGGCACAGGG,AAAAGGGACTGAGAGGCACAGGT,0,sg9
GGGTGGGGGGAGTTTGCTCCTGG,CTGTGGGGGGAGTTTGGTTCTTA,0,sg8
GAATCCTAAAAACTCTGCTTCGG,AAGTATTAAAAACTCTGCTATGG,0,sg12
CTTGCCCCACAGGGCAGTAACGG,CTTGCCCCAAAGGGCTGTTACTT,0,sg3
TGACATCAATTATTATACATCGG,TGACATCAATTTTTCTCCATGCT,0,sg10
GAATCCTAAAAACTCTGCTTCGG,TGAGCCTAAAAACTCATCTTAGG,0,sg12
AATGACCACTACATCCTCAAGGG,AATGACCACTCTTTCCATAATGG,0,sg5
AAATGAGAAGAAGAGGCACAGGG,AAATGAGAAGCTGATTCAGAGGC,0,sg9
TGACATCAATTATTATACATCGG,TCACATCAATTATTAACCATACA,0,sg10
AATGACCACTACATCCTCAAGGG,CTTGAACACTACATCCTCTAGGG,0,sg5
AAATGAGAAGAAGAGGCACAGGG,AAATGAGAAGAGGAAGGGTAGGA,0,sg9
CTTGCCCCACAGGGCAGTAACGG,CTTGGGCCTCAGGGCAGTACTGG,0,sg3
AAATGAGAAGAAGAGGCACAGGG,GAAGGCCAGGGAGAGGCACAGGG,0,sg9
CTTGCCCCACAGGGCAGTAACGG,CTGGCCACTCAGGGCAGTACGGC,0,sg3
TGACATCAATTATTATACATCGG,TGACAGTGATTATTATACTTCAT,0,sg10
AAATGAGAAGAAGAGGCACAGGG,GAGTGAAAAGAAGAGGCAGAGAT,0,sg9
TGACATCAATTATTATACATCGG,CCACATCCATTATTATACTTCAG,0,sg10
GAATCCTAAAAACTCTGCTTCGG,GAATGCTAAAAACTCTTTGCTGG,0,sg12
GGTCCTGCCGCTGCTTGTCATGG,GGTCCTGCCCCTGCATTTCTTCC,0,sg4
GGGTGGGGGGAGTTTGCTCCTGG,GGGTGGGGGACATATCCACCTGG,0,sg8
GACACCGAAGCAGAGTTTTTAGG,GACACCGAAGCTGACTGTCTCAG,0,sg11
AAATGAGAAGAAGAGGCACAGGG,AAAAGAGAAGAAGAGAAAAAGAT,0,sg9
GAATCCTAAAAACTCTGCTTCGG,TCATCCCATAAACTCTGCTTTGG,0,sg12
CCTGCCTCCGCTCTACTCACTGG,CCTGCCTCCGGCCCAGTCACTAC,0,sg7
ATGAACACCAGTGAGTAGAGCGG,ATGAACACCTTTGAATTGAGATG,0,sg6
GAATCCTAAAAACTCTGCTTCGG,GAAGTTTAAAAACTCCTCTTCTG,0,sg12
ATGAACACCAGTGAGTAGAGCGG,ATGAACACCTGACGGGACAGCGG,0,sg6
TGACATCAATTATTATACATCGG,TCACATCAATTATTATAACTAAA,0,sg10
TGACATCAATTATTATACATCGG,TGACATCAAGTAGCATCCATCCC,0,sg10
TGACATCAATTATTATACATCGG,TGACATCAATTGTTTCAAATCAT,0,sg10
GGGTGGGGGGAGTTTGCTCCTGG,GGGTGGGGGGACTTTGGGGCGTG,0,sg8
GAATCCTAAAAACTCTGCTTCGG,GAAGCATAAAAACTCCACTTCAC,0,sg12
ATGAACACCAGTGAGTAGAGCGG,ATGAACACCAAGAGGTAGAGCTC,0,sg6
AAATGAGAAGAAGAGGCACAGGG,ATCTGAGAAGAATATGTGCAGGG,0,sg9
AAATGAGAAGAAGAGGCACAGGG,AGATGAGGGCCAGAGGCACAGAG,0,sg9
CTTGCCCCACAGGGCAGTAACGG,CTTGCCCCACGGAACAGTGATGT,0,sg3
GGGTGGGGGGAGTTTGCTCCTGG,TTGTGGAGAAAGTTTGCTCCTGG,0,sg8
AAATGAGAAGAAGAGGCACAGGG,AAAGGGGAAGAAGAGAAAGAGGC,0,sg9
GGGTGGGGGGAGTTTGCTCCTGG,GGGTGGGGGCAGGCTGTGGCTGG,0,sg8
AAATGAGAAGAAGAGGCACAGGG,GCAGGTGCAGAAGAGGCACAGTG,0,sg9
ATGAACACCAGTGAGTAGAGCGG,CTAAACACCAGTTTGTAGAGAGC,0,sg6
AACACCAGTGAGTAGAGCGGAGG,AACACCAGTGAATCATGAGGAAG,0,sg1
AAATGAGAAGAAGAGGCACAGGG,CCATGTGAAGAAGAGGCAGAGAT,0,sg9
AAATGAGAAGAAGAGGCACAGGG,ATAGAAAAAGGAGAGGCACAGAG,0,sg9
AAATGAGAAGAAGAGGCACAGGG,ACATGACAACCTGAGGCACAGTG,0,sg9
AATGACCACTACATCCTCAAGGG,AAATACCAGGACATCCTCAAGTA,0,sg5
ATGAACACCAGTGAGTAGAGCGG,ATGAACACCAGTGCAAAAATCCG,0,sg6
GGGTGGGGGGAGTTTGCTCCTGG,GGGTGGGGGGAGGCTGTTCCCTA,0,sg8
AATGACCACTACATCCTCAAGGG,AAAAATCACTACATCACCAAGGG,0,sg5
GAATCCTAAAAACTCTGCTTCGG,CAACCCTCCCAACTCTGCTTCTG,0,sg12
GAATCCTAAAAACTCTGCTTCGG,GAATCCTAAAAAAACTGCCCAGT,0,sg12
GACACCGAAGCAGAGTTTTTAGG,GATTCCAAAGCAGAGTTTTTATG,0,sg11
TGACATCAATTATTATACATCGG,TTAAATCAATTATTATAAATTAA,0,sg10
GGTCCTGCCGCTGCTTGTCATGG,GGTCCGGCCGCTGCTGGTGGCGG,0,sg4
GGTCCTGCCGCTGCTTGTCATGG,GGCCCTGCCGCTGCCCTCCCTGG,0,sg4
GACACCGAAGCAGAGTTTTTAGG,GATTGAGAAGCAGAGTTTTTCTG,0,sg11
TGACATCAATTATTATACATCGG,TTACATCAATTATTTTATTTCCT,0,sg10
AAATGAGAAGAAGAGGCACAGGG,AAATGAGAAGAGGAGAGAGGGGA,0,sg9
AAATGAGAAGAAGAGGCACAGGG,ACAAGAGAGAAAGAGGCACAGAA,0,sg9
TGACATCAATTATTATACATCGG,TTACAGCAATTATTATAAATATA,0,sg10
AAATGAGAAGAAGAGGCACAGGG,AATGGAGAAGAAGAGGCCAGCGG,0,sg9
AAATGAGAAGAAGAGGCACAGGG,AAATGAGAACTAATGGCCAAGGG,0,sg9
TGACATCAATTATTATACATCGG,TGTCATCAATTATTCCACTTGGG,0,sg10
AAATGAGAAGAAGAGGCACAGGG,AGATAAGAAGAAGAGGAGGAGGA,0,sg9
CCTGCCTCCGCTCTACTCACTGG,CCTGCCTCCCCTCTAAAGACTCT,0,sg7
CTTGCCCCACAGGGCAGTAACGG,CACACTCCACAGGGCAGGAGCGG,0,sg3
AATGACCACTACATCCTCAAGGG,AATGACCACTACACCCAGAAAGG,1,sg5
AATGACCACTACATCCTCAAGGG,AGAGCCCACTACATCCTGAAGGC,0,sg5
GAATCCTAAAAACTCTGCTTCGG,GATTGCAAAACCCTCTGCTTCAG,0,sg12
AAATGAGAAGAAGAGGCACAGGG,AGGTAGGAAGAAGAGGCCCAGGG,0,sg9
CCTGCCTCCGCTCTACTCACTGG,CCTGCCTCCCCAGTACCCTCTGG,0,sg7
GGTCCTGCCGCTGCTTGTCATGG,GGGCCAGCCGCTGCTTATCCTCC,0,sg4
CTTGCCCCACAGGGCAGTAACGG,AGAGTCCCAGAGGGCAGTAACGG,0,sg3
GGGTGGGGGGAGTTTGCTCCTGG,GTGGGGGGAGAACTTGCTCCTTG,0,sg8
GAATCCTAAAAACTCTGCTTCGG,CCATCCTAAAAACTCTGATTTTT,0,sg12
AAATGAGAAGAAGAGGCACAGGG,GAATCATAAGAAGAGGCAGATGG,0,sg9
GACACCGAAGCAGAGTTTTTAGG,GCCAGAGGAGGAGAGTTTTTAAG,0,sg11
CTTGCCCCACAGGGCAGTAACGG,CTTGCCCCACTGCCCTGTGACTG,0,sg3
AACACCAGTGAGTAGAGCGGAGG,GCTACCAGTGAGGAGAGCAGAAG,0,sg1
AAATGAGAAGAAGAGGCACAGGG,AAAGAAGAAGAAGAGGGAGGGGA,0,sg9
GGGTGGGGGGAGTTTGCTCCTGG,GGGTGGGGGGTGCTTCCCCCTCA,0,sg8
AAATGAGAAGAAGAGGCACAGGG,CAAACAGAGGAAGAGGCACATGA,0,sg9
AAATGAGAAGAAGAGGCACAGGG,AAGGGAGAAGAAGAGTCAATGGT,0,sg9
GAATCCTAAAAACTCTGCTTCGG,CATTTCTAAAAACTCTGAATCAG,0,sg12
CCTGCCTCCGCTCTACTCACTGG,TCTGCCACAGAGCTACTCACTGG,0,sg7
AATGACCACTACATCCTCAAGGG,ATTCATCATTACATCCTCAGAGG,0,sg5
AATGACCACTACATCCTCAAGGG,GTTTAGCACTACATCCTCAAGGT,0,sg5
GAATCCTAAAAACTCTGCTTCGG,GAATCCTAAAAACAATGTTTGGT,0,sg12
CCAGTGAGTAGAGCGGAGGCAGG,CCAGTGAGTGCAGGGGTGTGAGG,0,sg2
AAATGAGAAGAAGAGGCACAGGG,AACTGAGAAGAAGATGCAAATGG,0,sg9
GACACCGAAGCAGAGTTTTTAGG,TATAAAGAAGTAGAGTTTTTAGT,0,sg11
GGGTGGGGGGAGTTTGCTCCTGG,AAGTGTGATGAGTTTGCTTCTGG,0,sg8
GAATCCTAAAAACTCTGCTTCGG,GACACCCCAGAACTCTGCTTCTG,0,sg12
AAATGAGAAGAAGAGGCACAGGG,AAAGCAGTTGAAGAGGCATGGGG,0,sg9
TGACATCAATTATTATACATCGG,TGACATCAATTATTATTTCTACA,0,sg10
AAATGAGAAGAAGAGGCACAGGG,ACACCAGAGCCAGAGGCACAGGG,0,sg9
GACACCGAAGCAGAGTTTTTAGG,GAAACGGATGCAGAGTTTCCATG,0,sg11
GGGTGGGGGGAGTTTGCTCCTGG,AGGTTTGGGGAGTTTGCTACAGG,0,sg8
GGGTGGGGGGAGTTTGCTCCTGG,GGGTGGGGGGAGGTCCCACCTAT,0,sg8
AAATGAGAAGAAGAGGCACAGGG,AAAGGAGAAGAAGAGGAAGAATG,0,sg9
GAATCCTAAAAACTCTGCTTCGG,TATTCTTAAAAACTCTGATTCCT,0,sg12
AAATGAGAAGAAGAGGCACAGGG,AGCTGAGTTGAAGAGGCAAAGGG,0,sg9
AACACCAGTGAGTAGAGCGGAGG,AGTAAAAGTGAGTAGTGAGGAGG,0,sg1
AATGACCACTACATCCTCAAGGG,CATTCCCACTACATCCTCAAAAT,0,sg5
AAATGAGAAGAAGAGGCACAGGG,AAATGAGAAGCTGTGGAATAGGA,0,sg9
AAATGAGAAGAAGAGGCACAGGG,AATGAAGAAACAGAGGCACAGGG,0,sg9
CCAGTGAGTAGAGCGGAGGCAGG,CCAGTGAGTAGGGAAGAGGGAGA,0,sg2
GACACCGAAGCAGAGTTTTTAGG,GACACCGAAACTAATTTTTGGGG,0,sg11
GAATCCTAAAAACTCTGCTTCGG,GTAAACAATAAACTCTGCTTGGG,0,sg12
GACACCGAAGCAGAGTTTTTAGG,GAGATCTAAGCAGAGTTTTGTGT,0,sg11
AAATGAGAAGAAGAGGCACAGGG,AAATGAGAAACAGTGGCAAATTG,0,sg9
GAATCCTAAAAACTCTGCTTCGG,GCCTTCTAAAAACTCTGCTTCCC,0,sg12
CCTGCCTCCGCTCTACTCACTGG,CTTTGCTGGCCTCTACTCACTGG,0,sg7
AAATGAGAAGAAGAGGCACAGGG,AAATGAGAAGAAGAGACTAGTAG,0,sg9
AAATGAGAAGAAGAGGCACAGGG,AAATCTGAAGAAGAGGCATAACT,0,sg9
TGACATCAATTATTATACATCGG,TCATATCAGTTATTATACCTTGC,0,sg10
CTTGCCCCACAGGGCAGTAACGG,CCAGGCCCACAGGGCTGCAGCGG,0,sg3
AAATGAGAAGAAGAGGCACAGGG,ACATAGAAAAAAGAGGCACAGAG,0,sg9
ATGAACACCAGTGAGTAGAGCGG,ATGAGTACCAGTGAGTGTAATGG,0,sg6
GAATCCTAAAAACTCTGCTTCGG,GAAGCATAAAAACTCCAATTTGG,0,sg12
AAATGAGAAGAAGAGGCACAGGG,GAACAAGAAGAAGAGGAAGAAGG,0,sg9
AAATGAGAAGAAGAGGCACAGGG,AAAAGAAAAGAAGAGGCACTGCC,0,sg9
GGTCCTGCCGCTGCTTGTCATGG,GGTCCTGCCACGGCATGGCAAGT,0,sg4
AAATGAGAAGAAGAGGCACAGGG,AAATAAGAAGAAGAAGAAGAGGA,0,sg9
CCAGTGAGTAGAGCGGAGGCAGG,CCAGTGAGTTGTGAGGCGGTCGG,0,sg2
GAATCCTAAAAACTCTGCTTCGG,GAATCCTAAGCACTCTGTTTCAT,0,sg12
GAATCCTAAAAACTCTGCTTCGG,AGACACTAAAAACTCTGCTTCAG,0,sg12
GAATCCTAAAAACTCTGCTTCGG,ACATCCTAAAAACTGAGCCTCAG,0,sg12
ATGAACACCAGTGAGTAGAGCGG,ATGAACACCACAGAGAAAAGACG,0,sg6
AACACCAGTGAGTAGAGCGGAGG,ACGATAGGTGAGTAGAGCGGAGG,0,sg1
TGACATCAATTATTATACATCGG,TCTTATCCATTATTATACATCTC,0,sg10
AAATGAGAAGAAGAGGCACAGGG,CAGGGGGAAGAAGAGGCAGAAGG,0,sg9
GGGTGGGGGGAGTTTGCTCCTGG,GGGTGGGGGCAGGATGTGGCTGG,0,sg8
GGGTGGGGGGAGTTTGCTCCTGG,GGGTGGGGGTTGGAGGCTCATGG,0,sg8
AAATGAGAAGAAGAGGCACAGGG,ATATGAGAAGAAGAGCTAGAGCT,0,sg9
AAATGAGAAGAAGAGGCACAGGG,AACAGAGAAGAAGAGAGAGAGGA,0,sg9
ATGAACACCAGTGAGTAGAGCGG,ATGAACACCAGGTAGAAGGTCAG,0,sg6
AAATGAGAAGAAGAGGCACAGGG,AAAAAAGAAGAAGAGGAAAAGAA,0,sg9
GGTCCTGCCGCTGCTTGTCATGG,GGTGGTGCTGCTGCTTGTGTGGG,0,sg4
AATGACCACTACATCCTCAAGGG,CAGAACCATAACATCCTCAAGAG,0,sg5
ATGAACACCAGTGAGTAGAGCGG,ATGAACACCAGAAAAGAGAACGG,0,sg6
GGGTGGGGGGAGTTTGCTCCTGG,AGGTGGGGGGAGATTGCTTGAGC,0,sg8
AAATGAGAAGAAGAGGCACAGGG,GATTGAGAAGAAGGGGGAGAGAG,0,sg9
CCTGCCTCCGCTCTACTCACTGG,CCTGCCTCCGTCCTACTCTCCAG,0,sg7
AAATGAGAAGAAGAGGCACAGGG,GAATGAGAAGAAGATGAAAAAGG,0,sg9
AAATGAGAAGAAGAGGCACAGGG,ACAGGAGCATCAGAGGCACAGGG,0,sg9
AACACCAGTGAGTAGAGCGGAGG,AAGACCAGTGAGAAGAGGGCATT,0,sg1
AATGACCACTACATCCTCAAGGG,ATATACCACTACATCCCCACTGG,0,sg5
AACACCAGTGAGTAGAGCGGAGG,AAGTCCAGTGAGTAGAGCTCATT,0,sg1
GGGTGGGGGGAGTTTGCTCCTGG,GGGTGGGGGGAGAAAGAACTTGG,0,sg8
AAATGAGAAGAAGAGGCACAGGG,AAATGAGAAGCAGAGGAAGAAAG,0,sg9
GGGTGGGGGGAGTTTGCTCCTGG,GGGTGGGGGGAGGTTCCCACATG,0,sg8
GACACCGAAGCAGAGTTTTTAGG,GACACCGAAGCAGGGTTTTCAGG,1,sg11
AAATGAGAAGAAGAGGCACAGGG,AATTCATGTGAAGAGGCACAGGC,0,sg9
ATGAACACCAGTGAGTAGAGCGG,AAGGAAACAAGGGAGTAGAGCAG,0,sg6
AAATGAGAAGAAGAGGCACAGGG,AAATGAGAAAAGCAGGTGCTGGG,0,sg9
AAATGAGAAGAAGAGGCACAGGG,AAATGAGAAGAAGAAGAAAAAGA,0,sg9
AAATGAGAAGAAGAGGCACAGGG,AAAAGAGAAGAAGAGGAAGAGAA,0,sg9
AATGACCACTACATCCTCAAGGG,AATAATGACTACATCCTCAGCTG,0,sg5
GACACCGAAGCAGAGTTTTTAGG,TATACAGTAGCAGAGTTTTTTAG,0,sg11
AAATGAGAAGAAGAGGCACAGGG,GAATGAATAGAGGAGGCACAGAA,0,sg9
CCAGTGAGTAGAGCGGAGGCAGG,GAAGGGGCTGGAGCGGAGGCAGG,0,sg2
CTTGCCCCACAGGGCAGTAACGG,CTCGGCCCACAGGGCAGGAAATG,0,sg3
AAATGAGAAGAAGAGGCACAGGG,AAATGAGAAAGAGTGGTAGAGTG,0,sg9
AAATGAGAAGAAGAGGCACAGGG,AAATGAGAACATGTTGCACAAGT,0,sg9
GAATCCTAAAAACTCTGCTTCGG,AACTCTTAAAAACTCTGTTTCCC,0,sg12
CTTGCCCCACAGGGCAGTAACGG,CCTGCCCCACAGCGCCTAAATGG,0,sg3
GGGTGGGGGGAGTTTGCTCCTGG,GGCTGGGGGGAGTGTGGTCCGGT,0,sg8
CCTGCCTCCGCTCTACTCACTGG,CAATCCTCCGCTCTACTTACTAC,0,sg7
AAATGAGAAGAAGAGGCACAGGG,TGATGAGAAGAAAATGCACAGAA,0,sg9
AAATGAGAAGAAGAGGCACAGGG,AAATCTCTAGAAGAGGCACAAGA,0,sg9
GGTCCTGCCGCTGCTTGTCATGG,TGTGCTGCCGCTGCTCCTCAGGG,0,sg4
GGGTGGGGGGAGTTTGCTCCTGG,GTGGGGGGATAGTTTGCTGCTGG,0,sg8
AAATGAGAAGAAGAGGCACAGGG,AACTATGAGGAGGAGGCACAGAG,0,sg9
CCTGCCTCCGCTCTACTCACTGG,CATGCCACTGCACTACTCACTCC,0,sg7
AAATGAGAAGAAGAGGCACAGGG,AAAAGGGAAGAAGAGGGACAGAG,0,sg9
AATGACCACTACATCCTCAAGGG,AACAGCCACTACATCATTCAGGG,0,sg5
CTTGCCCCACAGGGCAGTAACGG,CTATCCCCACCTGGCAGTAACAA,0,sg3
GACACCGAAGCAGAGTTTTTAGG,GAATCTGAAGCAGAGGTGTTAAG,0,sg11
CTTGCCCCACAGGGCAGTAACGG,CTGGCCCCACAGGTCAAGGAGGG,0,sg3
TGACATCAATTATTATACATCGG,TGACATCAATAACGAAATATGGG,0,sg10
TGACATCAATTATTATACATCGG,TGACATCAAATACTATCCACCAG,0,sg10
AAATGAGAAGAAGAGGCACAGGG,GAAGGAGAAGAAGAGGGGAATGG,0,sg9
GAATCCTAAAAACTCTGCTTCGG,AAATCCTAAAAAATCTAAATCAG,0,sg12
AAATGAGAAGAAGAGGCACAGGG,AAATGAGAAGAAAAAGTACAGAA,0,sg9
GGTCCTGCCGCTGCTTGTCATGG,GTTCCTGCCGCTGCTTTTCCCAT,0,sg4
AAATGAGAAGAAGAGGCACAGGG,CAGTGTGTAGCAGAGGCACAGGC,0,sg9
AAATGAGAAGAAGAGGCACAGGG,GCATGAGAAGAAGGTGCACTGGT,0,sg9
CCTGCCTCCGCTCTACTCACTGG,CCTCCCTTTGCACTACTCACTTA,0,sg7
AAATGAGAAGAAGAGGCACAGGG,GGAAGAGGAGAAGAGGCAGGGGG,0,sg9
AAATGAGAAGAAGAGGCACAGGG,AAATGAGAACAAATAGGAAAGGG,0,sg9
GAATCCTAAAAACTCTGCTTCGG,GGATGTTAACAACTCTGCTTCTT,0,sg12
AAATGAGAAGAAGAGGCACAGGG,CAATGTGAAGAAGAGGCTGAGGG,0,sg9
TGACATCAATTATTATACATCGG,TGCAATCAATTATTATATATAAT,0,sg10
GAATCCTAAAAACTCTGCTTCGG,TAATCCTAAAAACAATGTTTTTG,0,sg12
TGACATCAATTATTATACATCGG,TGACATCAACTCCTATTCATGAG,0,sg10
GACACCGAAGCAGAGTTTTTAGG,GACATGGAAGCAGAGATTTTACT,0,sg11
ATGAACACCAGTGAGTAGAGCGG,CAGAAGACCAGTGAGTATTGGGG,0,sg6
GGTCCTGCCGCTGCTTGTCATGG,TGTCCTGCCGCTGCTTGCGCAGC,0,sg4
CCTGCCTCCGCTCTACTCACTGG,TGTGCCTCCGCTGTCTTCACTGT,0,sg7
AAATGAGAAGAAGAGGCACAGGG,AAATGAGAAAAATAGGCTGAGCG,0,sg9
AACACCAGTGAGTAGAGCGGAGG,TAGCCCAGTGAGTAGACTGGGGG,0,sg1
CTTGCCCCACAGGGCAGTAACGG,CTTGCCCCACAGTGATGTGGCAG,0,sg3
GAATCCTAAAAACTCTGCTTCGG,CATACAGAAAAACTCTGCTTTGG,0,sg12
CCTGCCTCCGCTCTACTCACTGG,CCTGCCTCCGGAGTCCTCCCTGA,0,sg7
AAATGAGAAGAAGAGGCACAGGG,AGAAGAGGAGAAGAGGGAGAAGG,0,sg9
GACACCGAAGCAGAGTTTTTAGG,GCTACTGTAGCAGAGTTTTTGGT,0,sg11
CCTGCCTCCGCTCTACTCACTGG,CCTGCCTCCTCCCAAGTGGCTGG,0,sg7
ATGAACACCAGTGAGTAGAGCGG,ATGAACCATAGAGAGTAGAGCTG,0,sg6
AAATGAGAAGAAGAGGCACAGGG,GAATGAGAAGAAGAAGAAGGAGG,0,sg9
AAATGAGAAGAAGAGGCACAGGG,AAATGAGAAAAGGAGGCCAAGAA,0,sg9
AATGACCACTACATCCTCAAGGG,AATGACCACTTCAGGCCCTAGGG,0,sg5
CCTGCCTCCGCTCTACTCACTGG,TTTGTCTCCGCTCTACTCATTAC,0,sg7
GACACCGAAGCAGAGTTTTTAGG,GAGACCGAAGCAGATATTAAAGC,0,sg11
CCTGCCTCCGCTCTACTCACTGG,CCTGCCTCCACATAATTCACTGT,0,sg7
GAATCCTAAAAACTCTGCTTCGG,GTCCCCAGAAAACTCTGCTTCAG,0,sg12
GGTCCTGCCGCTGCTTGTCATGG,GATCCTGGTGCTGCTTGTCCAAG,0,sg4
CTTGCCCCACAGGGCAGTAACGG,ATTCCCTCCCAGGGCAGTAACTA,0,sg3
AAATGAGAAGAAGAGGCACAGGG,ACCTGATAGGAAGAGGCACTGAG,0,sg9
ATGAACACCAGTGAGTAGAGCGG,AAGAACACCAGTAAGGAGAGTTA,0,sg6
CTTGCCCCACAGGGCAGTAACGG,CTCCCTCCACAGGGCAGGAGTGG,0,sg3
GAATCCTAAAAACTCTGCTTCGG,CTGTCCTTAAAACTCTGCTTCCT,0,sg12
AAATGAGAAGAAGAGGCACAGGG,AGGTCAGAGAAAGAGGCACAGGG,0,sg9
AACACCAGTGAGTAGAGCGGAGG,ATCACCAAAGAGTAGAGCCGGGT,0,sg1
AAATGAGAAGAAGAGGCACAGGG,AAATGAGAATGACAAGCATAGGA,0,sg9
GGGTGGGGGGAGTTTGCTCCTGG,GGGTGGGGGAAGTGTGCCTGGGG,0,sg8
CTTGCCCCACAGGGCAGTAACGG,CTTGCCCCACATATGGGTAACAG,0,sg3
GAATCCTAAAAACTCTGCTTCGG,TCCTCCTAAAAACTTTTCTTCAG,0,sg12
TGACATCAATTATTATACATCGG,AGGCATCAATTAATATAAACTGG,0,sg10
CTTGCCCCACAGGGCAGTAACGG,CTTAAGCTACAGGGCAGTACTGG,0,sg3
CCTGCCTCCGCTCTACTCACTGG,CCTGCCTCCGGGCTCCTCACTAG,0,sg7
AAATGAGAAGAAGAGGCACAGGG,AAATACAATTGAGAGGCACAGGG,0,sg9
AAATGAGAAGAAGAGGCACAGGG,AAATGAGAAGAAAAAGAAAAAAG,0,sg9
AAATGAGAAGAAGAGGCACAGGG,AAGGGAGAAGAAGAGAGGAAGGG,0,sg9
AAATGAGAAGAAGAGGCACAGGG,GAGAGAGAAGAAGAGAGAGAGGG,0,sg9
CCTGCCTCCGCTCTACTCACTGG,TGTGTCTTGGCTCTACTCAATGG,0,sg7
GGGTGGGGGGAGTTTGCTCCTGG,GAGTAAGTGGAGTTTGCTCCTGC,0,sg8
GACACCGAAGCAGAGTTTTTAGG,GACATATAGGCAGAGTTTTGAGA,0,sg11
AAATGAGAAGAAGAGGCACAGGG,AAATGAGAAGAGGAAGGGAAGTG,0,sg9
CCTGCCTCCGCTCTACTCACTGG,CCTGCCTCCCCTTCACCCTCTGG,0,sg7
AACACCAGTGAGTAGAGCGGAGG,AACACCAGTGACTGGACCTGAGC,0,sg1
AACACCAGTGAGTAGAGCGGAGG,AACACCAGTGGGTACAGCACAGG,0,sg1
AAATGAGAAGAAGAGGCACAGGG,ACATGAGAAGTTGAGGCACAGCA,0,sg9
AAATGAGAAGAAGAGGCACAGGG,TTCTGAGCAGAAGAGGCAGAGAG,0,sg9
CTTGCCCCACAGGGCAGTAACGG,CTTGGACCACAGGGCAATAAAAG,0,sg3
AAATGAGAAGAAGAGGCACAGGG,AAATGAGAACAAGAATCAGGGGA,0,sg9
TGACATCAATTATTATACATCGG,TAACAGAAATTATTATACCTAAG,0,sg10
AAATGAGAAGAAGAGGCACAGGG,AAATGAGAAGAGGAAGAAGCAGG,0,sg9
CTTGCCCCACAGGGCAGTAACGG,CATCCTCCACAGGGCAGGAATGC,0,sg3
AACACCAGTGAGTAGAGCGGAGG,AGCTGGTGTGAGTAGAGCGTAGG,0,sg1
GAATCCTAAAAACTCTGCTTCGG,ATATCCTTAAAACTCTGCTCTGA,0,sg12
GGGTGGGGGGAGTTTGCTCCTGG,GGGTGGGGGTTGTGGACTCCTGC,0,sg8
AAATGAGAAGAAGAGGCACAGGG,AAAGAAGAAGAAGAGACACCAGG,0,sg9
AAATGAGAAGAAGAGGCACAGGG,AAATGAGAAAAACATGTAAAGTG,0,sg9
CTTGCCCCACAGGGCAGTAACGG,ACTGCACCACAGGGCATGATCGG,0,sg3
TGACATCAATTATTATACATCGG,TATAAGCTCTTATTATACATCGG,0,sg10
AAATGAGAAGAAGAGGCACAGGG,AAAAAAATAAAAGAGGCACAGAG,0,sg9
CCTGCCTCCGCTCTACTCACTGG,CCTGCCTCCTGCCAGCTCTCTGG,0,sg7
GGGTGGGGGGAGTTTGCTCCTGG,GGGTGGGGGGTGATTTCACCTTC,0,sg8
CCAGTGAGTAGAGCGGAGGCAGG,CAAGTGAGTAGAGGGAGGCCAAG,0,sg2
AACACCAGTGAGTAGAGCGGAGG,GGCCACAGGGCGTAGAGCGGAGG,0,sg1
AAATGAGAAGAAGAGGCACAGGG,AAATGAGAAGAAAAAAATGAGGG,0,sg9
GGGTGGGGGGAGTTTGCTCCTGG,GAGTAAAGTGAGTTTGCTCCTGC,0,sg8
AACACCAGTGAGTAGAGCGGAGG,AACACCAGTGAGAATAGTGGAAT,0,sg1
AAATGAGAAGAAGAGGCACAGGG,AAATGAGAAGGAAATTCAAATGG,0,sg9
GAATCCTAAAAACTCTGCTTCGG,GTATCCTAAAAAATCAGCTTCTA,0,sg12
AAATGAGAAGAAGAGGCACAGGG,GGATGAGATGAAGAGGCAAATGA,0,sg9
GAATCCTAAAAACTCTGCTTCGG,TTATGTTAAAAACTCTGCCTCGC,0,sg12
GACACCGAAGCAGAGTTTTTAGG,GAAAAGAAAGCAGAGTTTATAGG,0,sg11
GGGTGGGGGGAGTTTGCTCCTGG,GGGTGGGGGGAGTATCACCCAGC,0,sg8
TGACATCAATTATTATACATCGG,TTATATGATTTATTATACATCTT,0,sg10
AATGACCACTACATCCTCAAGGG,GGAGACATCTACATCCTCAAAGG,0,sg5
AAATGAGAAGAAGAGGCACAGGG,AAATGTGCAGAAGAGGCAAAACC,0,sg9
GAATCCTAAAAACTCTGCTTCGG,TATCCCTAAAAACTCTCTTTCTG,0,sg12
AATGACCACTACATCCTCAAGGG,CATTCTCACTGCATCCTCAAGTG,0,sg5
AAATGAGAAGAAGAGGCACAGGG,ATGTGAGAAGATGAGGCACAGAT,0,sg9
GAATCCTAAAAACTCTGCTTCGG,GATTCTGAAAAACTCTGCTTCCT,0,sg12
TGACATCAATTATTATACATCGG,AGACATCAATTAAAAGACATAGA,0,sg10
CTTGCCCCACAGGGCAGTAACGG,CTGCTCCCACAGGGCAGTCAGAG,0,sg3
CCTGCCTCCGCTCTACTCACTGG,CCTGCCTCTGCTCTCCTCCCAGG,1,sg7
GACACCGAAGCAGAGTTTTTAGG,GCAATTGAAGCAGAGTTTGTGGG,0,sg11
TGACATCAATTATTATACATCGG,AGATATGAATTATTATACAGTGA,0,sg10
TGACATCAATTATTATACATCGG,TGACATCAATGATTGTAGCTCAA,0,sg10
AAATGAGAAGAAGAGGCACAGGG,AGATGAGAAGAAATTGCACAGCA,0,sg9
AAATGAGAAGAAGAGGCACAGGG,GAAAGAGAAGAAGAGGCCAAGCT,0,sg9
AAATGAGAAGAAGAGGCACAGGG,AAATGAGAATTAAAGGTATAGGT,0,sg9
AATGACCACTACATCCTCAAGGG,TCCCACCACTACATCCTGAATGG,0,sg5
CCTGCCTCCGCTCTACTCACTGG,CCTGCCTCCTCCCTCCTCCTAGG,0,sg7
CCAGTGAGTAGAGCGGAGGCAGG,CCAGTGAGTCTGGCTGAGTCGGG,0,sg2
AAATGAGAAGAAGAGGCACAGGG,AAAGCAGGGAAAGAGGCACAGGA,0,sg9
GACACCGAAGCAGAGTTTTTAGG,GTTGCAGAGGCAGAGTTTTGAGG,0,sg11
TGACATCAATTATTATACATCGG,TGACATCAATTTTTATATAACAC,0,sg10
AAATGAGAAGAAGAGGCACAGGG,AAGGGAGAAGAAGAGGCTCCTGG,0,sg9
GGGTGGGGGGAGTTTGCTCCTGG,GTCAGCAGGGTGTTTGCTCCTGG,0,sg8
TGACATCAATTATTATACATCGG,TGACATCAATTAGAATGCATTTA,0,sg10
AAATGAGAAGAAGAGGCACAGGG,AAAGGAGAAGATGAAGAAGAGAG,0,sg9
GGGTGGGGGGAGTTTGCTCCTGG,GGGTGGGGGGTGACTGCTCGCAG,0,sg8
GAATCCTAAAAACTCTGCTTCGG,GCTTCTTAGAAACTCTGCTTCTG,0,sg12
AAATGAGAAGAAGAGGCACAGGG,AAAAGAGAAGAAGAGGAAGAAAA,0,sg9
AAATGAGAAGAAGAGGCACAGGG,AAATGAGAATAAGAATAAAAGAG,0,sg9
AAATGAGAAGAAGAGGCACAGGG,GAAACAAGTGAAGAGGCACAGGG,0,sg9
CTTGCCCCACAGGGCAGTAACGG,CTTACCCCACAGGGCCTTACCCT,0,sg3
GAATCCTAAAAACTCTGCTTCGG,GAATCCTAAACACTCAGCATTAT,0,sg12
AAATGAGAAGAAGAGGCACAGGG,AAAGAAGAAGAGGAGAGACAGAG,0,sg9
CCTGCCTCCGCTCTACTCACTGG,CCAGCCTCCGCTCCACTCCCTTA,0,sg7
TGACATCAATTATTATACATCGG,AGACATCAATTATTAATCATATG,0,sg10
GGTCCTGCCGCTGCTTGTCATGG,GTGCCTGCCGCTCCCTGTGCTGG,0,sg4
AAATGAGAAGAAGAGGCACAGGG,GAAAGAGAGGGAGAGGCACAGTG,0,sg9
GAATCCTAAAAACTCTGCTTCGG,GAATTCTAAAAACTCGACTCCCC,0,sg12
CTTGCCCCACAGGGCAGTAACGG,CTTGCCCCAAAGGGAAATGAAGG,0,sg3
GACACCGAAGCAGAGTTTTTAGG,GACAACAAAGTAGAGTTTTTAGG,1,sg11
TGACATCAATTATTATACATCGG,AGATTTCTATTATTATACATTGC,0,sg10
AAATGAGAAGAAGAGGCACAGGG,AAATGAGAACAATAATCAAAGGT,0,sg9
CCTGCCTCCGCTCTACTCACTGG,CCTGCCTCCACTCTCTTCCCGGC,0,sg7
AAATGAGAAGAAGAGGCACAGGG,AAATGAGAAGTGCAGACACAAGT,0,sg9
TGACATCAATTATTATACATCGG,TCAGTTCTATTATTATACCTAGG,0,sg10
GACACCGAAGCAGAGTTTTTAGG,TAGAGCAAAGCAGAGTTTTTCGT,0,sg11
GGGTGGGGGGAGTTTGCTCCTGG,GGGAGCCCGGGGTTTGCTCCTCG,0,sg8
CCAGTGAGTAGAGCGGAGGCAGG,CCAGTGAGTTGAGCTGAGGGTTA,0,sg2
GGGTGGGGGGAGTTTGCTCCTGG,CACTGGGGAGAGTTTGCTCTTAG,0,sg8
CCTGCCTCCGCTCTACTCACTGG,CCTGCCTCCCTTCTAAGCCCTAG,0,sg7
ATGAACACCAGTGAGTAGAGCGG,AAGAACACCAGTCATTAGACTAG,0,sg6
AAATGAGAAGAAGAGGCACAGGG,AAATGAGAAAAGGAGCCAAAAAG,0,sg9
CTTGCCCCACAGGGCAGTAACGG,CCTGCCCCACAGGGAGCTAACAG,0,sg3
GAATCCTAAAAACTCTGCTTCGG,GAATCCCAGAAACTCTGCTACTT,0,sg12
AAATGAGAAGAAGAGGCACAGGG,AGATGTGCAGAAGAGGCACTAGC,0,sg9
AATGACCACTACATCCTCAAGGG,AATGACCACCAAATCCTTAAATG,0,sg5
AATGACCACTACATCCTCAAGGG,TATGCCCGCTACATCCTCCAGCC,0,sg5
TGACATCAATTATTATACATCGG,CTAAATCAATTATTATGCTTGGG,0,sg10
GACACCGAAGCAGAGTTTTTAGG,GACCCTGAAGCAGAGCTTGTCTG,0,sg11
CCTGCCTCCGCTCTACTCACTGG,CCTGCCTCCTCTCCAGGCCCTTG,0,sg7
AAATGAGAAGAAGAGGCACAGGG,AAATGAGAAGGGGATGGAGTGGG,0,sg9
GGGTGGGGGGAGTTTGCTCCTGG,GGGTGGGGGCAGCCTGCTTCTTC,0,sg8
CTTGCCCCACAGGGCAGTAACGG,TCTGAGCCACAGGGCACTGACGG,0,sg3
AAATGAGAAGAAGAGGCACAGGG,AAATAAAAAGCAGAGGCACAGAG,0,sg9
GGGTGGGGGGAGTTTGCTCCTGG,GGGTGGGTGGGGGTGGGACCTGG,0,sg8
AAATGAGAAGAAGAGGCACAGGG,AGAGGAGAAGAAGAGGATGAGTG,0,sg9
TGACATCAATTATTATACATCGG,ACACAGCAATTATTAAACATATG,0,sg10
GACACCGAAGCAGAGTTTTTAGG,TAGATCCTAGAAGAGTTTTTAGG,0,sg11
AACACCAGTGAGTAGAGCGGAGG,TAGACCAGTGAGTAATGGGGAAG,0,sg1
TGACATCAATTATTATACATCGG,AAACATCAATTATTATACAGTAA,0,sg10
TGACATCAATTATTATACATCGG,TAAGGTCAATTATTATATCTCGC,0,sg10
AAATGAGAAGAAGAGGCACAGGG,AAATGAGAAGGTGGGGAAAACGG,0,sg9
GAATCCTAAAAACTCTGCTTCGG,TAATCCTACAGGCTCTGCTTCCA,0,sg12
AACACCAGTGAGTAGAGCGGAGG,ACAACCAGTGAGAAGAAAGGAGC,0,sg1
GGTCCTGCCGCTGCTTGTCATGG,GGTCCTGCCACTTCTTCCCAAGT,0,sg4
AATGACCACTACATCCTCAAGGG,AATGACCACTGCATCCTCCAGTG,0,sg5
GGTCCTGCCGCTGCTTGTCATGG,GGTCCTGCCACTGCGTGGGAGGG,0,sg4
GGGTGGGGGGAGTTTGCTCCTGG,GGCTGGGGGGAGACTTTTCCTGG,0,sg8
GGGTGGGGGGAGTTTGCTCCTGG,AGATGGGGGGAGTTTGCTGTAAG,0,sg8
AAATGAGAAGAAGAGGCACAGGG,CAATGAGAAGAAACAGGACAGGC,0,sg9
GAATCCTAAAAACTCTGCTTCGG,GTATATTTAAAACTCTGCTTCTC,0,sg12
AAATGAGAAGAAGAGGCACAGGG,CGATGAGAAGAAGAGGCAAAGAA,0,sg9
TGACATCAATTATTATACATCGG,AAACCCCAATTATTAAACATTGG,0,sg10
AAATGAGAAGAAGAGGCACAGGG,TCATTAGAAGAAGAGGAAGAGGA,0,sg9
GACACCGAAGCAGAGTTTTTAGG,CACACAAAAGCAGAGTTTTTTGT,0,sg11
ATGAACACCAGTGAGTAGAGCGG,ATGTGCACCAGTGAGTCTAAGGG,0,sg6
AAATGAGAAGAAGAGGCACAGGG,AGATGGGAGGCTGAGGCACAGTG,0,sg9
CCAGTGAGTAGAGCGGAGGCAGG,CCAGTGAGTCAAGGAGAGAGAGG,0,sg2
AACACCAGTGAGTAGAGCGGAGG,GACAGGAGTGAGTAGAGAGGAGA,0,sg1
AAATGAGAAGAAGAGGCACAGGG,AATGAAGAAGAAGAGGCAGAATG,0,sg9
GAATCCTAAAAACTCTGCTTCGG,TCAACTTTAAAACTCTGCTTCAG,0,sg12
CTTGCCCCACAGGGCAGTAACGG,CTTGCCCCAGAGGGCTGGATGGG,0,sg3
GAATCCTAAAAACTCTGCTTCGG,GAATCCTAACACCTCTTCATCTA,0,sg12
GGTCCTGCCGCTGCTTGTCATGG,GGTCCTGCCACCACTGGGCTTGG,0,sg4
GGGTGGGGGGAGTTTGCTCCTGG,GAGGGTGGGGAGTTTACTCCTGG,0,sg8
AAATGAGAAGAAGAGGCACAGGG,ATACAGGAGGAAGAGGCACAGGA,0,sg9
CCTGCCTCCGCTCTACTCACTGG,TTTGCCTCCCATCTACTCACTCT,0,sg7
GGGTGGGGGGAGTTTGCTCCTGG,GGGTGGGGGGAGGAGACACCTGA,0,sg8
GACACCGAAGCAGAGTTTTTAGG,CACACTGAAGCAGAGACTCTAGG,0,sg11
AAATGAGAAGAAGAGGCACAGGG,ACATGAGAAGCTGAGGCACAGAG,0,sg9
CTTGCCCCACAGGGCAGTAACGG,CCTGCCCCACAGGCCAGGGAGAG,0,sg3
GAATCCTAAAAACTCTGCTTCGG,GAATTCTAACGTCTCTGCTTCAG,0,sg12
AAATGAGAAGAAGAGGCACAGGG,GAGTGAGAAACTGAGGCACAGAG,0,sg9
CCAGTGAGTAGAGCGGAGGCAGG,CCAGTAGTTGGGGCGGAGGCAGA,0,sg2
GGGTGGGGGGAGTTTGCTCCTGG,GAGGGTGGGGAGTTTTCTCCTGT,0,sg8
AAATGAGAAGAAGAGGCACAGGG,GAGAAAGAAGAAGAGGCAGAGGA,0,sg9
CCTGCCTCCGCTCTACTCACTGG,TCTTCTTGGCCTCTACTCACTGG,0,sg7
TGACATCAATTATTATACATCGG,TGATCTCAGAAATTATACATCTG,0,sg10
AAATGAGAAGAAGAGGCACAGGG,AAATGAGAAGATGTGGCATTGGT,0,sg9
AAATGAGAAGAAGAGGCACAGGG,CCAGGAGAAGAAGAGGGAGAGGG,0,sg9
AAATGAGAAGAAGAGGCACAGGG,AAATGAGAAGAAGAGCAAGAAGC,0,sg9
AAATGAGAAGAAGAGGCACAGGG,AAAAGAGAAGAAGAGAGAGATGT,0,sg9
CTTGCCCCACAGGGCAGTAACGG,CATGCCCCACAGGGCACAAACGC,0,sg3
AAATGAGAAGAAGAGGCACAGGG,ATATGAGAAGAATGAACACATGG,0,sg9
AATGACCACTACATCCTCAAGGG,CTTGTCTCCTTCATCCTCAAGGG,0,sg5
TGACATCAATTATTATACATCGG,TGACATCAACTATTAAAAATTTA,0,sg10
AAATGAGAAGAAGAGGCACAGGG,AAACTATAAGAAGAGGCAGAAGT,0,sg9
GAATCCTAAAAACTCTGCTTCGG,TATTCCTAAAAACGCTCTTTTGG,0,sg12
AAATGAGAAGAAGAGGCACAGGG,AAGCAGGAAGAAGAGACAGAGGG,0,sg9
GAATCCTAAAAACTCTGCTTCGG,TAATCCTAAATTCTCTGCTCTGC,0,sg12
AAATGAGAAGAAGAGGCACAGGG,ATATGAGAAGAAAAGTGAAAGAG,0,sg9
AATGACCACTACATCCTCAAGGG,ATTTACAACAGCATCCTCAAGGT,0,sg5
TGACATCAATTATTATACATCGG,TGACGTCAATTATTATAAGTATA,0,sg10
ATGAACACCAGTGAGTAGAGCGG,ATGAACACCAGTGAGAGCAGGAG,0,sg6
AAATGAGAAGAAGAGGCACAGGG,ATCTGGGAAGCTGAGGCACAGAG,0,sg9
CTTGCCCCACAGGGCAGTAACGG,TTTTCCACCAAAGGCAGTAACGG,0,sg3
GACACCGAAGCAGAGTTTTTAGG,AGCACCAAAGCAGAGTTTTCATG,0,sg11
AAATGAGAAGAAGAGGCACAGGG,AAATGAGAAGGCCAGGTGCAAGG,0,sg9
GGGTGGGGGGAGTTTGCTCCTGG,GGGTGGGGGAAGGGTGGCCTTGG,0,sg8
CTTGCCCCACAGGGCAGTAACGG,TCTACCCCATAGGGCAGTAACAG,0,sg3
CTTGCCCCACAGGGCAGTAACGG,CCTGCCCCACAGGGCTTTATCAC,0,sg3
CCAGTGAGTAGAGCGGAGGCAGG,CCAGTGAGTCCTGGGGAAGCTGG,0,sg2
AACACCAGTGAGTAGAGCGGAGG,AACACCAGTAGGTAACGGGGAAG,0,sg1
TGACATCAATTATTATACATCGG,TGTTCTCTATTATTATACTTCAG,0,sg10
AAATGAGAAGAAGAGGCACAGGG,AAATGAGAAACTAAGACCCAGGG,0,sg9
AAATGAGAAGAAGAGGCACAGGG,TGTTGAGAGTGAGAGGCACAGGG,0,sg9
TGACATCAATTATTATACATCGG,GTAAAACAATAATTATACATCTG,0,sg10
AAATGAGAAGAAGAGGCACAGGG,CGATGATTAGGTGAGGCACAGGG,0,sg9
CCTGCCTCCGCTCTACTCACTGG,CCCTCCCAGTCTCTACTCACTGG,0,sg7
GGGTGGGGGGAGTTTGCTCCTGG,GGGTGGGTGGGGGGCGATCCTGG,0,sg8
CTTGCCCCACAGGGCAGTAACGG,CTCGCCCACCCCGGCAGTAACAG,0,sg3
ATGAACACCAGTGAGTAGAGCGG,AGGGACACCAGTGAGTAGGATGG,0,sg6
AAATGAGAAGAAGAGGCACAGGG,AAATGAGAAAATGATGCAATTGG,0,sg9
AAATGAGAAGAAGAGGCACAGGG,GAATCTGAAGAAGAGATACATGG,0,sg9
GGGTGGGGGGAGTTTGCTCCTGG,GGGTGGGGGGAGCCCTCTCCTGT,0,sg8
AACACCAGTGAGTAGAGCGGAGG,AACATCAGTGAGTAGAAAGTAGC,0,sg1
CCTGCCTCCGCTCTACTCACTGG,CCTGCTCCACCACTACTCACTGT,0,sg7
TGACATCAATTATTATACATCGG,TAACTACTATTATTATACATGAG,0,sg10
CCAGTGAGTAGAGCGGAGGCAGG,CTAGCCCGGAGAGCGGAGGAAGG,0,sg2
GGGTGGGGGGAGTTTGCTCCTGG,AAATGGGGGGAGATTGCTCTTGG,0,sg8
AAATGAGAAGAAGAGGCACAGGG,GAACAAGAAGAAGAGGAAGAGGC,0,sg9
AAATGAGAAGAAGAGGCACAGGG,GAATCAAAAGAAGAGGCAAATTG,0,sg9
GACACCGAAGCAGAGTTTTTAGG,TACACTGAAGATGAGTTTTTAAT,0,sg11
GAATCCTAAAAACTCTGCTTCGG,GAATTCCCAAAACTCTGCTTCAT,0,sg12
CTTGCCCCACAGGGCAGTAACGG,CCTGCCCAACAGGGCAGTCTCAT,0,sg3
AAATGAGAAGAAGAGGCACAGGG,AAATGAGAACAATGGGCACAAGA,0,sg9
GGGTGGGGGGAGTTTGCTCCTGG,GGGTGGGGGTGGGGGGCTCCTTG,0,sg8
GGGTGGGGGGAGTTTGCTCCTGG,GGGTGGGGGCTGTTTCCTGTTTG,0,sg8
CTTGCCCCACAGGGCAGTAACGG,GCAGCCCCACAGGTCAGTGAGGG,0,sg3
AAATGAGAAGAAGAGGCACAGGG,AGATGAACAGGTGAGGCACAGAG,0,sg9
AAATGAGAAGAAGAGGCACAGGG,AGATGAGAACATGAGGCACAGAG,0,sg9
AACACCAGTGAGTAGAGCGGAGG,AGCTGCCTTGAGTAGAGCGGTGG,0,sg1
AAATGAGAAGAAGAGGCACAGGG,AAAATAGAAGAAGAGGAAAAGGA,0,sg9
AACACCAGTGAGTAGAGCGGAGG,AAAACAAGTGAGTAGGGAACAGG,0,sg1
TGACATCAATTATTATACATCGG,TGCCATCAATTAGTATAGTTCTG,0,sg10
GGGTGGGGGGAGTTTGCTCCTGG,GGGTGTGGGGAGTTTAGAGCTGC,0,sg8
AAATGAGAAGAAGAGGCACAGGG,AAATGAGAATAACAGGTAAAATG,0,sg9
GGGTGGGGGGAGTTTGCTCCTGG,GGGTGTGGGGTGGGGGGTCCTGG,0,sg8
AAATGAGAAGAAGAGGCACAGGG,AAGTGAGAAGAAGGTGCATGTGG,0,sg9
AAATGAGAAGAAGAGGCACAGGG,AAAACAGAAGAAGAGGAGGAGGA,0,sg9
GGGTGGGGGGAGTTTGCTCCTGG,GGGTGGGGGGGGCTTGCCTGAGG,0,sg8
CCAGTGAGTAGAGCGGAGGCAGG,ACTGTGAGTAGAGATGAGGCAGT,0,sg2
TGACATCAATTATTATACATCGG,TTCCAACAATTATTAAAAATCAG,0,sg10
TGACATCAATTATTATACATCGG,TCAGACCAATTATTAAACACCTG,0,sg10
AAATGAGAAGAAGAGGCACAGGG,CAGTGACAAGAAGAAGAGCAGGG,0,sg9
GGGTGGGGGGAGTTTGCTCCTGG,GGTTGAGTAGAGTTTGCTCCAGT,0,sg8
GGGTGGGGGGAGTTTGCTCCTGG,GGGTGGGGGGAGAGGGCAGCTGG,0,sg8
AACACCAGTGAGTAGAGCGGAGG,TGCATGAGTGAGTAGAAGGGAGG,0,sg1
AAATGAGAAGAAGAGGCACAGGG,AAATGAGAAGGGGAGGCTGGGCG,0,sg9
AAATGAGAAGAAGAGGCACAGGG,AGATGAGGAAAGGAGGCACAGAG,0,sg9
AAATGAGAAGAAGAGGCACAGGG,AAAGAAGAAGAGGAGGCATATGG,0,sg9
AAATGAGAAGAAGAGGCACAGGG,AAAGGGTAAATAGAGGCACAGGC,0,sg9
CCTGCCTCCGCTCTACTCACTGG,CATCCTTAGCCTCTACTCACTGG,0,sg7
GGGTGGGGGGAGTTTGCTCCTGG,GGTTGTGAGGGCTTTGCTCCTAG,0,sg8
GACACCGAAGCAGAGTTTTTAGG,GTCACAAATGCAGAGTTTTGGGG,0,sg11
AATGACCACTACATCCTCAAGGG,AAGGACCACTACAACCTAAAATG,0,sg5
GGGTGGGGGGAGTTTGCTCCTGG,AGGTGAGGGGAGTTTGCGGAGGG,0,sg8
AAATGAGAAGAAGAGGCACAGGG,AAATGAGAAGCAGTTTCAGAGGG,0,sg9
AATGACCACTACATCCTCAAGGG,GATCAGCATTACATCCTCACAGG,0,sg5
GGTCCTGCCGCTGCTTGTCATGG,GCTCCTGCCGCTCCTCTTGATGG,0,sg4
TGACATCAATTATTATACATCGG,TAATGACAATAATTATACATCGT,0,sg10
GGGTGGGGGGAGTTTGCTCCTGG,GGGTGGGGGAAGTCCGCTCCGCT,0,sg8
GGGTGGGGGGAGTTTGCTCCTGG,GGGTGGGGGACCCTGGCACCTGG,0,sg8
CCTGCCTCCGCTCTACTCACTGG,CCTGCCTCCCCTCGCCAGAGTGG,0,sg7
CCTGCCTCCGCTCTACTCACTGG,CCTGCCTCCCCAGCACTCACTGA,0,sg7
GGGTGGGGGGAGTTTGCTCCTGG,GGGTGGGGGTAGGGTGGAACTGG,0,sg8
CCTGCCTCCGCTCTACTCACTGG,CCTGCCTCCTTCCTCCTCTCTGA,0,sg7
CTTGCCCCACAGGGCAGTAACGG,CATTCACCCCAGGGCAGTCACAG,0,sg3
AAATGAGAAGAAGAGGCACAGGG,AAATGAGAAATCAAGGCTCAGAG,0,sg9
GACACCGAAGCAGAGTTTTTAGG,GGAACAGAAGCAGAGTTTCTAGC,0,sg11
AAATGAGAAGAAGAGGCACAGGG,AGATGAGAAACTGAGGCACAGTG,0,sg9
GAATCCTAAAAACTCTGCTTCGG,GAATCCTAAAATTTCTGTTAGGG,0,sg12
AAATGAGAAGAAGAGGCACAGGG,GAAAGAGATGAAGAGGCATGGTG,0,sg9
GAATCCTAAAAACTCTGCTTCGG,TAATCACATGAACTCTGCTTCAG,0,sg12
GGGTGGGGGGAGTTTGCTCCTGG,TGGTGGGGGGTGGGGGCTCCTGA,0,sg8
AAATGAGAAGAAGAGGCACAGGG,AGAAGAGAAGAAGAGCAGCAGAG,0,sg9
TGACATCAATTATTATACATCGG,TGACATCAACAGTTACAAATCAG,0,sg10
CCTGCCTCCGCTCTACTCACTGG,CCTGCCTCCTGACCACGCCCTGG,0,sg7
GAATCCTAAAAACTCTGCTTCGG,TAAATCTAAGACCTCTGCTTCTG,0,sg12
AAATGAGAAGAAGAGGCACAGGG,ACTAGAAAAATAGAGGCACAGGG,0,sg9
CCAGTGAGTAGAGCGGAGGCAGG,CAGGAAAGTAGAGCGAAGGCAGA,0,sg2
AAATGAGAAGAAGAGGCACAGGG,CTATGGGCACAAGAGGCACAGGT,0,sg9
AAATGAGAAGAAGAGGCACAGGG,AAATGAGAAGAGTAGTGACATAG,0,sg9
AAATGAGAAGAAGAGGCACAGGG,AAATGGGAAGAAGAGTGAGAAGA,0,sg9
CCTGCCTCCGCTCTACTCACTGG,CTGGCCCCTCCCCTACTCACTGG,0,sg7
GGGTGGGGGGAGTTTGCTCCTGG,GCATGGGGGGAGGGTGCACCTCG,0,sg8
AATGACCACTACATCCTCAAGGG,AAGAAAAACTACATCCTCAACAG,0,sg5
CCTGCCTCCGCTCTACTCACTGG,CCTTCCCCAGATCTACTCACTTT,0,sg7
ATGAACACCAGTGAGTAGAGCGG,GTGAACAGAAGTGAGTAGTGTGT,0,sg6
AAATGAGAAGAAGAGGCACAGGG,AAGTGAGAAGAAAAGGCTCAGGC,0,sg9
CCTGCCTCCGCTCTACTCACTGG,CCTGCCTCCTGTCTCCTCTCAGT,0,sg7
GACACCGAAGCAGAGTTTTTAGG,TACAAGGAAGCAGAGATGGTAGG,0,sg11
GACACCGAAGCAGAGTTTTTAGG,GACTCAGAAGCAGAGATTTGCGT,0,sg11
AAATGAGAAGAAGAGGCACAGGG,GAAAAAGAAGAAGAGGCACACAG,0,sg9
AACACCAGTGAGTAGAGCGGAGG,AACACCAGTGTGCAGACCAGTGC,0,sg1
AAATGAGAAGAAGAGGCACAGGG,AAATGAGAAGGGGAGAAACAAGG,0,sg9
AAATGAGAAGAAGAGGCACAGGG,GAAGAAGAGACAGAGGCACAGGG,0,sg9
AAATGAGAAGAAGAGGCACAGGG,AAATGAGAAAGAGAGCTGCAGAG,0,sg9
TGACATCAATTATTATACATCGG,AGGCAACACTTATTATACACCGG,0,sg10
CCTGCCTCCGCTCTACTCACTGG,CCTGCCTCCCCTCCTCTCAGGGA,0,sg7
GGGTGGGGGGAGTTTGCTCCTGG,GGGGGTGGGGGAGGTGCTCCTGG,0,sg8
CCAGTGAGTAGAGCGGAGGCAGG,GCACTTGGGAGGGCGGAGGCAGG,0,sg2
GGTCCTGCCGCTGCTTGTCATGG,GTTCCTGCTGCTGCTTCTCAAGG,1,sg4
CCTGCCTCCGCTCTACTCACTGG,TCAGCCTCCCAACTACTCACTCG,0,sg7
TGACATCAATTATTATACATCGG,ATACAACAATTATTATGGATCAG,0,sg10
GGGTGGGGGGAGTTTGCTCCTGG,GGGTGGGGGGCGGTTGAACTTGG,0,sg8
AAATGAGAAGAAGAGGCACAGGG,AAATGAGAAGTTGAGGCTGAGGA,0,sg9
AAATGAGAAGAAGAGGCACAGGG,TCCTTATAAGAAGAGGCACAGAG,0,sg9
ATGAACACCAGTGAGTAGAGCGG,ATGTGGACCAGTGAGTAAAACTG,0,sg6
AAATGAGAAGAAGAGGCACAGGG,AAATGAGAAGAGAAGTAAGATGG,0,sg9
GAATCCTAAAAACTCTGCTTCGG,CTTTTCTAAAAACTCTACTTCTG,0,sg12
GGGTGGGGGGAGTTTGCTCCTGG,GAGATGGTGGAGTTTGCTGATGG,0,sg8
GGGTGGGGGGAGTTTGCTCCTGG,GGGTGGGGGGATTCTTCTCATCC,0,sg8
CTTGCCCCACAGGGCAGTAACGG,GTAGCCCCACAGGGAAGCAGCGA,0,sg3
TGACATCAATTATTATACATCGG,TGACATAAAATTTTATACATCAG,0,sg10
CCTGCCTCCGCTCTACTCACTGG,CCTGCCTCCCCTTCACTTTCTGT,0,sg7
AAATGAGAAGAAGAGGCACAGGG,AAGTGAGAAGAAGGAGCAGAGAC,0,sg9
TGACATCAATTATTATACATCGG,AGACATAATTTATTATACAATTG,0,sg10
ATGAACACCAGTGAGTAGAGCGG,ATGAACACCTGTTAGTTTAGCCC,0,sg6
AACACCAGTGAGTAGAGCGGAGG,TACCAGAGTGGGTAGAGCGGAGA,0,sg1
ATGAACACCAGTGAGTAGAGCGG,ATAAACACCAGTGAGGACAGTAG,0,sg6
GGGTGGGGGGAGTTTGCTCCTGG,GATAGTGTGGAATTTGCTCCTGG,0,sg8
CTTGCCCCACAGGGCAGTAACGG,CTCGCCCCACAGGCAGGTGACGT,0,sg3
GACACCGAAGCAGAGTTTTTAGG,CACACAAAACCAGAGTTTTTACA,0,sg11
TGACATCAATTATTATACATCGG,ATCAATCAATTATTATATATCAG,0,sg10
CCAGTGAGTAGAGCGGAGGCAGG,TCAGTGAGTAGACGTGAGGATGG,0,sg2
AACACCAGTGAGTAGAGCGGAGG,AACACCAGTGCTTCAAGCTGAGA,0,sg1
AAATGAGAAGAAGAGGCACAGGG,CATTGTGAAGTAGAGGCACAGAT,0,sg9
GACACCGAAGCAGAGTTTTTAGG,GGCATCTAAGCAGAGTTTTGATT,0,sg11
GGTCCTGCCGCTGCTTGTCATGG,GGTCCTGCCGCTCGGTGGCCTGC,0,sg4
AATGACCACTACATCCTCAAGGG,AACGAATACAGCATCCTCAAGTG,0,sg5
GACACCGAAGCAGAGTTTTTAGG,GACACTGAAGCAGAGAGGTTAAG,0,sg11
TGACATCAATTATTATACATCGG,TTTCATCAATTATAATATATTGT,0,sg10
GGGTGGGGGGAGTTTGCTCCTGG,GGGTGGGGGCAGATAGCTGCTGC,0,sg8
AAATGAGAAGAAGAGGCACAGGG,GGCAGAGAAGTAGAGGCACAGAG,0,sg9
AAATGAGAAGAAGAGGCACAGGG,AAATGAGAAGAAGTGGAATATGT,0,sg9
GACACCGAAGCAGAGTTTTTAGG,GACTCTGAAGCAGAGTTTGCTGA,0,sg11
AAATGAGAAGAAGAGGCACAGGG,TGATGTGAAGAAGAGATACAAGG,0,sg9
AACACCAGTGAGTAGAGCGGAGG,AAAACCAGTGAGGAGAGCTAGTG,0,sg1
ATGAACACCAGTGAGTAGAGCGG,AAGAACACCAGTTATTAGATTAG,0,sg6
GGGTGGGGGGAGTTTGCTCCTGG,GGCCAGGTGGAGTTTGCTCCTGA,0,sg8
AAATGAGAAGAAGAGGCACAGGG,AAATGAGAAGAAAAAGAAGAAGG,0,sg9
AAATGAGAAGAAGAGGCACAGGG,AAAGGAGAAGAAGAGGCCGTGAA,0,sg9
AAATGAGAAGAAGAGGCACAGGG,AGAGGGGAAGAAGAGAGACGGGG,0,sg9
AAATGAGAAGAAGAGGCACAGGG,AAAGCTGAAGAAGAGACTCAGAG,0,sg9
GGGTGGGGGGAGTTTGCTCCTGG,GGATGGGGGGAGTTTCCGCTGGA,0,sg8
AAATGAGAAGAAGAGGCACAGGG,AACTGAGAAGAAAAAGTACAGAG,0,sg9
AAATGAGAAGAAGAGGCACAGGG,ATATGAGAAGAAGATGCAAAGGA,0,sg9
CTTGCCCCACAGGGCAGTAACGG,CTTCCCCCACAGGGCTGCTCTGG,0,sg3
ATGAACACCAGTGAGTAGAGCGG,ATGGGCAGCAGTGAGTAGGCCAG,0,sg6
CTTGCCCCACAGGGCAGTAACGG,GCTGACCCACAGGGCAGTATCTC,0,sg3
GGGTGGGGGGAGTTTGCTCCTGG,CGGTAGGGGGAGTTTGCAGAGGG,0,sg8
AACACCAGTGAGTAGAGCGGAGG,GAAACCAGTGAGGAGAGGGAAGC,0,sg1
CCAGTGAGTAGAGCGGAGGCAGG,AGAGTGAGTAGATGGGAGGCAAA,0,sg2
GGGTGGGGGGAGTTTGCTCCTGG,GTGATGGGGGAGTTTGTTCCTTT,0,sg8
AAATGAGAAGAAGAGGCACAGGG,AAATGAGAAAAAGGGCAACATGA,0,sg9
AAATGAGAAGAAGAGGCACAGGG,AAAAAAGAAGAAGAGAGAGTGGG,0,sg9
GGGTGGGGGGAGTTTGCTCCTGG,GGCTGGAGGGGATTTGCTCCTGG,0,sg8
GGGTGGGGGGAGTTTGCTCCTGG,GGGTGGGGGACTTTTGCTTCTGA,0,sg8
GGGTGGGGGGAGTTTGCTCCTGG,GGGGTGGGGGTGTTTGGTCCTTG,0,sg8
AAATGAGAAGAAGAGGCACAGGG,AAGGGAGAAGAAGAGGGCAAGGA,0,sg9
AAATGAGAAGAAGAGGCACAGGG,AAATGAGAAAAAGAGGTTGTAGG,0,sg9
GAATCCTAAAAACTCTGCTTCGG,AAAGCAGAAAATCTCTGCTTCAG,0,sg12
CCTGCCTCCGCTCTACTCACTGG,CCTGCCTCCTCCCTTCTGCCTGG,0,sg7
TGACATCAATTATTATACATCGG,TTACATCAATTATTATGCAATCA,0,sg10
AACACCAGTGAGTAGAGCGGAGG,AATACCAGTGAGAAAATGGCAGG,0,sg1
GACACCGAAGCAGAGTTTTTAGG,GAAGCAGAAGCAGAGTTTCTAAG,0,sg11
AAATGAGAAGAAGAGGCACAGGG,AACTGAGAAGAAGAATAATAGTG,0,sg9
TGACATCAATTATTATACATCGG,TGACATCAACTATACTACAGGGC,0,sg10
CCAGTGAGTAGAGCGGAGGCAGG,CCAGTGAGTCTAGTGGAGGCTGA,0,sg2
AAATGAGAAGAAGAGGCACAGGG,GGATGAAAAGAAGAGGCAAATTG,0,sg9
TGACATCAATTATTATACATCGG,GAAAATTTATTATTATACATCTG,0,sg10
CTTGCCCCACAGGGCAGTAACGG,CCTGCCCCACAGGGCATGCTGGG,0,sg3
AAATGAGAAGAAGAGGCACAGGG,AAGGGGGAAGAAGAGGAACAATG,0,sg9
AATGACCACTACATCCTCAAGGG,GACGACCAGTGCATCCTCAAGCT,0,sg5
CCTGCCTCCGCTCTACTCACTGG,CCTGCCTCCGGCTCACCCACGGG,0,sg7
TGACATCAATTATTATACATCGG,AGACATCAATTATTATAGAAAAT,0,sg10
TGACATCAATTATTATACATCGG,TGGCATTCTGTTTTATACATCGG,0,sg10
GAATCCTAAAAACTCTGCTTCGG,TAATTGTAAAAACTCTTTTTCTG,0,sg12
GAATCCTAAAAACTCTGCTTCGG,GCTTCTTTAAAACTCTGCTTGGC,0,sg12
CCTGCCTCCGCTCTACTCACTGG,CCTGCCTCCCCTCTGGGCCCTGT,0,sg7
CCAGTGAGTAGAGCGGAGGCAGG,GCAGTGGGCAGAGCGGAGCCCAG,0,sg2
CCTGCCTCCGCTCTACTCACTGG,CCTGCCTCCACAGGGCTCACTGT,0,sg7
AAATGAGAAGAAGAGGCACAGGG,GAATCAGAAGAAGAGTCAATAGG,0,sg9
ATGAACACCAGTGAGTAGAGCGG,ATGAACACCAGGGAAGACTGAGG,0,sg6
AAATGAGAAGAAGAGGCACAGGG,AGAAGAGAGGAAGAGGCACCAGG,0,sg9
AAATGAGAAGAAGAGGCACAGGG,AAATGAGAACACGTGGCATTTGG,0,sg9
AAATGAGAAGAAGAGGCACAGGG,AGATTAGAAGGCGAGGCACAGAG,0,sg9
GACACCGAAGCAGAGTTTTTAGG,AAAAGCGAAGCAGAGTATAAAGG,0,sg11
AATGACCACTACATCCTCAAGGG,AAAGTACACTCCATCCTCAAGCA,0,sg5
CCTGCCTCCGCTCTACTCACTGG,CCTGCCTCCTCCCTGAGTACTGG,0,sg7
AATGACCACTACATCCTCAAGGG,AATTAACACTACATCCTAGATGA,0,sg5
CTTGCCCCACAGGGCAGTAACGG,CTGGCACCACAGGGCTCTCACAG,0,sg3
AAATGAGAAGAAGAGGCACAGGG,AAATGAGAAAAAGAGATACAAAA,0,sg9
AAATGAGAAGAAGAGGCACAGGG,AAAAAACGAGAAGAGGCAGAGAG,0,sg9
GGTCCTGCCGCTGCTTGTCATGG,GTTCATGCAGCTGCTTGTCCTCA,0,sg4
AAATGAGAAGAAGAGGCACAGGG,AAATGAGAAGAAGAACAAGGCGG,0,sg9
AAATGAGAAGAAGAGGCACAGGG,AAATGAGAAAAAGACTCCCAAGT,0,sg9
GACACCGAAGCAGAGTTTTTAGG,GAGATGGAAGCAGAGCTTATTGG,0,sg11
GAATCCTAAAAACTCTGCTTCGG,CACTCCTAAAAACTCTAGATCAG,0,sg12
CCTGCCTCCGCTCTACTCACTGG,CTACCCCCTGCACTACTCACTGG,0,sg7
AAATGAGAAGAAGAGGCACAGGG,AAATAATTAGAAGAGGCACAAAA,0,sg9
AAATGAGAAGAAGAGGCACAGGG,AACTATGGAGGAGAGGCACAGGA,0,sg9
AAATGAGAAGAAGAGGCACAGGG,AAATGAGAACAAAAAGAACATGT,0,sg9
AAATGAGAAGAAGAGGCACAGGG,TGAAGAGAAGAAGAGGGGCATGG,0,sg9
GGTCCTGCCGCTGCTTGTCATGG,TGGCATGCTGCTGCTTGTCATCT,0,sg4
AAATGAGAAGAAGAGGCACAGGG,AAATGAGAAGGAGTAACACAGCC,0,sg9
AAATGAGAAGAAGAGGCACAGGG,TAATGAATAGAAGAGGCAAAGCA,0,sg9
ATGAACACCAGTGAGTAGAGCGG,AGGGACTCCAGTGAGTAGGGCTG,0,sg6
AAATGAGAAGAAGAGGCACAGGG,AAATGAGAATAGACAGCACAGGA,0,sg9
CCTGCCTCCGCTCTACTCACTGG,CCTCCCTCACCCCTACTCACTCC,0,sg7
AACACCAGTGAGTAGAGCGGAGG,ACAACTAGTGAGTAGAAGGAAGG,0,sg1
TGACATCAATTATTATACATCGG,TGAAAACAATTATTATTTATAAG,0,sg10
GAATCCTAAAAACTCTGCTTCGG,AAACACTGAAAACTCTGCTGCTG,0,sg12
CCAGTGAGTAGAGCGGAGGCAGG,ACAGTGGTGAGAGCGGAGGCTGG,0,sg2
AAATGAGAAGAAGAGGCACAGGG,GGTTGAGAGGAAGAGGCAAGGGG,0,sg9
AAATGAGAAGAAGAGGCACAGGG,AAATGAGAAGAAAAAGGAAAAGG,0,sg9
AAATGAGAAGAAGAGGCACAGGG,AATTCAAGGGAAGAGGCACATGG,0,sg9
AAATGAGAAGAAGAGGCACAGGG,AACTGAGAAGAAGGGGAACAGAT,0,sg9
AAATGAGAAGAAGAGGCACAGGG,AACTGAGAAGAATATGGGCAGAG,0,sg9
GAATCCTAAAAACTCTGCTTCGG,AATTCCCCAAAACTCTGCAACGG,0,sg12
AAATGAGAAGAAGAGGCACAGGG,AAAGAAGAAGAAGAGAAACAGGC,0,sg9
CCTGCCTCCGCTCTACTCACTGG,CCTGCCTCCCCACTGCCCTCAGG,0,sg7
ATGAACACCAGTGAGTAGAGCGG,TTGAAAGCCAGTGAGTAGAATGA,0,sg6
ATGAACACCAGTGAGTAGAGCGG,ATGAAGACCAGTGAGAAGAGCAA,0,sg6
GAATCCTAAAAACTCTGCTTCGG,GAATCCTAAGCACTCCCCTTCTT,0,sg12
AAATGAGAAGAAGAGGCACAGGG,AAATGAGAAAAATAAGCCTATGG,0,sg9
AAATGAGAAGAAGAGGCACAGGG,TGATGAGAGGTGGAGGCACAGGA,0,sg9
CCTGCCTCCGCTCTACTCACTGG,CCTGCCTCCTCTCTTCTCCCACC,0,sg7
AAATGAGAAGAAGAGGCACAGGG,GAAAGAGAGAGAGAGGCACAGAG,0,sg9
GGTCCTGCCGCTGCTTGTCATGG,GTGCCTGTGGCTGCTTGTCTGGG,0,sg4
AAATGAGAAGAAGAGGCACAGGG,CAAAGTGAAGAAGAGGCAAAAGA,0,sg9
GGTCCTGCCGCTGCTTGTCATGG,GGTCCTGCCTCGCCTTTACAGGG,0,sg4
AAATGAGAAGAAGAGGCACAGGG,AAGTGAGATTGTGAGGCACAGAG,0,sg9
AATGACCACTACATCCTCAAGGG,AATGACCACTAAATCATTAACAG,0,sg5
ATGAACACCAGTGAGTAGAGCGG,ATGAACACCAGTCAGGAGCAGGT,0,sg6
AACACCAGTGAGTAGAGCGGAGG,AATACCAGTGAGCAGTGAGCAGT,0,sg1
TGACATCAATTATTATACATCGG,ATACATCAATTATTACACATAAA,0,sg10
GGGTGGGGGGAGTTTGCTCCTGG,GGGTGGGGGGTGGGTGTTCCTAC,0,sg8
GGGTGGGGGGAGTTTGCTCCTGG,GGGTGGGGGAAGTGGGCCCCTGG,0,sg8
CCTGCCTCCGCTCTACTCACTGG,TCTACCTCCGCTCTACTGACTCT,0,sg7
AAATGAGAAGAAGAGGCACAGGG,TTATGAGAAGAACAGGAACAAGT,0,sg9
GGGTGGGGGGAGTTTGCTCCTGG,GGTGTTTGGGTGTTTGCTCCTGG,0,sg8
AAATGAGAAGAAGAGGCACAGGG,AAAGATGAAACTGAGGCACAGGG,0,sg9
TGACATCAATTATTATACATCGG,TGCCATCAATTAATATTTATCGA,0,sg10
GGGTGGGGGGAGTTTGCTCCTGG,GGGTGGGGGTATCATGCTCCAGA,0,sg8
AAATGAGAAGAAGAGGCACAGGG,AAATGAGAAGGCGAGACACAGAG,0,sg9
AAATGAGAAGAAGAGGCACAGGG,AAATGAGAACATGAGGTAGTTGG,0,sg9
GGGTGGGGGGAGTTTGCTCCTGG,AAGTGAGTGGCGTTTGCTCCTGG,0,sg8
GGGTGGGGGGAGTTTGCTCCTGG,GGGTGGGGGGAATTACCTCTTCT,0,sg8
GAATCCTAAAAACTCTGCTTCGG,AAATCCTAAAAACTCTCAGTCAA,0,sg12
AACACCAGTGAGTAGAGCGGAGG,GAATCCAGTGAGTAGAGGCCAGG,0,sg1
AAATGAGAAGAAGAGGCACAGGG,AAATGAGAAAAAGAGGACTGGGA,0,sg9
GGGTGGGGGGAGTTTGCTCCTGG,GCAAGAGGGGAGTTTGCTGCTGA,0,sg8
ATGAACACCAGTGAGTAGAGCGG,ATCAGCACCAGTGAGTGGCCTGG,0,sg6
GAATCCTAAAAACTCTGCTTCGG,TAATCCTAAAAATTGTGATTCAT,0,sg12
GGGTGGGGGGAGTTTGCTCCTGG,GGGTGGGGGGAGATTACCCCTCC,0,sg8
AAATGAGAAGAAGAGGCACAGGG,GATAGAGAAAATGAGGCACAGAG,0,sg9
AAATGAGAAGAAGAGGCACAGGG,AAAAGGGGAGAAGAGGCAGAAGA,0,sg9
AAATGAGAAGAAGAGGCACAGGG,GATTATGAAGAAGAGACACAGGT,0,sg9
CCTGCCTCCGCTCTACTCACTGG,CCTGCCTCCACCCCACTAAGTGT,0,sg7
AAATGAGAAGAAGAGGCACAGGG,AAATGTGAAGAAGAGACAAAGAA,0,sg9
GGTCCTGCCGCTGCTTGTCATGG,TGTCCTGCCGCTGTCTGTCACTA,0,sg4
AAATGAGAAGAAGAGGCACAGGG,AAAGGGGAAATTGAGGCACAGGG,0,sg9
GGGTGGGGGGAGTTTGCTCCTGG,GCGTGCATGGAGTTTGCTCCTGC,0,sg8
CCTGCCTCCGCTCTACTCACTGG,CCTGCCTCCACACTACCCCCTCT,0,sg7
CCAGTGAGTAGAGCGGAGGCAGG,GTGGAGTGGAGAGCGGAGGCAGG,0,sg2
AAATGAGAAGAAGAGGCACAGGG,ATTTGAGAAGAAGAGACAAAGGG,0,sg9
AAATGAGAAGAAGAGGCACAGGG,AAGACAGAAGAAGAGGCACAATT,0,sg9
GACACCGAAGCAGAGTTTTTAGG,GACACTGAAGCAGAGACCTAAGT,0,sg11
AAATGAGAAGAAGAGGCACAGGG,TCATGAGAAGAAAAGGGAAAAGG,0,sg9
GACACCGAAGCAGAGTTTTTAGG,GAAAAATAAGCAGAGTTTTTGGG,0,sg11
GGTCCTGCCGCTGCTTGTCATGG,GCTCCTGCCGCTTGGTGTCAGGC,0,sg4
GGGTGGGGGGAGTTTGCTCCTGG,CGGGTGGGGGAGGGTGCTCCTGG,0,sg8
AAATGAGAAGAAGAGGCACAGGG,AAATGAGAAGATCTGTCATATGG,0,sg9
AACACCAGTGAGTAGAGCGGAGG,AAAATGAGTGAGTAGAAGGAAGG,0,sg1
AAATGAGAAGAAGAGGCACAGGG,AAATGAGAAAGGGGTGCACAGGA,0,sg9
CCTGCCTCCGCTCTACTCACTGG,CCTGCCTCCACTCTTATCCCTTC,0,sg7
GGGTGGGGGGAGTTTGCTCCTGG,GGGTGGGGGGTGCCTTCTACTTG,0,sg8
TGACATCAATTATTATACATCGG,TTATATCAGTTATTATACCTCAA,0,sg10
ATGAACACCAGTGAGTAGAGCGG,ATGATCACCAGTGAGTAGACCTA,0,sg6
CTTGCCCCACAGGGCAGTAACGG,CTTGCCCCATTGAGCAGTGGCTG,0,sg3
ATGAACACCAGTGAGTAGAGCGG,CTGACGACCAGTGAGTAGAGCCC,0,sg6
AAATGAGAAGAAGAGGCACAGGG,ACATGAGAAGAAGTGGCACCTGT,0,sg9
GACACCGAAGCAGAGTTTTTAGG,TAACCCTAGGCAGAGTTTATAGG,0,sg11
ATGAACACCAGTGAGTAGAGCGG,ATTAACACCAGTAAGTAGGAGTG,0,sg6
AAATGAGAAGAAGAGGCACAGGG,TTATGAGAAGAAGAGACTCCGGC,0,sg9
AAATGAGAAGAAGAGGCACAGGG,AACAGAGAAGAAGAGGCATAAAA,0,sg9
CCAGTGAGTAGAGCGGAGGCAGG,CCAGTGAGTAGAGCAGAGTGAAG,0,sg2
AAATGAGAAGAAGAGGCACAGGG,GGGTGAGAAGAAGAGGCACTGCA,0,sg9
ATGAACACCAGTGAGTAGAGCGG,ATTTCTACCAGTGAGTAAAGCTG,0,sg6
CTTGCCCCACAGGGCAGTAACGG,CTTCCCAGACAGGGCAGTAAGAA,0,sg3
AATGACCACTACATCCTCAAGGG,AATGACCACCAGTTCCACATGTG,0,sg5
GGGTGGGGGGAGTTTGCTCCTGG,GGGTGGGGGGTGGATTCTCCTTG,0,sg8
GGGTGGGGGGAGTTTGCTCCTGG,CATTTGGGGGAGTTTCCTTCTGG,0,sg8
CTTGCCCCACAGGGCAGTAACGG,CTTGCCCCAGTGAGAAGGAACAG,0,sg3
AAATGAGAAGAAGAGGCACAGGG,AAAAGACAAAAAGAAGAAGAGGG,0,sg9
AAATGAGAAGAAGAGGCACAGGG,AGAGAAGAGAAAGAGGCACAGAG,0,sg9
AAATGAGAAGAAGAGGCACAGGG,AGAAGAGAGGAAGAAACACAGTG,0,sg9
GGTCCTGCCGCTGCTTGTCATGG,GGTTCTGCCGCTGCTACGGATGA,0,sg4
AAATGAGAAGAAGAGGCACAGGG,AAATGAGAAAATGAAGCAAAGGG,0,sg9
TGACATCAATTATTATACATCGG,GGACATCAATTATTAGGTTTAGG,0,sg10
CCAGTGAGTAGAGCGGAGGCAGG,CCAGTGAGTTCAGCGGCTGAAGG,0,sg2
GGGTGGGGGGAGTTTGCTCCTGG,GGGTGGGGGGAGGGTGCTGCAGG,0,sg8
CCTGCCTCCGCTCTACTCACTGG,CCTGCCTCCATTATACTGACTCA,0,sg7
AAATGAGAAGAAGAGGCACAGGG,AAATGAGAAGCAAAGGCACATCT,0,sg9
CCTGCCTCCGCTCTACTCACTGG,CCTGCCTCCTCTCAGATCAGCGG,0,sg7
ATGAACACCAGTGAGTAGAGCGG,ACAAACACCAGTGAGTATAATTG,0,sg6
GACACCGAAGCAGAGTTTTTAGG,GACCACCAAGATGAGTTTTTAGT,0,sg11
CTTGCCCCACAGGGCAGTAACGG,TTGACCCCACAGGGCAGGGACTG,0,sg3
GACACCGAAGCAGAGTTTTTAGG,GAAATCTGAGCAGAGTTTTTAAA,0,sg11
CCAGTGAGTAGAGCGGAGGCAGG,CATGGGATTAGAGCGGAGACAGA,0,sg2
AAATGAGAAGAAGAGGCACAGGG,CAATGTAAAGAAGAGGCAAGGGT,0,sg9
AATGACCACTACATCCTCAAGGG,ATTTATCACTACATCTTCAAAAG,0,sg5
ATGAACACCAGTGAGTAGAGCGG,ATGAACACCGGGGAGAACAGCGG,0,sg6
GGGTGGGGGGAGTTTGCTCCTGG,GGGTGGGGGGAGTTTGATGAGCA,0,sg8
GGGTGGGGGGAGTTTGCTCCTGG,GGGGGGGGGGTGCTGGCTTCTGT,0,sg8
AAATGAGAAGAAGAGGCACAGGG,AAATTGGAAATTGAGGCACAGTG,0,sg9
CCTGCCTCCGCTCTACTCACTGG,CCTGCCTCCACTCTTCACCCTAG,0,sg7
TGACATCAATTATTATACATCGG,TGACATCAAGCATTGGTCATCTG,0,sg10
GGGTGGGGGGAGTTTGCTCCTGG,AAGTTGGGGGAGTTTACTGCTAG,0,sg8
CCTGCCTCCGCTCTACTCACTGG,GGTGCCTCCGCTCCACACCCAGG,0,sg7
AATGACCACTACATCCTCAAGGG,ATTCCCCAGGAAATCCTCAAGGG,0,sg5
CTTGCCCCACAGGGCAGTAACGG,CCTACCCCACAGGGCTGTGATGA,0,sg3
AAATGAGAAGAAGAGGCACAGGG,GAATGGGAAGAAGAGGCAGAAAT,0,sg9
GGGTGGGGGGAGTTTGCTCCTGG,GGCTGGGGGGAGTTTGATGCCCC,0,sg8
GAATCCTAAAAACTCTGCTTCGG,GAATCCTAAAATCACAGCATAGG,0,sg12
CCTGCCTCCGCTCTACTCACTGG,GCAGCCACCTCCCTACTCACTGG,0,sg7
AAATGAGAAGAAGAGGCACAGGG,AAGATAGAAGAAGAGGAAGAAGG,0,sg9
CCTGCCTCCGCTCTACTCACTGG,CCTGCCTCCCCCTTCTTCCCTGG,0,sg7
AATGACCACTACATCCTCAAGGG,AATGACCACAAAAACGGAAAGGG,0,sg5
GGGTGGGGGGAGTTTGCTCCTGG,GGGTGGGGGAAGAATGGTGTTGG,0,sg8
AAATGAGAAGAAGAGGCACAGGG,AAAGAGGAAGAAGAGGGAGAGAG,0,sg9
GAATCCTAAAAACTCTGCTTCGG,GAATACTAAAAACTCTCAATTGT,0,sg12
GGGTGGGGGGAGTTTGCTCCTGG,GGAGATGAGGAGTTTGCTCATGG,0,sg8
CTTGCCCCACAGGGCAGTAACGG,GGAGCCCCACAGGGCAGAGAGGG,0,sg3
GAATCCTAAAAACTCTGCTTCGG,GAATCCTAAAAATACTGATGCCA,0,sg12
ATGAACACCAGTGAGTAGAGCGG,ATGTCTACTAGTGAGTAGAGCTT,0,sg6
GGGTGGGGGGAGTTTGCTCCTGG,GGCTTAGGGGAGTTTGTTCCTGA,0,sg8
AAATGAGAAGAAGAGGCACAGGG,AAATGAGAAGCTAAGTCACAGGT,0,sg9
CCAGTGAGTAGAGCGGAGGCAGG,GCGCAGAGCAGAGCGGAGGCGGG,0,sg2
AAATGAGAAGAAGAGGCACAGGG,TGCTGAGAAGAAGAGGCCCACTG,0,sg9
AAATGAGAAGAAGAGGCACAGGG,AAATGAGAAGAGGAGAGGAAAGG,0,sg9
GACACCGAAGCAGAGTTTTTAGG,GTTACCAAGGCAGAGTTTTCAGT,0,sg11
GAATCCTAAAAACTCTGCTTCGG,GAATCCAATTCCCTCTGCTTCTG,0,sg12
GGGTGGGGGGAGTTTGCTCCTGG,GGGTGGGGGGAGTTTGTGCTTCA,0,sg8
GGGTGGGGGGAGTTTGCTCCTGG,GGGTGGGGGGACTGTGCTCCAGC,0,sg8
CTTGCCCCACAGGGCAGTAACGG,CTGACACCCCAGGGCAGTACCAG,0,sg3
AAATGAGAAGAAGAGGCACAGGG,AGAAGAGAAGAAGGAGCAAAGGT,0,sg9
GGTCCTGCCGCTGCTTGTCATGG,GCTGCTGCCGCTGCTGCTAGTGG,0,sg4
AAATGAGAAGAAGAGGCACAGGG,AAATGAGAAGCAGAGGTGGAATG,0,sg9
AAATGAGAAGAAGAGGCACAGGG,AACAGGGGAGAAGAGGCAAAAGG,0,sg9
CCTGCCTCCGCTCTACTCACTGG,CCTGCTTATCCTCTACTCACTAC,0,sg7
ATGAACACCAGTGAGTAGAGCGG,AAGACCAGAAGTGAGTAGAATGG,0,sg6
TGACATCAATTATTATACATCGG,TGGCAGCAATTATTATTAATTTG,0,sg10
TGACATCAATTATTATACATCGG,GGACATCAATTAACATATGTCAG,0,sg10
GGGTGGGGGGAGTTTGCTCCTGG,GGGTGGGGGAGCTGTGCTCCTCA,0,sg8
AAATGAGAAGAAGAGGCACAGGG,AAATGAGAAGACTAGGAAGAGCT,0,sg9
AACACCAGTGAGTAGAGCGGAGG,CATACAAGTGAGTAGAAAGGAGA,0,sg1
TGACATCAATTATTATACATCGG,TTAAATCAATTATTATACATTTT,0,sg10
GGGTGGGGGGAGTTTGCTCCTGG,GGGTGGGGGGTGTCAGCTCACGC,0,sg8
TGACATCAATTATTATACATCGG,TCAATGCAATTCTTATACATCGA,0,sg10
TGACATCAATTATTATACATCGG,TAGCAGGTATTATTATACATCAG,0,sg10
AAATGAGAAGAAGAGGCACAGGG,AAATGTGAAGAAGAGGAAATGAA,0,sg9
GGGTGGGGGGAGTTTGCTCCTGG,AGATGGGGGGAGTGTGTTCCCAG,0,sg8
GAATCCTAAAAACTCTGCTTCGG,AAATTTTAAATACTCTGCTTCAC,0,sg12
AAATGAGAAGAAGAGGCACAGGG,ATCAGAGAACAAGAGGCACAGAC,0,sg9
GGGTGGGGGGAGTTTGCTCCTGG,TGGTTGGAAGAGTTTGCTACTGT,0,sg8
CCAGTGAGTAGAGCGGAGGCAGG,CCAGTGAGTAGCTCTGTGGCAGA,0,sg2
AATGACCACTACATCCTCAAGGG,AATGACCACAAGAGCATTAAGGA,0,sg5
GAATCCTAAAAACTCTGCTTCGG,GTATCCTAAAAAGACAGCTTATG,0,sg12
AAATGAGAAGAAGAGGCACAGGG,AACTGAGAAGAAGTGGCAGAAAT,0,sg9
AAATGAGAAGAAGAGGCACAGGG,AAATGAGAAGTAGAAGAAAAAGG,0,sg9
AAATGAGAAGAAGAGGCACAGGG,AAATGAGAAGAACAAGAGGAGAG,0,sg9
GGGTGGGGGGAGTTTGCTCCTGG,TGGTGGGGGGAGGTGTTTCCTGG,0,sg8
ATGAACACCAGTGAGTAGAGCGG,ATGTACACCAGTGAGTAACACGT,0,sg6
GACACCGAAGCAGAGTTTTTAGG,GATGCAGAAGCAGAGTTGGGAGG,0,sg11
GACACCGAAGCAGAGTTTTTAGG,AATACAGAACCAGAGTTTTTAAA,0,sg11
AAATGAGAAGAAGAGGCACAGGG,AGCTGAGAAGAAGATGGTCTGGG,0,sg9
AAATGAGAAGAAGAGGCACAGGG,AAATGAGAACAAAACGCAAAGTA,0,sg9
AAATGAGAAGAAGAGGCACAGGG,AAATGAGAAGAAGCATGCCAGGT,0,sg9
AACACCAGTGAGTAGAGCGGAGG,TACACCAGTGAGTAATGTGAAAG,0,sg1
GGGTGGGGGGAGTTTGCTCCTGG,TGGTGGGGGGAGGGTGCTCCCCG,0,sg8
TGACATCAATTATTATACATCGG,AGACATCAATTAAGATAAATGGA,0,sg10
AAATGAGAAGAAGAGGCACAGGG,AGAAGAGGGGAAGAGGCACAGAG,0,sg9
AAATGAGAAGAAGAGGCACAGGG,AAATGAGAAGAAAAACAAAACGG,0,sg9
AAATGAGAAGAAGAGGCACAGGG,AGATGAGAAGAAGAGTCATATGG,0,sg9
GAATCCTAAAAACTCTGCTTCGG,GAGTTTTAAAAACTCTCTTTTGG,0,sg12
GAATCCTAAAAACTCTGCTTCGG,GTCTCTTAAAAACTCTGGTTCCA,0,sg12
AAATGAGAAGAAGAGGCACAGGG,AAATGAGAAGATGTTGGTCAAGG,0,sg9
AAATGAGAAGAAGAGGCACAGGG,AAATGAGAAGGAAAGGCCATGAG,0,sg9
GAATCCTAAAAACTCTGCTTCGG,AGATCCTAAAAACTGTGTTTCTA,0,sg12
AACACCAGTGAGTAGAGCGGAGG,AACACCAGTGAGTACTAGAAAGG,0,sg1
GACACCGAAGCAGAGTTTTTAGG,GGCACTGTGGCAGAGTTTTTAAA,0,sg11
AAATGAGAAGAAGAGGCACAGGG,CAAGTAGAAGAAGAGGCAGAGGA,0,sg9
ATGAACACCAGTGAGTAGAGCGG,ATGAACACCAATGAGTAATATTG,0,sg6
TGACATCAATTATTATACATCGG,TCACTTCAATTATTATTCATAAA,0,sg10
AAATGAGAAGAAGAGGCACAGGG,CAATGAGAAGAAGATTAAAAGCG,0,sg9
AAATGAGAAGAAGAGGCACAGGG,AACTGGGAAGAAGAGAAAAAGAG,0,sg9
AAATGAGAAGAAGAGGCACAGGG,GGCTGAGAAGAAAAGGCAGAGAG,0,sg9
CCTGCCTCCGCTCTACTCACTGG,CCTGCCTCCCCTCCACTCACCCC,0,sg7
AATGACCACTACATCCTCAAGGG,AACCACCACTACATCCTTTAGGC,0,sg5
AAATGAGAAGAAGAGGCACAGGG,AACCTGGAAGAAGAGTTACAGGG,0,sg9
AAATGAGAAGAAGAGGCACAGGG,GAAGAAGAAGAGGGGGCTCAGGG,0,sg9
AACACCAGTGAGTAGAGCGGAGG,CACACCAGTGAGTTTTGGGTAGG,0,sg1
AATGACCACTACATCCTCAAGGG,AATGACCACTATTTCCTGAGGAA,0,sg5
GGTCCTGCCGCTGCTTGTCATGG,GGCCCTGCCGCTGCATCTCACTG,0,sg4
GAATCCTAAAAACTCTGCTTCGG,GAAAGTTAAAGGCTCTGCTTCAG,0,sg12
CTTGCCCCACAGGGCAGTAACGG,CTTGCCCCAAGGGTGAGTTACAG,0,sg3
ATGAACACCAGTGAGTAGAGCGG,AAGAACACCAGTTAATAGGGTGC,0,sg6
GGGTGGGGGGAGTTTGCTCCTGG,AAGTGAGGGGAGTTTGCCCCTGC,0,sg8
GAATCCTAAAAACTCTGCTTCGG,AAATACTTAACACTCTGCTTCCT,0,sg12
CTTGCCCCACAGGGCAGTAACGG,CTGGCCCCACAGGACATGATCTG,0,sg3
AAATGAGAAGAAGAGGCACAGGG,AAAGAGGAAAAGGAGGCACAGAG,0,sg9
GGGTGGGGGGAGTTTGCTCCTGG,GGGTGGGGGGTGTTTGTTTTGTG,0,sg8
CCTGCCTCCGCTCTACTCACTGG,CCTGCCTCCCTGGCACTCACAGG,0,sg7
AATGACCACTACATCCTCAAGGG,ACTGATAGCTAAATCCTCAAGAG,0,sg5
AAATGAGAAGAAGAGGCACAGGG,ATATTTGAAGAAGAGGCACGCTG,0,sg9
AACACCAGTGAGTAGAGCGGAGG,AACACCAGTGCCTGGGGCGAAGG,0,sg1
GGTCCTGCCGCTGCTTGTCATGG,GACCCTGCCGCTACTGGTCACGG,0,sg4
CCTGCCTCCGCTCTACTCACTGG,CCTGCCTCCTCTCTACCCCATGC,0,sg7
GACACCGAAGCAGAGTTTTTAGG,GGCCAGGGAGCAGAGTTTTTAAG,0,sg11
AAATGAGAAGAAGAGGCACAGGG,AAATGAGAAGCAAAGTCACATAT,0,sg9
GGGTGGGGGGAGTTTGCTCCTGG,GGGTGGGGGGACTCAGGGCCAGG,0,sg8
CTTGCCCCACAGGGCAGTAACGG,CTTGGGGTACAGGGCAGTAACAG,0,sg3
GAATCCTAAAAACTCTGCTTCGG,GTATCCTAAAAACAGGGCATCAG,0,sg12
GGTCCTGCCGCTGCTTGTCATGG,GCTGCAGCCGCTGCTCCTCATTG,0,sg4
AAATGAGAAGAAGAGGCACAGGG,AAATGAGAAGCAGAGACCAGGGA,0,sg9
AAATGAGAAGAAGAGGCACAGGG,AAATGAGAAGAAAAATCTTAGGC,0,sg9
GAATCCTAAAAACTCTGCTTCGG,AAATACTAAAAACTCATGTTCAG,0,sg12
TGACATCAATTATTATACATCGG,TAACATCAATTATTATTGATAAG,0,sg10
ATGAACACCAGTGAGTAGAGCGG,ATGTACACAAGTGAGTAGCCCTC,0,sg6
AAATGAGAAGAAGAGGCACAGGG,AAAAAAGAAGAAGAGAGACAGGG,0,sg9
GACACCGAAGCAGAGTTTTTAGG,AACCTGGAATCAGAGTTTTTAGT,0,sg11
GGGTGGGGGGAGTTTGCTCCTGG,GGGTGGGGGTGGATAACTCCTTG,0,sg8
GGGTGGGGGGAGTTTGCTCCTGG,GGGGTGGGGGAGGGTGCACCTGT,0,sg8
GGGTGGGGGGAGTTTGCTCCTGG,GGATGGGGGGAGGGGGGACCTGG,0,sg8
ATGAACACCAGTGAGTAGAGCGG,ATTAAGAGCAGTGAGTAGGGAGC,0,sg6
AAATGAGAAGAAGAGGCACAGGG,AAATGAGAAGAACAACCACTCTG,0,sg9
AAATGAGAAGAAGAGGCACAGGG,AACTGTGAAGAAGAGTTAAAGTG,0,sg9
AAATGAGAAGAAGAGGCACAGGG,AAATGAGAAGAAAGGGGTGATGG,0,sg9
TGACATCAATTATTATACATCGG,TGTAGTAAAATATTATACATCAG,0,sg10
GAATCCTAAAAACTCTGCTTCGG,AAATCCTAAAAACTCTCTTTGTG,0,sg12
AACACCAGTGAGTAGAGCGGAGG,AACGGAAGGGAGTAGAGCTGGGG,0,sg1
GACACCGAAGCAGAGTTTTTAGG,TACCCCAAAGATGAGTTTTTAGA,0,sg11
AAATGAGAAGAAGAGGCACAGGG,TATGGGGCAGAAGAGGCAGAGGG,0,sg9
CCAGTGAGTAGAGCGGAGGCAGG,CCGGTGAGACGCGCGGAGGCATT,0,sg2
AAATGAGAAGAAGAGGCACAGGG,AAATGAGAAGAGAAGACATAGAC,0,sg9
TGACATCAATTATTATACATCGG,TAGTATCAATTATTAAACACCAG,0,sg10
GGTCCTGCCGCTGCTTGTCATGG,AGCCCTGCCGCTGGTTACCAGGG,0,sg4
AAATGAGAAGAAGAGGCACAGGG,AAATGAGAGGAAGAGGCATTTGA,0,sg9
AATGACCACTACATCCTCAAGGG,AATGACCACTGCATAGTGAAATG,0,sg5
GAATCCTAAAAACTCTGCTTCGG,GAGTCAACAAAACTCTGCTCAGG,0,sg12
GGGTGGGGGGAGTTTGCTCCTGG,GGGTGGGGGAACCTTGCTCTCTG,0,sg8
GGGTGGGGGGAGTTTGCTCCTGG,AAGAGGTGGGAGTTTGCTCTTGG,0,sg8
CCAGTGAGTAGAGCGGAGGCAGG,TGAGTGAGTAGAGCAGAGGCATT,0,sg2
GGGTGGGGGGAGTTTGCTCCTGG,GGATTTTGGAAGTTTGCTCCTGG,0,sg8
CCAGTGAGTAGAGCGGAGGCAGG,CCTCGAAGTGGCGCGGAGGCAGG,0,sg2
AATGACCACTACATCCTCAAGGG,AGTGACCACTACTTCTGCAAGCT,0,sg5
GACACCGAAGCAGAGTTTTTAGG,AGCACAGAGGCAGAGTTTTTCCG,0,sg11
AAATGAGAAGAAGAGGCACAGGG,GAAAAAGAAGAAGAGGGACAAGG,0,sg9
GAATCCTAAAAACTCTGCTTCGG,GAATCCTAACACCCCTGCATCAT,0,sg12
CCAGTGAGTAGAGCGGAGGCAGG,CCAGTGAGTGGAGGTCAGGGAGA,0,sg2
ATGAACACCAGTGAGTAGAGCGG,AAGAATAAGAGTGAGTAGGCCGG,0,sg6
GGGTGGGGGGAGTTTGCTCCTGG,GGGTGGGGGCAGTTGGGTCCCCA,0,sg8
CTTGCCCCACAGGGCAGTAACGG,CTTGCCCCAGAGGACTTAAACAG,0,sg3
AAATGAGAAGAAGAGGCACAGGG,GCATGTGAAAATGAGGCACAGAG,0,sg9
GGGTGGGGGGAGTTTGCTCCTGG,AGTAAGGGGGAGTTTCCTCCTGC,0,sg8
CCTGCCTCCGCTCTACTCACTGG,CCTGCCTCCACTCTATTTGGGGG,0,sg7
GAATCCTAAAAACTCTGCTTCGG,GCACCCCAGAAACTCTGCTTAAG,0,sg12
GGTCCTGCCGCTGCTTGTCATGG,ATTTCTGCCGCTGCTTGTCAGCA,0,sg4
AAATGAGAAGAAGAGGCACAGGG,ATCAGAGAAGAAGAGGCCCTGGA,0,sg9
GACACCGAAGCAGAGTTTTTAGG,GACAGTAGAGCTGAGTTTTTAGC,0,sg11
AACACCAGTGAGTAGAGCGGAGG,CACACCAGTGAGCAGAGCAGAGT,0,sg1
GGGTGGGGGGAGTTTGCTCCTGG,GGGTGGGGGACATTTGGCCCTCG,0,sg8
TGACATCAATTATTATACATCGG,TGACATCAATGATGTCACTTTGG,0,sg10
GAATCCTAAAAACTCTGCTTCGG,GACTGCCAAAAACTCTGCTCAGC,0,sg12
CTTGCCCCACAGGGCAGTAACGG,TTTGCCCCACAGGGAAGAAATCC,0,sg3
CCTGCCTCCGCTCTACTCACTGG,CCTGCCTCCCTTTTAAGAACTGG,0,sg7
GGGTGGGGGGAGTTTGCTCCTGG,GGGTGGGGGGTGTCTGCCGATGG,0,sg8
ATGAACACCAGTGAGTAGAGCGG,TGGAACACCAGTGAGGAGGCCTG,0,sg6
AAATGAGAAGAAGAGGCACAGGG,AAAGAAGAAGAGGAGGAAAAGAG,0,sg9
AAATGAGAAGAAGAGGCACAGGG,AAATGAGAAGGCCAGGAACAGGT,0,sg9
GGGTGGGGGGAGTTTGCTCCTGG,GGGTGGGGGGAGTTGCTTCCAGG,0,sg8
GGGTGGGGGGAGTTTGCTCCTGG,GGGTGGTCTCATTTTGCTCCTGA,0,sg8
CTTGCCCCACAGGGCAGTAACGG,CTTGGACCACAGGGCAATAAAAA,0,sg3
AAATGAGAAGAAGAGGCACAGGG,GTATGAGAAGAAGAAGAAGAAGG,0,sg9
CTTGCCCCACAGGGCAGTAACGG,CCTGCCCCACAGGGTAGAAGCCA,0,sg3
AAATGAGAAGAAGAGGCACAGGG,ACGTGAGAAGAAAAAGCAAAGGG,0,sg9
AACACCAGTGAGTAGAGCGGAGG,AACACCAGTTAGCATAGGGCATG,0,sg1
CCTGCCTCCGCTCTACTCACTGG,CCTGCCTCCTTTCTACTGTCTGA,0,sg7
ATGAACACCAGTGAGTAGAGCGG,CTGGTGACCAGTGAGGAGAGCTG,0,sg6
AAATGAGAAGAAGAGGCACAGGG,ATGAGGGAAGAAGAGGGACAAGG,0,sg9
ATGAACACCAGTGAGTAGAGCGG,ATGAACACCTGTTAGTAAGGTAG,0,sg6
GGGTGGGGGGAGTTTGCTCCTGG,GGGTGGGGGGTGGTCTCTCCTCT,0,sg8
AAATGAGAAGAAGAGGCACAGGG,GCATGGGAAGGTGAGGCACAGGG,0,sg9
GAATCCTAAAAACTCTGCTTCGG,GAATCCTAAATTCTATGCTACTT,0,sg12
GAATCCTAAAAACTCTGCTTCGG,AGACCGTAAAAACTCTGCATCAG,0,sg12
GGTCCTGCCGCTGCTTGTCATGG,GGTCCTGCCCCTCCCTGGCACAG,0,sg4
AAATGAGAAGAAGAGGCACAGGG,AAATGAGAAAAAAAAAAAAAGGG,0,sg9
AACACCAGTGAGTAGAGCGGAGG,GACACCAGTGAGGAGAGATGTGG,0,sg1
AAATGAGAAGAAGAGGCACAGGG,AAATGAGAAGATGTGATTCAGAG,0,sg9
ATGAACACCAGTGAGTAGAGCGG,GTGAACACCAGTGTGGAGCCAGG,0,sg6
CTTGCCCCACAGGGCAGTAACGG,CATTGCCCACAGGGCAGTCATTG,0,sg3
GGGTGGGGGGAGTTTGCTCCTGG,GCCTAGAGGGAGTTTGCTGCCGG,0,sg8
AATGACCACTACATCCTCAAGGG,AATGACCACTACATTTTTAACCC,0,sg5
TGACATCAATTATTATACATCGG,GGACATCAATTATTGGACTTAGG,0,sg10
AAATGAGAAGAAGAGGCACAGGG,AGAGAGGAAGAAGAGGAAGAGGG,0,sg9
GGGTGGGGGGAGTTTGCTCCTGG,GGGTGGGGGCACTGGGGACCTGG,0,sg8
GAATCCTAAAAACTCTGCTTCGG,CATTCCTAAAAACTCGGTTTTGT,0,sg12
AAATGAGAAGAAGAGGCACAGGG,AGAAGAGAAGAAGAGGGAGGAGG,0,sg9
AAATGAGAAGAAGAGGCACAGGG,AAATGAGAATGAGAGAGAGAAGG,0,sg9
AAATGAGAAGAAGAGGCACAGGG,AAATGGGAAGAAGAGTCACATCT,0,sg9
AAATGAGAAGAAGAGGCACAGGG,ATAGGAGGGGGTGAGGCACAGGG,0,sg9
AAATGAGAAGAAGAGGCACAGGG,AATTGAGAAGAAATGCCAAAGAG,0,sg9
TGACATCAATTATTATACATCGG,TAATAGTAATTATTATACATTGC,0,sg10
CTTGCCCCACAGGGCAGTAACGG,CAAGTCCCACAGGGCACTAAGAG,0,sg3
AAATGAGAAGAAGAGGCACAGGG,AAATGAGAACCACAGACACTGGC,0,sg9
GAATCCTAAAAACTCTGCTTCGG,ATAACATAAAAACTCTGCTTCTT,0,sg12
ATGAACACCAGTGAGTAGAGCGG,TTGAACAAGAGTGAGTAGAGGAA,0,sg6
AAATGAGAAGAAGAGGCACAGGG,AGATAAGAAGAAGAGAAAAAGGT,0,sg9
GGGTGGGGGGAGTTTGCTCCTGG,GGGTGGGGGGACTCTGCGCTTTG,0,sg8
CTTGCCCCACAGGGCAGTAACGG,GTTCCCCAGCAGGGCAGTCACCG,0,sg3
AAATGAGAAGAAGAGGCACAGGG,CAAGGGGAAGAAGAGGCCCCGTG,0,sg9
AAATGAGAAGAAGAGGCACAGGG,AAATAAGAAGAAGAGAGAAATGC,0,sg9
TGACATCAATTATTATACATCGG,TCCCTGCAATTATTATACATCTC,0,sg10
CTTGCCCCACAGGGCAGTAACGG,CTTGCCCCACACTGCCCGAAAGG,0,sg3
AAATGAGAAGAAGAGGCACAGGG,AGATGAGAAGAAGAGTAACAGAT,0,sg9
AATGACCACTACATCCTCAAGGG,ACTTCTCACTATATCCTCAAGTG,0,sg5
AAATGAGAAGAAGAGGCACAGGG,AAATGAGAAAAAGTAGCAATTGG,0,sg9
GAATCCTAAAAACTCTGCTTCGG,AAAACAAAAAAACTCTGCTTCTA,0,sg12
CCTGCCTCCGCTCTACTCACTGG,CCTGCCTCCGCTTTCCCAAGTGC,0,sg7
CCTGCCTCCGCTCTACTCACTGG,ACTGCAACTGCTCTACTCCCAGG,0,sg7
GGGTGGGGGGAGTTTGCTCCTGG,GCGTGTCAGGAGTTTGCTCCTTC,0,sg8
AAATGAGAAGAAGAGGCACAGGG,AAATGAGAAGATAAGCCTCAGCC,0,sg9
AAATGAGAAGAAGAGGCACAGGG,AACCAAGAAGAAGAGACAAAGGA,0,sg9
GGGTGGGGGGAGTTTGCTCCTGG,GGGTGGGGGGATGCTACTGCTGT,0,sg8
GACACCGAAGCAGAGTTTTTAGG,GAATCTGAAGCAGAGAGCTTAGG,0,sg11
AAATGAGAAGAAGAGGCACAGGG,GAATGAGGAGAAGAGGCAAAAAA,0,sg9
GACACCGAAGCAGAGTTTTTAGG,GAAACTGATGAAGAGTTTTTAGA,0,sg11
GAATCCTAAAAACTCTGCTTCGG,CACTGCAGAAAACTCTGCTTCAG,0,sg12
AAATGAGAAGAAGAGGCACAGGG,ATAAGAAAAGAAGAGACAAAGAG,0,sg9
CCAGTGAGTAGAGCGGAGGCAGG,CCCACAAGAAGAGCGGAGACAGG,0,sg2
AAATGAGAAGAAGAGGCACAGGG,GAAGGAAAGGAAGAGGCAGAGGA,0,sg9
GACACCGAAGCAGAGTTTTTAGG,AAACCGGAAGCAGAGTTTCTTGG,0,sg11
GACACCGAAGCAGAGTTTTTAGG,CAGACCACAGCAGAGTTTATAGG,0,sg11
GAATCCTAAAAACTCTGCTTCGG,TGCTTCTAAAAACTCTGCTGCAG,0,sg12
GGGTGGGGGGAGTTTGCTCCTGG,GGCTGGTTTGCATTTGCTCCTGG,0,sg8
GACACCGAAGCAGAGTTTTTAGG,AAAACCGAAGCATGGTTTTTAGA,0,sg11
TGACATCAATTATTATACATCGG,TGACAACAATTATTATAACAATG,0,sg10
CTTGCCCCACAGGGCAGTAACGG,TCTCCCCCACAGGGCATTAACCC,0,sg3
CCAGTGAGTAGAGCGGAGGCAGG,GCGCTGAGTGGAGCGGAGGCAAG,0,sg2
ATGAACACCAGTGAGTAGAGCGG,ATGAACACCAGCGCTTAGGGTTG,0,sg6
AAATGAGAAGAAGAGGCACAGGG,AAATGAGAAACCGATGCCCAGGG,0,sg9
AAATGAGAAGAAGAGGCACAGGG,TTATGAGAAGAAAATCCACAAGG,0,sg9
AAATGAGAAGAAGAGGCACAGGG,AACTGAGGCTCAGAGGCACAGTG,0,sg9
GGGTGGGGGGAGTTTGCTCCTGG,GGGTGGGGGGTCTCTGTTCATAG,0,sg8
AACACCAGTGAGTAGAGCGGAGG,AAAAGGAGAGAGTAGAGCAGTGG,0,sg1
GACACCGAAGCAGAGTTTTTAGG,GACAGGGAAGCAGAGGGTTCAGG,0,sg11
GAATCCTAAAAACTCTGCTTCGG,GCAGCCTGGAAACTCTGCTCTGG,0,sg12
AAATGAGAAGAAGAGGCACAGGG,AAATGACTAGAAGAGGCAGATCT,0,sg9
GAATCCTAAAAACTCTGCTTCGG,TACTCCTAAAAATTCAGCTTGTG,0,sg12
GAATCCTAAAAACTCTGCTTCGG,GAATCCTAACAACACTGGCTTTG,0,sg12
ATGAACACCAGTGAGTAGAGCGG,AAAAAAAACAGTGAGTAGAGGAG,0,sg6
CCTGCCTCCGCTCTACTCACTGG,GCAGCCTCCGCTGGAGTCCCTGG,0,sg7
AAATGAGAAGAAGAGGCACAGGG,AGATGAGAAGAAAATGCTCAGTC,0,sg9
AAATGAGAAGAAGAGGCACAGGG,AAATGAGAACATGCGGCATTTGG,0,sg9
CCTGCCTCCGCTCTACTCACTGG,CCTGCCTCCAATCTCCAGACGGG,0,sg7
CTTGCCCCACAGGGCAGTAACGG,CCTGCCCCACAGGACAGGAGGTG,0,sg3
TGACATCAATTATTATACATCGG,TTACATCAATTATGATATATTCA,0,sg10
GAATCCTAAAAACTCTGCTTCGG,GAATCCTAAAACAACGGCCTCAG,0,sg12
GGTCCTGCCGCTGCTTGTCATGG,GCTGCTGCCGCTGCTTTTGAAAG,0,sg4
GAATCCTAAAAACTCTGCTTCGG,GAAGCCTGTAGGCTCTGCTTCTG,0,sg12
AATGACCACTACATCCTCAAGGG,AATTAATGCTACATCCTCAAGTA,0,sg5
AACACCAGTGAGTAGAGCGGAGG,CAGGGCAGTGAGTAGAGAGGAGC,0,sg1
AAATGAGAAGAAGAGGCACAGGG,AAAGAGGAAGAAGAGCCAAGGGG,0,sg9
TGACATCAATTATTATACATCGG,TGGCATCAATTATTCATCATTGT,0,sg10
GAATCCTAAAAACTCTGCTTCGG,GAATCCTAAAAAATCACCTTTCT,0,sg12
GGGTGGGGGGAGTTTGCTCCTGG,GGGAGGGGGGAGTTTATTCCCAG,0,sg8
GGGTGGGGGGAGTTTGCTCCTGG,GGGTGGGGGGGGGGGTCCCCTGG,0,sg8
AAATGAGAAGAAGAGGCACAGGG,TATTGTGAAGAAGAGGAATAGGG,0,sg9
GGGTGGGGGGAGTTTGCTCCTGG,GGGTGGGGGAAGTCTTCTCCAAA,0,sg8
ATGAACACCAGTGAGTAGAGCGG,ATGAACACCAGTAAGAATACTAG,0,sg6
GGGTGGGGGGAGTTTGCTCCTGG,GGGTGGGGGTAGGTAGGACCTGT,0,sg8
GGTCCTGCCGCTGCTTGTCATGG,CCTCCTGCCGCTGCCTGCCATTG,0,sg4
AAATGAGAAGAAGAGGCACAGGG,GAAAGAGAAGAAGAGACACAAAG,0,sg9
ATGAACACCAGTGAGTAGAGCGG,ATGAACACCACTCACTAGAATAG,0,sg6
AAATGAGAAGAAGAGGCACAGGG,AAATGAGAAGTGGTGGAAGAGGA,0,sg9
AATGACCACTACATCCTCAAGGG,AAAGCTGGCTACATCCTCAAGAG,0,sg5
AATGACCACTACATCCTCAAGGG,TATGACCACTACATTCACAATGT,0,sg5
GGTCCTGCCGCTGCTTGTCATGG,GGTCCTGCCCCTGCTCCCCATGC,0,sg4
GACACCGAAGCAGAGTTTTTAGG,GAGAAACAAGCAGAGTTTTGTGG,0,sg11
GGGTGGGGGGAGTTTGCTCCTGG,GGTTGGGGGGAGATAGATGCAGG,0,sg8
GGTCCTGCCGCTGCTTGTCATGG,GATGCTGGCGCTGCTTGTCCTGG,0,sg4
AAATGAGAAGAAGAGGCACAGGG,AGTTGAGAAGAAGATCCACAAGC,0,sg9
GGTCCTGCCGCTGCTTGTCATGG,GCTCCTGCCGCTGATGCTGAAGG,0,sg4
CTTGCCCCACAGGGCAGTAACGG,CTTGCCCCACTGGGCTGTGACTC,0,sg3
AAATGAGAAGAAGAGGCACAGGG,AAATGAGAAGAAATGGAAAAGCA,0,sg9
AAATGAGAAGAAGAGGCACAGGG,AAATGAGAAAAATGGGCAAAGTT,0,sg9
GAATCCTAAAAACTCTGCTTCGG,ATGTCCTAAAAACTATGCTTCAT,0,sg12
GGGTGGGGGGAGTTTGCTCCTGG,GAGTGGGGGGAGGGTGAGTCTGG,0,sg8
GGTCCTGCCGCTGCTTGTCATGG,GAGGCTGCTGCTGCTTGTCCTGC,0,sg4
GAATCCTAAAAACTCTGCTTCGG,GAATCCTAATAATTATGCTTTAA,0,sg12
ATGAACACCAGTGAGTAGAGCGG,CTGAACACCAGTGAGAAAAGGAA,0,sg6
GACACCGAAGCAGAGTTTTTAGG,ATCACAGGAGCAGAGTTTTGGGG,0,sg11
GGGTGGGGGGAGTTTGCTCCTGG,GGGGGCGGGGAGCTGGAGCCTGG,0,sg8
GAATCCTAAAAACTCTGCTTCGG,GCAGAGTAAAAACTCTGCTTCAG,0,sg12
GACACCGAAGCAGAGTTTTTAGG,GACCACTGAGCAGAGTTTTTATA,0,sg11
GAATCCTAAAAACTCTGCTTCGG,GTATCCTAAAAAATTTACTTTGC,0,sg12
CTTGCCCCACAGGGCAGTAACGG,CTTGCCCCACAGGGTTGTTATGG,0,sg3
AAATGAGAAGAAGAGGCACAGGG,CAATGAGAAGAAAGGGGAAAAGG,0,sg9
GGGTGGGGGGAGTTTGCTCCTGG,AGCTGGGGGGAGTCTGCTGGGGG,0,sg8
GGGTGGGGGGAGTTTGCTCCTGG,GGGTGGGGGGACTATGTTTATGT,0,sg8
AAATGAGAAGAAGAGGCACAGGG,CAATGCCAGGAAGAGGCACAGCT,0,sg9
GGGTGGGGGGAGTTTGCTCCTGG,GGTGGGGTGGTCTTTGCTCCTTG,0,sg8
AAATGAGAAGAAGAGGCACAGGG,AAATGAGAAGAACAGGCATTTCC,0,sg9
GAATCCTAAAAACTCTGCTTCGG,ACCTCCTAAAAACTAGGCTTGGG,0,sg12
GGGTGGGGGGAGTTTGCTCCTGG,GCCCGGGGGGAGTTTCCACCTTG,0,sg8
ATGAACACCAGTGAGTAGAGCGG,AAGGAAAGAAGTGAGTAGAGCAG,0,sg6
AACACCAGTGAGTAGAGCGGAGG,AACACCAGTAAATGGAGCAGGAG,0,sg1
GGTCCTGCCGCTGCTTGTCATGG,GGTCCTGCCTCTGCTACTAGTGT,0,sg4
GGTCCTGCCGCTGCTTGTCATGG,GGTCCTGCCACTTACTGTCAGAG,0,sg4
CCTGCCTCCGCTCTACTCACTGG,GATGCCTCAGCTCTACTCCCAGG,0,sg7
AAATGAGAAGAAGAGGCACAGGG,ACATGAGCACAAGAAGAAGAGGG,0,sg9
AAATGAGAAGAAGAGGCACAGGG,AGATGAGAAATTGAGGCACAGGA,0,sg9
AAATGAGAAGAAGAGGCACAGGG,TAATGAGAAGAAGATGTGCTGTG,0,sg9
GGGTGGGGGGAGTTTGCTCCTGG,GGGGTGGGGGAGCAGGCACCTGG,0,sg8
GGGTGGGGGGAGTTTGCTCCTGG,GGGTGGGGGCAGTTGGGTGCCTG,0,sg8
TGACATCAATTATTATACATCGG,TTTTGTCAATTATTATACATTGC,0,sg10
AAATGAGAAGAAGAGGCACAGGG,AAATGAGAAGATGAGGTGGAGTC,0,sg9
CCTGCCTCCGCTCTACTCACTGG,CCTGCCTCCCCTCAACTTACCAG,0,sg7
GGGTGGGGGGAGTTTGCTCCTGG,GGGTGGGGGTAAGTTGGCCCAGG,0,sg8
CCAGTGAGTAGAGCGGAGGCAGG,CCTCTGGCTGGGGCGGAGGCAGG,0,sg2
GGGTGGGGGGAGTTTGCTCCTGG,GGGTGGGGGTACTTGCCCCCAGG,0,sg8
CCAGTGAGTAGAGCGGAGGCAGG,CCAGTGAGTGGCCCAGAGCCTGG,0,sg2
AAATGAGAAGAAGAGGCACAGGG,AAATGAGAATACTTGGCACACAG,0,sg9
AAATGAGAAGAAGAGGCACAGGG,AAATGAGAAAATGAATCACAAAG,0,sg9
AAATGAGAAGAAGAGGCACAGGG,AAATGAGAACAAAAATGACATGG,0,sg9
GAATCCTAAAAACTCTGCTTCGG,AAATCCTAAAAACACTGGGTCTG,0,sg12
AAATGAGAAGAAGAGGCACAGGG,GAATTAAAAGAAGAGGCAAAGAT,0,sg9
GACACCGAAGCAGAGTTTTTAGG,GCCTCAGAAGCAGAGTCTTGAGC,0,sg11
GGTCCTGCCGCTGCTTGTCATGG,GGACCTGCCGCTGTTTGTCCATG,0,sg4
GGTCCTGCCGCTGCTTGTCATGG,GGGCCTGCCGCTGACTCTTGTGG,0,sg4
TGACATCAATTATTATACATCGG,TTACACCAATTATTATGAAATGG,0,sg10
GGGTGGGGGGAGTTTGCTCCTGG,GGGTGGGGGGAGCCTGCCCACGC,0,sg8
GGGTGGGGGGAGTTTGCTCCTGG,GGCTGGGGGGTGGGGGCACCTGG,0,sg8
CCTGCCTCCGCTCTACTCACTGG,CCTGCCTCCTCTGTTCTGACTCC,0,sg7
AAATGAGAAGAAGAGGCACAGGG,CAATGAGAAGAAAAGGGAATGGG,0,sg9
AACACCAGTGAGTAGAGCGGAGG,AACACCAGTCAGTGGATTTTAGG,0,sg1
TGACATCAATTATTATACATCGG,TAAAATCAATTATTATACTACTT,0,sg10
AAATGAGAAGAAGAGGCACAGGG,AAAAGAGAAGAAGAGAGGGAGAG,0,sg9
GACACCGAAGCAGAGTTTTTAGG,GACTCTGAAGCAGAGGATTCAGC,0,sg11
GACACCGAAGCAGAGTTTTTAGG,GGCCCCGTTGCAGAGTTTTGGGG,0,sg11
CTTGCCCCACAGGGCAGTAACGG,CATGGCCCACAGGGCCCTAACTG,0,sg3
TGACATCAATTATTATACATCGG,TGACATCAAATATTATTTTTCCC,0,sg10
CCAGTGAGTAGAGCGGAGGCAGG,GCAGTGAGTAGAAGCAAGGTAGG,0,sg2
AACACCAGTGAGTAGAGCGGAGG,AACAACAGTGAGTAGAGTTTATG,0,sg1
CTTGCCCCACAGGGCAGTAACGG,CTTGAACCACAGGGCAGTAACAT,0,sg3
GAATCCTAAAAACTCTGCTTCGG,GAATCCTAATAACTTTGATTCTA,0,sg12
AAATGAGAAGAAGAGGCACAGGG,ACATGAGGGGAAGAGGCAGAGTG,0,sg9
TGACATCAATTATTATACATCGG,TGACATCAAATACTATATCTCTC,0,sg10
AACACCAGTGAGTAGAGCGGAGG,AACTACACTGAGTAGAGCAGTTG,0,sg1
AAATGAGAAGAAGAGGCACAGGG,AGATGAGAAGAAGATATAAAAGG,0,sg9
CTTGCCCCACAGGGCAGTAACGG,CCTGCCCCACAGGGCAGTAGGTC,0,sg3
GGGTGGGGGGAGTTTGCTCCTGG,GGGTGGGGGGTACATGCTCTTAG,0,sg8
GAATCCTAAAAACTCTGCTTCGG,GAATTTGAAAAACTCTGCTCTGT,0,sg12
AACACCAGTGAGTAGAGCGGAGG,AACACCAGTGGTGAGAGCTGATG,0,sg1
AAATGAGAAGAAGAGGCACAGGG,TAATAAAAAGAAGAGGCATAGAC,0,sg9
AAATGAGAAGAAGAGGCACAGGG,AAAGGAGAAGAAGAGAGAAAAGC,0,sg9
TGACATCAATTATTATACATCGG,TGACATCAATTATAAGGAATCTA,0,sg10
ATGAACACCAGTGAGTAGAGCGG,ATAACCAAAAGTGAGTAGAGCCA,0,sg6
AAATGAGAAGAAGAGGCACAGGG,AAGTGTGATAAAGAGGCACAGAT,0,sg9
AAATGAGAAGAAGAGGCACAGGG,ATCAGTGAAAATGAGGCACAGGG,0,sg9
AAATGAGAAGAAGAGGCACAGGG,AAACTAGAAGAAGAGACAAAGAT,0,sg9
AAATGAGAAGAAGAGGCACAGGG,AAATGAGAATAAGAGAGATAGAA,0,sg9
GGGTGGGGGGAGTTTGCTCCTGG,GGGTGGGGGGGGTTTGGGTTTAG,0,sg8
AAATGAGAAGAAGAGGCACAGGG,GATGAAAAAGATGAGGCACAGGG,0,sg9
AAATGAGAAGAAGAGGCACAGGG,AGCTCTGCAGAAGAGGCAGAGGG,0,sg9
GGTCCTGCCGCTGCTTGTCATGG,GGTCCTGCCTCAACAAGTCTTGG,0,sg4
CCTGCCTCCGCTCTACTCACTGG,CCTGCCTCCCCTATATTCCCTAC,0,sg7
TGACATCAATTATTATACATCGG,TTATATTTATTATTATACATAGT,0,sg10
AAATGAGAAGAAGAGGCACAGGG,AAATGAGAAAAGCAGAAGCAGGG,0,sg9
AAATGAGAAGAAGAGGCACAGGG,AAACTATGAGAAGAGGCACAGAC,0,sg9
GAATCCTAAAAACTCTGCTTCGG,TCAGCCTAGAAACTCTGCTTAGA,0,sg12
AAATGAGAAGAAGAGGCACAGGG,AACTGAGAAGAAGTTGACCAAGG,0,sg9
CTTGCCCCACAGGGCAGTAACGG,CTTGCCCCAGAGAGCTGCATAGG,0,sg3
GAATCCTAAAAACTCTGCTTCGG,CCATCTTAAAAACTCAGACTCGG,0,sg12
CCTGCCTCCGCTCTACTCACTGG,CCTGCCTCCCCTCAAGTAGCTGG,0,sg7
GGGTGGGGGGAGTTTGCTCCTGG,GGGTGGGGGAAGTTTGGAAAGGG,0,sg8
AAATGAGAAGAAGAGGCACAGGG,GGATGAGAAGAAGGGTGGCAGGG,0,sg9
AAATGAGAAGAAGAGGCACAGGG,AGAGGGGAAGTAGAGGCACAGGT,0,sg9
AATGACCACTACATCCTCAAGGG,AATGAATACTATATCCTCAAGAG,0,sg5
AAATGAGAAGAAGAGGCACAGGG,AAATGAGAAGCAAAAGCACATCT,0,sg9
AAATGAGAAGAAGAGGCACAGGG,CAGTGAGAAGAATATTCACTGGG,0,sg9
GGGTGGGGGGAGTTTGCTCCTGG,GATGGGGGGGAGTTTCCTCTTTG,0,sg8
AAATGAGAAGAAGAGGCACAGGG,AAAGCAGAAGAAGAGACTGAGGT,0,sg9
AAATGAGAAGAAGAGGCACAGGG,AAAAGGGAAGAAGAGGAGAAGGT,0,sg9
AAATGAGAAGAAGAGGCACAGGG,AGAAGGGAAGCTGAGGCACAGAG,0,sg9
CTTGCCCCACAGGGCAGTAACGG,CATGCCCCACAGCGCTGCCACAG,0,sg3
AAATGAGAAGAAGAGGCACAGGG,AAATGAGAAAGAGAGAAACAGAC,0,sg9
GGGTGGGGGGAGTTTGCTCCTGG,ATCTGGGGTGATTTTGCTCCTGG,0,sg8
AAATGAGAAGAAGAGGCACAGGG,AAATGAGAAAAATAGGGACACAT,0,sg9
ATGAACACCAGTGAGTAGAGCGG,ATGAACACCAGTTAATAAAAGAG,0,sg6
CCAGTGAGTAGAGCGGAGGCAGG,CATGTGAGTAGAGAGGAGGAAGG,0,sg2
AATGACCACTACATCCTCAAGGG,AATGACCACTACTACCTCTCTTG,0,sg5
CCTGCCTCCGCTCTACTCACTGG,CAAGCCTCTGCTCTACTCAAACG,0,sg7
GGGTGGGGGGAGTTTGCTCCTGG,GGGTGGGGGGGGTTCTCTCTGGG,0,sg8
GAATCCTAAAAACTCTGCTTCGG,AAAAAATAAAAACTCTGATTTGG,0,sg12
AAATGAGAAGAAGAGGCACAGGG,AAAGAAGAAGAAGAGGAACAAGA,0,sg9
GACACCGAAGCAGAGTTTTTAGG,GCCTCAGAAGCAGAGCTGTTTGG,0,sg11
AAATGAGAAGAAGAGGCACAGGG,AATTGAAAAGAGGAGGCACAGGA,0,sg9
CCTGCCTCCGCTCTACTCACTGG,CCTGCCTCCCCTCACATCCCTGG,0,sg7
GGGTGGGGGGAGTTTGCTCCTGG,TTGGGGGAGGTGTTTGCTCCTGC,0,sg8
CCAGTGAGTAGAGCGGAGGCAGG,CCAGTGAGTAGAGTCGAGTCCAA,0,sg2
TGACATCAATTATTATACATCGG,TAACATCAATTATTATACTTCCT,0,sg10
AAATGAGAAGAAGAGGCACAGGG,AACAAACACGAAGAGGCATAGGG,0,sg9
AAATGAGAAGAAGAGGCACAGGG,AGAAGGGAAGTAGAGGCACAGTG,0,sg9
GAATCCTAAAAACTCTGCTTCGG,TAAGGCAAAAAACTCTGCTCTGG,0,sg12
GGGTGGGGGGAGTTTGCTCCTGG,GGGTGGGGGGACTTTCCAGCAGA,0,sg8
GACACCGAAGCAGAGTTTTTAGG,CAAACCGAAGCAGTGGTATTAGC,0,sg11
CCTGCCTCCGCTCTACTCACTGG,CCTGCCTCCTCCAGACTCATTTG,0,sg7
AAATGAGAAGAAGAGGCACAGGG,TCAAGAGAAGAAGAGGCAGCTGG,0,sg9
AAATGAGAAGAAGAGGCACAGGG,GAAGAAGAAGAAGAGAGAGAGGG,0,sg9
CCAGTGAGTAGAGCGGAGGCAGG,GGAGTGAGTAGAGGGGAGTGAGA,0,sg2
AACACCAGTGAGTAGAGCGGAGG,CAGTCAGGTGAGTAGAGCTGAGG,0,sg1
CCTGCCTCCGCTCTACTCACTGG,CATGCCTGGTCTCTACTCACTAG,0,sg7
CCTGCCTCCGCTCTACTCACTGG,TCTGCCTCCGCTCCACGTCCAGG,0,sg7
AATGACCACTACATCCTCAAGGG,TATTACCACTACATCAACAAACG,0,sg5
CCTGCCTCCGCTCTACTCACTGG,CCTGCCTCCTCTCTACCCCCAAC,0,sg7
TGACATCAATTATTATACATCGG,TAAAAGCTATTATTATACAGCTG,0,sg10
GGGTGGGGGGAGTTTGCTCCTGG,GGGTGGGGGCAGGTTGATACCTG,0,sg8
TGACATCAATTATTATACATCGG,TTTAATCATTTCTTATACATCTG,0,sg10
GGGTGGGGGGAGTTTGCTCCTGG,GGGGAGGGGAAGTTTGCTCCTGG,1,sg8
CTTGCCCCACAGGGCAGTAACGG,TCTGCCCCACAGGGAAATAAGGC,0,sg3
AACACCAGTGAGTAGAGCGGAGG,CACTGCAGTGAGTAGAGTATAGG,0,sg1
TGACATCAATTATTATACATCGG,TAACATTAATTATTATACTTGTC,0,sg10
AAATGAGAAGAAGAGGCACAGGG,CAGGGAGAAGAAGAGGCAAAAAG,0,sg9
CCAGTGAGTAGAGCGGAGGCAGG,CAAGTGAGTAGAACTCAGGCTGT,0,sg2
GACACCGAAGCAGAGTTTTTAGG,TACACTGAAGCAGAGACTTTAGA,0,sg11
GAATCCTAAAAACTCTGCTTCGG,GATTGATAAAAACTCTGTTTCCT,0,sg12
GGGTGGGGGGAGTTTGCTCCTGG,GGGTGGGGGGAGCTAGCCCTGGA,0,sg8
AAATGAGAAGAAGAGGCACAGGG,AAGTCATGAGAAGAGGCAAAGGA,0,sg9
GGGTGGGGGGAGTTTGCTCCTGG,GGGGGAGGGGAGTTTGCTCCTCC,0,sg8
GGTCCTGCCGCTGCTTGTCATGG,GGTCCTGCCTCTCCCTGAAATGG,0,sg4
GGTCCTGCCGCTGCTTGTCATGG,CATCCAGCTGCTGCTTGTCATTC,0,sg4
AAATGAGAAGAAGAGGCACAGGG,AAATGAGAAGAAAACACACAGCG,0,sg9
GAATCCTAAAAACTCTGCTTCGG,TGATGTTAAAAACTCTGCATGGG,0,sg12
GGGTGGGGGGAGTTTGCTCCTGG,GGTGGAGGGGAGTTTGCACATGG,0,sg8
CCTGCCTCCGCTCTACTCACTGG,CCTCCCTCCCACCTACTCACTCT,0,sg7
AATGACCACTACATCCTCAAGGG,CATGAGGGCTACATCCTCATGGT,0,sg5
AATGACCACTACATCCTCAAGGG,AGTGACCACTACAGCTCCCAGGG,0,sg5
AAATGAGAAGAAGAGGCACAGGG,ACCTTATAAGAAGAGGCAGAGCG,0,sg9
GGGTGGGGGGAGTTTGCTCCTGG,GGGTGGGGGACCCTTTCTCCTGG,0,sg8
GGGTGGGGGGAGTTTGCTCCTGG,TAGTGGGGATATTTTGCTCCTGG,0,sg8
TGACATCAATTATTATACATCGG,TCACATCAATTATGGAACATCCA,0,sg10
CCTGCCTCCGCTCTACTCACTGG,ATTCCCCCAGCCCTACTCACTGG,0,sg7
GGGTGGGGGGAGTTTGCTCCTGG,AGATGGGGTTCATTTGCTCCTGG,0,sg8
CCTGCCTCCGCTCTACTCACTGG,CCTGCCTCCACTCAAGTCAGTCA,0,sg7
GGTCCTGCCGCTGCTTGTCATGG,GGTCCTGCCTCTGGCATTCACGG,0,sg4
AAATGAGAAGAAGAGGCACAGGG,AAATGAGAAGACGAATACCATGG,0,sg9
AAATGAGAAGAAGAGGCACAGGG,AAAAATGAAGAAGAGCCACATAG,0,sg9
GACACCGAAGCAGAGTTTTTAGG,GACACCGAATCATGATTTTTAGA,0,sg11
CCAGTGAGTAGAGCGGAGGCAGG,CCAGTGAGTTGAAGAGAGGATGG,0,sg2
TGACATCAATTATTATACATCGG,GGAAGTCAATTATTATACATAAA,0,sg10
GACACCGAAGCAGAGTTTTTAGG,GACCCCAAGAGAGAGTTTTTAGA,0,sg11
AAATGAGAAGAAGAGGCACAGGG,ATCTGAGAAGAAGTGTTACAGGA,0,sg9
TGACATCAATTATTATACATCGG,GGTCATCAATTAATATTTATAGG,0,sg10
AACACCAGTGAGTAGAGCGGAGG,GATCCCAGTGAGTAGAAGTGAGG,0,sg1
GACACCGAAGCAGAGTTTTTAGG,AACTTAGAAGCAGAGCATTTAGG,0,sg11
GGGTGGGGGGAGTTTGCTCCTGG,GTTTGGTGTGAGTTTGCTCTTGC,0,sg8
TGACATCAATTATTATACATCGG,TAATTTTAAATATTATACATCAG,0,sg10
AAATGAGAAGAAGAGGCACAGGG,AAATGGGAAGAAGAGACACCAGA,0,sg9
CTTGCCCCACAGGGCAGTAACGG,CTAGCCCCACAGGGCAGCAGTGA,0,sg3
CCTGCCTCCGCTCTACTCACTGG,CCTGCCTCCAAGGTCCTCTCTGG,0,sg7
GAATCCTAAAAACTCTGCTTCGG,GACTCCTAAAAAGTCTCCTTTAA,0,sg12
AACACCAGTGAGTAGAGCGGAGG,TACATCAGTGAGTAGAGAGTAAG,0,sg1
GGGTGGGGGGAGTTTGCTCCTGG,GGGTGGGGGGAATGTGGGGATGG,0,sg8
GGGTGGGGGGAGTTTGCTCCTGG,GGGTGGGGGTGGTTTTCTTTTGC,0,sg8
AAATGAGAAGAAGAGGCACAGGG,AATGAGGAAGAAGAGGAACAGGA,0,sg9
TGACATCAATTATTATACATCGG,TGACATCAATAATTGTGATTCTG,0,sg10
GAATCCTAAAAACTCTGCTTCGG,AAACATTAAAAACTCTGCTTAAG,0,sg12
AAATGAGAAGAAGAGGCACAGGG,AAATGAGAAGTAGAGGCACAAAG,0,sg9
AAATGAGAAGAAGAGGCACAGGG,AAATGAGAAGACAAGGCAGGTGA,0,sg9
GGTCCTGCCGCTGCTTGTCATGG,GTTCAGGCGGCTGCTTGTCATAG,0,sg4
GACACCGAAGCAGAGTTTTTAGG,AACATTGAACTAGAGTTTTTAGA,0,sg11
GGTCCTGCCGCTGCTTGTCATGG,GTTGCTGGCTCTGCTTGTCATCA,0,sg4
AAATGAGAAGAAGAGGCACAGGG,AATAGAGAACCTGAGGCACAGAG,0,sg9
AATGACCACTACATCCTCAAGGG,ATTGATTCTTACATCCTCATGGG,0,sg5
AAATGAGAAGAAGAGGCACAGGG,GAAGGAGAAGAAGAGACCTAAGG,0,sg9
AATGACCACTACATCCTCAAGGG,AATGACCACTACTTCTTCACTAA,0,sg5
GACACCGAAGCAGAGTTTTTAGG,GATGTCTAAGAAGAGTTTTTATG,0,sg11
GGGTGGGGGGAGTTTGCTCCTGG,GACTGGTGGGATTTTGCTCCTGC,0,sg8
TGACATCAATTATTATACATCGG,TGAAAACCACTGTTATACATCAG,0,sg10
AAATGAGAAGAAGAGGCACAGGG,AAATGAGAAGAAAAAGCATCTGT,0,sg9
TGACATCAATTATTATACATCGG,TGCCATCAATTATGAGACATCCC,0,sg10
GGGTGGGGGGAGTTTGCTCCTGG,AGGTGTTTGGAGTTTGCTTCTTG,0,sg8
AAATGAGAAGAAGAGGCACAGGG,CCAAGGGATGAAGAGGCACAGTG,0,sg9
AAATGAGAAGAAGAGGCACAGGG,ATACTTGAATCAGAGGCACAGGG,0,sg9
AACACCAGTGAGTAGAGCGGAGG,GAAACAAGGGAGTAGAGCAGAAG,0,sg1
CCTGCCTCCGCTCTACTCACTGG,CCCTCATCTTCTCTACTCACTGG,0,sg7
AAATGAGAAGAAGAGGCACAGGG,AAATGAGAATAACAGTCACCTTG,0,sg9
AAATGAGAAGAAGAGGCACAGGG,CAGTAAGAGAAAGAGGCACAGAG,0,sg9
AAATGAGAAGAAGAGGCACAGGG,AAATGAGAACTAGTGACACTAGG,0,sg9
GGGTGGGGGGAGTTTGCTCCTGG,GGGTGGGGGAAGGTTGCTCCAGC,0,sg8
AAATGAGAAGAAGAGGCACAGGG,AAATAAGGAACCGAGGCACAGGG,0,sg9
GGGTGGGGGGAGTTTGCTCCTGG,GGGTGGGGGGAGGTTGCTCACTC,0,sg8
AAATGAGAAGAAGAGGCACAGGG,AGAAGTGAGGAAGAGGCAAAGAG,0,sg9
GGGTGGGGGGAGTTTGCTCCTGG,GGGTGGGGGGTGCTACTTCCTGA,0,sg8
GGTCCTGCCGCTGCTTGTCATGG,GGCCCTGCCGCTGATGGCACTGG,0,sg4
AAATGAGAAGAAGAGGCACAGGG,TCAGGAGAAGAAGAGTGACAGAG,0,sg9
GACACCGAAGCAGAGTTTTTAGG,TAGACAGAAGCAGAGTATTGAGT,0,sg11
TGACATCAATTATTATACATCGG,TGAGATTAATTATTATACCCAGA,0,sg10
AAATGAGAAGAAGAGGCACAGGG,TAATGAAAGGAAGAGGCACAGAA,0,sg9
CCAGTGAGTAGAGCGGAGGCAGG,GCACTTTGGAAAGCGGAGGCAGG,0,sg2
GGGTGGGGGGAGTTTGCTCCTGG,GGGAGGGTGAAGTTTGATCCTGT,0,sg8
TGACATCAATTATTATACATCGG,TATCAACAATTATTATAGATGGA,0,sg10
AAATGAGAAGAAGAGGCACAGGG,GAGTAAGAAAAGGAGGCACAGTG,0,sg9
GAATCCTAAAAACTCTGCTTCGG,GGATCCTAAAAACTCAAGTGTGG,0,sg12
GGGTGGGGGGAGTTTGCTCCTGG,GGTTGGCTGGAGTTTGCTGGAGG,0,sg8
GACACCGAAGCAGAGTTTTTAGG,GTCACTGCAGAGGAGTTTTTAGT,0,sg11
TGACATCAATTATTATACATCGG,AGACATCAATTATTCAACTTGGT,0,sg10
GGGTGGGGGGAGTTTGCTCCTGG,GGGTGGGGGAAGCTCGAGCATGG,0,sg8
AAATGAGAAGAAGAGGCACAGGG,AAATAAGAAGAAGAAGAAGAGCT,0,sg9
GACACCGAAGCAGAGTTTTTAGG,AACACTGAATGAGAGTTTTTATT,0,sg11
AAATGAGAAGAAGAGGCACAGGG,AAATGAGAAAGAAAGGAACAAAG,0,sg9
GAATCCTAAAAACTCTGCTTCGG,CAATCATAAAAACTCTGCTGGGA,0,sg12
TGACATCAATTATTATACATCGG,TGACATCAATAAGTTGACACTGG,0,sg10
GAATCCTAAAAACTCTGCTTCGG,TACTCCTAGTACCTCTGCTTCAG,0,sg12
AAATGAGAAGAAGAGGCACAGGG,GAAGGAGAAGAAGAGGGAAAAGA,0,sg9
GAATCCTAAAAACTCTGCTTCGG,TGTTCCTAAAAACTTTGCTTAGG,0,sg12
GGGTGGGGGGAGTTTGCTCCTGG,GGTGGAAGGCAGTTTGCTCCTAG,0,sg8
GAATCCTAAAAACTCTGCTTCGG,GAATCCTAAGAACTGAGCCCCAG,0,sg12
AATGACCACTACATCCTCAAGGG,AATGACCACTGACTTCTCAATAG,0,sg5
AAATGAGAAGAAGAGGCACAGGG,AAATGAGAACAAGTGGTATTTGG,0,sg9
AAATGAGAAGAAGAGGCACAGGG,AAATGAGAATAGGAGGGAGAAGA,0,sg9
GGGTGGGGGGAGTTTGCTCCTGG,GGGTGGGGGATGTGAGCTGCTGG,0,sg8
AAATGAGAAGAAGAGGCACAGGG,AGAGGAGTAGTTGAGGCACAGAG,0,sg9
AAATGAGAAGAAGAGGCACAGGG,TATGGAGAAAATGAGGCACAGGA,0,sg9
GAATCCTAAAAACTCTGCTTCGG,GATTATAAAAAACTCTGCTTCCA,0,sg12
AAATGAGAAGAAGAGGCACAGGG,AAATGAGAACTAGAGCCTCAGTG,0,sg9
AAATGAGAAGAAGAGGCACAGGG,AGAAGAAGAGAAGAGGCAAGGGG,0,sg9
GGGTGGGGGGAGTTTGCTCCTGG,TGGTGGGTGGGCTTTGCTCCTTA,0,sg8
AAATGAGAAGAAGAGGCACAGGG,AAAGAAGAAGAAGAGAAAGAGAG,0,sg9
AAATGAGAAGAAGAGGCACAGGG,AAATGAGAACAGTAGACACTGGG,0,sg9
AAATGAGAAGAAGAGGCACAGGG,AAAAGTGGAGAAGAGGCAAAATG,0,sg9
GGGTGGGGGGAGTTTGCTCCTGG,GGGTGGGGGTGGGGGGTTCCTGG,0,sg8
AAATGAGAAGAAGAGGCACAGGG,AGATTTGTTGCAGAGGCACAGGG,0,sg9
CCTGCCTCCGCTCTACTCACTGG,CCCCCAACCGCTCTACTCACGGC,0,sg7
AAATGAGAAGAAGAGGCACAGGG,AAAAAAGAAGAAGAGGAAGAGAT,0,sg9
CTTGCCCCACAGGGCAGTAACGG,CTACCCTCACAAGGCAGTAACAA,0,sg3
GACACCGAAGCAGAGTTTTTAGG,GAGTAGGAAGCAGAGTTTTCAGT,0,sg11
GGTCCTGCCGCTGCTTGTCATGG,GGTCCTGCCTCTGACACCCATGG,0,sg4
AAATGAGAAGAAGAGGCACAGGG,GAAGGTGCAGAAGAGGCACAGGT,0,sg9
AAATGAGAAGAAGAGGCACAGGG,TATTGGGAAGAAGAGACATAGGA,0,sg9
AATGACCACTACATCCTCAAGGG,AATGCTCAGTACATCCTCAATAT,0,sg5
AATGACCACTACATCCTCAAGGG,AAGAAGCACTACATCCTCAATGG,1,sg5
TGACATCAATTATTATACATCGG,TTAAATCAATTATTACAAATATG,0,sg10
GGTCCTGCCGCTGCTTGTCATGG,GCCACTGCCGCTGCTGGTCCAGG,0,sg4
CCAGTGAGTAGAGCGGAGGCAGG,GCAGTGAGTAGAGCTGTAACATG,0,sg2
GGGTGGGGGGAGTTTGCTCCTGG,GGGTGGGGGGCTTGTGCCTCTGC,0,sg8
AAATGAGAAGAAGAGGCACAGGG,AGGAGAGAAGAAGAGGCAGCTGG,0,sg9
AAATGAGAAGAAGAGGCACAGGG,AAATGAGAAGACATGGCAAAAGA,0,sg9
ATGAACACCAGTGAGTAGAGCGG,ATGATCACCAGTGAGGAATTCAG,0,sg6
GGGTGGGGGGAGTTTGCTCCTGG,GGGTGGGGGCAGTTTCTTTCCTG,0,sg8
AAATGAGAAGAAGAGGCACAGGG,CAATGAGAAGAAGAGGTCAGTGG,0,sg9
GGGTGGGGGGAGTTTGCTCCTGG,GGGTGGGGGCAGTTAGTGCCTGG,0,sg8
GGGTGGGGGGAGTTTGCTCCTGG,GGGTGGGGGGTGTTTTATTGTGG,0,sg8
AAATGAGAAGAAGAGGCACAGGG,GAATAGGAAGAAGAGGAAGAGGA,0,sg9
GACACCGAAGCAGAGTTTTTAGG,CACACTGAAGCAGAGTTTTGTGC,0,sg11
AAATGAGAAGAAGAGGCACAGGG,GAAGCAGCAGAAGAGGCAGAGGC,0,sg9
TGACATCAATTATTATACATCGG,TATCAACAATTATTATACAACAA,0,sg10
GGGTGGGGGGAGTTTGCTCCTGG,GGGTGGGGGGGGTTGGATGATGA,0,sg8
GGGTGGGGGGAGTTTGCTCCTGG,GGTGGGGGTCAGTTGGCTCCTTG,0,sg8
TGACATCAATTATTATACATCGG,TAAAATCAATTATTATCTATTGA,0,sg10
TGACATCAATTATTATACATCGG,TGAAATGAATTATTAAACATTGG,1,sg10
TGACATCAATTATTATACATCGG,TGAAAGCAATTATTATATAGCAG,0,sg10
AATGACCACTACATCCTCAAGGG,AATGACCACTGCCTCCTTAGTGA,0,sg5
TGACATCAATTATTATACATCGG,GAACATCAATTATTTTACTTCTT,0,sg10
TGACATCAATTATTATACATCGG,TGTCATCAATTATTATATCTGCA,0,sg10
AAATGAGAAGAAGAGGCACAGGG,AAAACAGAATTTGAGGCACAGAG,0,sg9
ATGAACACCAGTGAGTAGAGCGG,TTGGACACCTGTGAGTAGAGCCC,0,sg6
AAATGAGAAGAAGAGGCACAGGG,AAATGAGAAACTGAGGCACAAGG,0,sg9
CCTGCCTCCGCTCTACTCACTGG,CCTGCCTCCGCTCTCCTCCTTCA,0,sg7
AACACCAGTGAGTAGAGCGGAGG,AACACCAGTGTCTCGTGAGGAGG,0,sg1
AAATGAGAAGAAGAGGCACAGGG,AAAGGAAAAGAAGAGGCAAAGGT,0,sg9
TGACATCAATTATTATACATCGG,TGTAATCATTTATTATACATCCC,0,sg10
AAATGAGAAGAAGAGGCACAGGG,AAATGAGAAGCAGCTGCAGTAGG,0,sg9
AAATGAGAAGAAGAGGCACAGGG,AAATGAGAATACTAGGCTCAGAG,0,sg9
GAATCCTAAAAACTCTGCTTCGG,GAATCCTAAAAACTCCGTCACCC,0,sg12
AAATGAGAAGAAGAGGCACAGGG,AAAAAAGAAGAAGAGGCAAAAGA,0,sg9
CCAGTGAGTAGAGCGGAGGCAGG,ACAGTGAGTAGATCTGAGACACA,0,sg2
GGTCCTGCCGCTGCTTGTCATGG,GCTCCTTCGGCTGCTTGTATTGT,0,sg4
AAATGAGAAGAAGAGGCACAGGG,AATTTAGAAGAAGAGAGACAAGA,0,sg9
AAATGAGAAGAAGAGGCACAGGG,AAATGAGAAAAGAAGCCACAGAT,0,sg9
ATGAACACCAGTGAGTAGAGCGG,ATGAACACCAGGGAGCTGAGACT,0,sg6
AAATGAGAAGAAGAGGCACAGGG,AAATGAGAAGGAGGGCCTCACTG,0,sg9
GAATCCTAAAAACTCTGCTTCGG,GTATCCTAAAAAGTATGTGTTGG,0,sg12
AATGACCACTACATCCTCAAGGG,AGTGAAAGCTACATCCTCCAGAG,0,sg5
AAATGAGAAGAAGAGGCACAGGG,AAATTAGAAGAAGAGCAAAATGA,0,sg9
GGGTGGGGGGAGTTTGCTCCTGG,GGGTGGGGGAAGTAGGCTCCCGG,0,sg8
AAATGAGAAGAAGAGGCACAGGG,AATTGAGATGAAGAAGAAGAGGG,0,sg9
ATGAACACCAGTGAGTAGAGCGG,CTCTGCACCAGGGAGTAGAGCAG,0,sg6
AAATGAGAAGAAGAGGCACAGGG,TTATGAGAAATTGAGGCACAGAG,0,sg9
AAATGAGAAGAAGAGGCACAGGG,AAAAGAGAAGAAGAGTCATTGCC,0,sg9
TGACATCAATTATTATACATCGG,TGACATCAAATTTTAGACAGAGC,0,sg10
AAATGAGAAGAAGAGGCACAGGG,AAAAGAGAAGGTGAGGCACAGAA,0,sg9
GGGTGGGGGGAGTTTGCTCCTGG,AAGTGGGAAGTGTTTGCTCCTGG,0,sg8
GGTCCTGCCGCTGCTTGTCATGG,TGTCCTGCCGCTGCTTCTATTGC,0,sg4
GGGTGGGGGGAGTTTGCTCCTGG,GGGGGTGGGGAGTTTGGTTCTGG,0,sg8
TGACATCAATTATTATACATCGG,TAATATCAATTATTACCTATCTG,0,sg10
CTTGCCCCACAGGGCAGTAACGG,CGTGCGCCACAGGGCAGACACTG,0,sg3
AAATGAGAAGAAGAGGCACAGGG,AAATGAGAATAAGCTTCACAACG,0,sg9
AAATGAGAAGAAGAGGCACAGGG,AAATGTGAAGAAGAGAGACCAGC,0,sg9
CCAGTGAGTAGAGCGGAGGCAGG,TCTGTGAGTAGAGCTGAAGCAAG,0,sg2
TGACATCAATTATTATACATCGG,TAACATCAATTAGAATACTTCCC,0,sg10
GGTCCTGCCGCTGCTTGTCATGG,GGTCCTGCCCTTGCCTGAAATGC,0,sg4
GGTCCTGCCGCTGCTTGTCATGG,GGTGCTGATGCTGCTTGTCTGGG,0,sg4
AAATGAGAAGAAGAGGCACAGGG,AAAGAAGAAGAAGAGGCCAGGCG,0,sg9
GGGTGGGGGGAGTTTGCTCCTGG,GGGTGGGGGTAGTTACACCCTTG,0,sg8
AAATGAGAAGAAGAGGCACAGGG,AAAGAAGAAGAAGAGACAGACAG,0,sg9
AAATGAGAAGAAGAGGCACAGGG,AATTGAGAAGAACTACCTCAGGG,0,sg9
ATGAACACCAGTGAGTAGAGCGG,CTGAACATATGTGAGTAGAGCAC,0,sg6
GGGTGGGGGGAGTTTGCTCCTGG,AGGTCTGTGGAGTTTGCTGGTGG,0,sg8
AACACCAGTGAGTAGAGCGGAGG,CTCACCAGAGAGTAGAGCACAGT,0,sg1
GGTCCTGCCGCTGCTTGTCATGG,AGTACTGCTGCTGCTTGTAAATG,0,sg4
AAATGAGAAGAAGAGGCACAGGG,CTATGAGAAGAAGGACCACAGTG,0,sg9
AATGACCACTACATCCTCAAGGG,AATCTCTGCTTCATCCTCAAGGC,0,sg5
GGGTGGGGGGAGTTTGCTCCTGG,GGGTGGGGGGAGATGACAGTTGG,0,sg8
ATGAACACCAGTGAGTAGAGCGG,ACGAACACCAGTGAGGAACACAG,0,sg6
GGTCCTGCCGCTGCTTGTCATGG,GGGCCTGCCGCTGCATGTGAATG,0,sg4
CTTGCCCCACAGGGCAGTAACGG,GTTGCCCCACAGAGCACTAATAA,0,sg3
AATGACCACTACATCCTCAAGGG,AGTGAGTATTCTATCCTCAAGGG,0,sg5
GGTCCTGCCGCTGCTTGTCATGG,CTTTCTGCCGCTGCTCCTCGTGG,0,sg4
TGACATCAATTATTATACATCGG,GGAGATTGATTATTATACATTGT,0,sg10
AAATGAGAAGAAGAGGCACAGGG,AGCTAGGAGGATGAGGCACAGGG,0,sg9
CTTGCCCCACAGGGCAGTAACGG,CTTCACCAAAAGGGCAGTAACAT,0,sg3
TGACATCAATTATTATACATCGG,TCATTTCAATTATTATACATTTT,0,sg10
AAATGAGAAGAAGAGGCACAGGG,AAGAGAGAAGAAGAGGGGGAGGG,0,sg9
CCTGCCTCCGCTCTACTCACTGG,CATTCCTCAGATCTACTCACTCA,0,sg7
GGGTGGGGGGAGTTTGCTCCTGG,GGGTGGGGGGGGTGTGCCTTTGC,0,sg8
AAATGAGAAGAAGAGGCACAGGG,AAATGAGAAGCTGAGGGAGAGGG,0,sg9
GAATCCTAAAAACTCTGCTTCGG,GAACCCACAAAACTCTGCTTTTG,0,sg12
GAATCCTAAAAACTCTGCTTCGG,GAATCCTAAATAAAATGCTCAGG,0,sg12
AACACCAGTGAGTAGAGCGGAGG,TACACCAGTGAGAAAGGTTGAGG,0,sg1
AAATGAGAAGAAGAGGCACAGGG,AAATGAGAAGAAAAGATAATTGG,0,sg9
GAATCCTAAAAACTCTGCTTCGG,GAATCCTAAATTCCCAGTTTAGG,0,sg12
AAATGAGAAGAAGAGGCACAGGG,AGATGATGTGAAGAGGCACAAGG,0,sg9
TGACATCAATTATTATACATCGG,TGACATCAATTCTTTAACTTCCC,0,sg10
AATGACCACTACATCCTCAAGGG,AACGTCCCCTACATCCTCATTGA,0,sg5
GACACCGAAGCAGAGTTTTTAGG,TTTACCGAAGCACAGCTTTTAGT,0,sg11
AATGACCACTACATCCTCAAGGG,AAGCATCAATAAATCCTCAAGTG,0,sg5
TGACATCAATTATTATACATCGG,GGATATGCATTTTTATACATCTG,0,sg10
AAATGAGAAGAAGAGGCACAGGG,AAATGAGAAGAGGCTCAGCAGGG,0,sg9
AAATGAGAAGAAGAGGCACAGGG,AAGGCAGAAGAAGAGACTCAGGA,0,sg9
TGACATCAATTATTATACATCGG,TGACTTGTATAGTTATACATCTG,0,sg10
GGTCCTGCCGCTGCTTGTCATGG,GGTCCTGCCACTGCACTCCATGC,0,sg4
AAATGAGAAGAAGAGGCACAGGG,GGAAGAGAAGAAGAGGTGCAGGT,0,sg9
CTTGCCCCACAGGGCAGTAACGG,CCCTCCCCACAGGGCAGTCAGAG,0,sg3
AAATGAGAAGAAGAGGCACAGGG,CGGAGAGAGGAAGAGGCACAAGG,0,sg9
GGTCCTGCCGCTGCTTGTCATGG,ATTCCTGCCGCTCCTTGTCCAGA,0,sg4
GGGTGGGGGGAGTTTGCTCCTGG,GGTGGGGGTGAGTCTGCCCCTGC,0,sg8
CCAGTGAGTAGAGCGGAGGCAGG,GCAGTGAGTAGAGGCTAGGAATG,0,sg2
AAATGAGAAGAAGAGGCACAGGG,GCAGTAGAGGCAGAGGCACAGGG,0,sg9
CCTGCCTCCGCTCTACTCACTGG,TTTCCCTCCGTTCTACTCACTGG,0,sg7
CCAGTGAGTAGAGCGGAGGCAGG,CAACTGGGAAGAGCGGAGACAGA,0,sg2
AAATGAGAAGAAGAGGCACAGGG,AAATGAGAAGTAGAACTATATGG,0,sg9
CTTGCCCCACAGGGCAGTAACGG,CCAGCCCCACAGGCCACTCACGC,0,sg3
GAATCCTAAAAACTCTGCTTCGG,GAAAGCATGAAACTCTGCTTTGG,0,sg12
AAATGAGAAGAAGAGGCACAGGG,AAATGAGAAGTCAAGCCACAGAT,0,sg9
AAATGAGAAGAAGAGGCACAGGG,AAATGAGAAAAAAAATCACAGAA,0,sg9
GACACCGAAGCAGAGTTTTTAGG,GCCTGGGGAGCAGAGTTTTTAAG,0,sg11
GGGTGGGGGGAGTTTGCTCCTGG,GGGCTGGTGGAGTTTGCTGGAGG,0,sg8
GACACCGAAGCAGAGTTTTTAGG,AGCAGAGAAGCAGAGTTTTTATC,0,sg11
GGGTGGGGGGAGTTTGCTCCTGG,GGGTGGGGGGAGCTGGCTGCAAG,0,sg8
AAATGAGAAGAAGAGGCACAGGG,AAATGAGAAGGGCAGCCACAGAC,0,sg9
AAATGAGAAGAAGAGGCACAGGG,AAATGAGAAGTTGAGCCTCAGAC,0,sg9
ATGAACACCAGTGAGTAGAGCGG,AAAAATACCAGTGAGTAAAGGGA,0,sg6
CCAGTGAGTAGAGCGGAGGCAGG,CCAGTGAGTAAAGGGGAGGCTTT,0,sg2
TGACATCAATTATTATACATCGG,TGAATTCAATTATTAGCAATCGA,0,sg10
GGGTGGGGGGAGTTTGCTCCTGG,GGGTGGGGGGCATATACACATGG,0,sg8
AATGACCACTACATCCTCAAGGG,ATGGACCAGAGCATCCTCAAGGT,0,sg5
ATGAACACCAGTGAGTAGAGCGG,ATTAACACCAGTGGTTAAGGCTG,0,sg6
AAATGAGAAGAAGAGGCACAGGG,AGATCAGAAACTGAGGCACAGAG,0,sg9
ATGAACACCAGTGAGTAGAGCGG,ATGAAGACCATGGAGTAGAGCAG,0,sg6
GGGTGGGGGGAGTTTGCTCCTGG,GGGTGGGGGGAAGCTCCTCCTAG,0,sg8
GGGTGGGGGGAGTTTGCTCCTGG,TAGTGAGTGGAGTTTGCTTCTGC,0,sg8
CCAGTGAGTAGAGCGGAGGCAGG,GCCGTGAGTAGAGCGGTTGGGGG,0,sg2
AATGACCACTACATCCTCAAGGG,ACTTATCACTACATCCTCAATCT,0,sg5
AAATGAGAAGAAGAGGCACAGGG,CAATTGGAAGAAGAGGGTCAGGG,0,sg9
GGGTGGGGGGAGTTTGCTCCTGG,CCGTGGGGGGAGTTTACTGCCTG,0,sg8
GACACCGAAGCAGAGTTTTTAGG,AGTAAAGAAGCAGAGTTTTTATG,0,sg11
AAATGAGAAGAAGAGGCACAGGG,AAAGGTGAAGAAGAGCCAAAAGA,0,sg9
CTTGCCCCACAGGGCAGTAACGG,CTTGCCCCACTTGACAGTAAATA,0,sg3
AAATGAGAAGAAGAGGCACAGGG,CACAGAGACGCAGAGGCACAGAG,0,sg9
GGGTGGGGGGAGTTTGCTCCTGG,GGGTGGGGGGTGTTTGTTTTTTG,0,sg8
TGACATCAATTATTATACATCGG,TAACATGAATTATTATACATTAA,0,sg10
CCTGCCTCCGCTCTACTCACTGG,CCTGCCTCCGCTTTCCAAAGTGC,0,sg7
AAATGAGAAGAAGAGGCACAGGG,GACTGAGAAGAACAGTCAGAGAG,0,sg9
GGTCCTGCCGCTGCTTGTCATGG,GGTGCTGCCGCTGCTGCTCCTGG,0,sg4
AAATGAGAAGAAGAGGCACAGGG,AAATGAGAAAGTGAGACACAGAG,0,sg9
AAATGAGAAGAAGAGGCACAGGG,AGAAGAGAAGAAGAAGAAGAAGG,0,sg9
GACACCGAAGCAGAGTTTTTAGG,ATGAAGGAAGTAGAGTTTTTAGG,0,sg11
GAATCCTAAAAACTCTGCTTCGG,TAGTCCTAAAAAGTCTCATTTGG,0,sg12
GGTCCTGCCGCTGCTTGTCATGG,GGTCCTGCCTTGCCTTGTCACGC,0,sg4
CTTGCCCCACAGGGCAGTAACGG,CTTGCCCCATAGGACATTAAGGC,0,sg3
AAATGAGAAGAAGAGGCACAGGG,AATCTGGAAGAAGAGGCACAGAA,0,sg9
AAATGAGAAGAAGAGGCACAGGG,GATTGGGAATATGAGGCACAGAG,0,sg9
CTTGCCCCACAGGGCAGTAACGG,CTTGCCCCACAGGGGAAGACAGC,0,sg3
CCTGCCTCCGCTCTACTCACTGG,CTTCCCTTGCCTCTACTCACTGA,0,sg7
AAATGAGAAGAAGAGGCACAGGG,AAATGAGAAGCAAAGGGACTATG,0,sg9
GAATCCTAAAAACTCTGCTTCGG,AAATTTTAAAAACTCTGCTTGTA,0,sg12
AAATGAGAAGAAGAGGCACAGGG,AAATGAGAAGATAAGCCACAGGT,0,sg9
AACACCAGTGAGTAGAGCGGAGG,GCCACCAGTGAGCGGAGGAGAGG,0,sg1
GGGTGGGGGGAGTTTGCTCCTGG,GGGTGGGGGTGCTTCTCCCCTGG,0,sg8
AAATGAGAAGAAGAGGCACAGGG,CAATGAGAAGAAAAAGCTAAGGT,0,sg9
TGACATCAATTATTATACATCGG,TGCCATCAATTATAACACACCAT,0,sg10
AAATGAGAAGAAGAGGCACAGGG,AAATGAGAAAAAGAAGTCCGAGG,0,sg9
AAATGAGAAGAAGAGGCACAGGG,GAAGGCCAAGGAGAGGCACAGGA,0,sg9
CCAGTGAGTAGAGCGGAGGCAGG,CCAGTGAGTTGAACGGAGCTGGC,0,sg2
AATGACCACTACATCCTCAAGGG,AATAAACTCTACATCCTCAAAAT,0,sg5
CCTGCCTCCGCTCTACTCACTGG,CCAAGTTCTGTTCTACTCACTGG,0,sg7
GGGTGGGGGGAGTTTGCTCCTGG,GGGGTGGGGGGGTTGGCCGCTGG,0,sg8
ATGAACACCAGTGAGTAGAGCGG,CTGGTGCCCAGTGAGTAGAGCAG,0,sg6
GGGTGGGGGGAGTTTGCTCCTGG,GGGTGGGGGTAGGCAGCTCAGGG,0,sg8
AAATGAGAAGAAGAGGCACAGGG,AGCAGAGTAGAAGAGGCACTGTG,0,sg9
AAATGAGAAGAAGAGGCACAGGG,AAATGAGAAGACAAGGCTAAGAG,0,sg9
TGACATCAATTATTATACATCGG,TGAAATTAACTATTATACATCCT,0,sg10
AATGACCACTACATCCTCAAGGG,AGTGAGGACTACATCCTCTAGAG,0,sg5
AACACCAGTGAGTAGAGCGGAGG,AGCACCAGTGAGCAGTGTGGGGA,0,sg1
ATGAACACCAGTGAGTAGAGCGG,ATGAACACCAGAGAGGGGACTGA,0,sg6
GAATCCTAAAAACTCTGCTTCGG,GAATCCTAAAAACTCAACCTCCG,0,sg12
AAATGAGAAGAAGAGGCACAGGG,AAAAGAGAAGAAATGGAACTGAG,0,sg9
AAATGAGAAGAAGAGGCACAGGG,AAATGAGAAGGGGCGAGAGAGGG,0,sg9
CCTGCCTCCGCTCTACTCACTGG,CATGCCTGGGCTCTACTCACTAG,0,sg7
GACACCGAAGCAGAGTTTTTAGG,GAAACAACAGCAGAGTTTTTGTG,0,sg11
AAATGAGAAGAAGAGGCACAGGG,AAATGAGAAATAGCATCACAGAG,0,sg9
AAATGAGAAGAAGAGGCACAGGG,TAATAAGAAGAAGAGGATGAGTG,0,sg9
CTTGCCCCACAGGGCAGTAACGG,CTGGCCCCACAGGGAATAGATGG,0,sg3
GGGTGGGGGGAGTTTGCTCCTGG,GGGTCCGGGGAGTTTGTACCCAG,0,sg8
GGGTGGGGGGAGTTTGCTCCTGG,GGGTGGGGGGAGTTTGCCCCAGG,1,sg8
TGACATCAATTATTATACATCGG,CTACATCAATTATGTTACATCTA,0,sg10
AAATGAGAAGAAGAGGCACAGGG,AAATGAGAAAAACAGGAACAAAT,0,sg9
AAATGAGAAGAAGAGGCACAGGG,AAATGAGAAGACCCGGCATGGTG,0,sg9
AAATGAGAAGAAGAGGCACAGGG,AAAATAGAAGAAGAGGTAAAGAG,0,sg9
CTTGCCCCACAGGGCAGTAACGG,ATTGTGACACAGGGCAGTTACTG,0,sg3
GGGTGGGGGGAGTTTGCTCCTGG,GGGTGGGGGGAGGAAACACATGG,0,sg8
AAATGAGAAGAAGAGGCACAGGG,AAATGAGAAGCTGAAGCTCCGAG,0,sg9
TGACATCAATTATTATACATCGG,GGAAATTAATTTTTATACATCCT,0,sg10
GACACCGAAGCAGAGTTTTTAGG,CAGTGGGAAGCAGAGTTGTTAGG,0,sg11
GAATCCTAAAAACTCTGCTTCGG,CTCTCCTAACAACTCTGCTTCCC,0,sg12
CCTGCCTCCGCTCTACTCACTGG,CCTGCCTCCACCCTCCTCCCGCG,0,sg7
AATGACCACTACATCCTCAAGGG,ATTGAACATTACATCCTCTACTG,0,sg5
AAATGAGAAGAAGAGGCACAGGG,AGAAGAATAGAAGAGGCATGGGG,0,sg9
GAATCCTAAAAACTCTGCTTCGG,CAATCTTCCAAACTCTGCCTCGG,0,sg12
AAATGAGAAGAAGAGGCACAGGG,AATGGCCAAGAAGAGGCAAAGAG,0,sg9
CTTGCCCCACAGGGCAGTAACGG,CTTGCCCCACCGAGAAGTCAGGC,0,sg3
AAATGAGAAGAAGAGGCACAGGG,CACAGAGATGGAGAGGCACAGGG,0,sg9
CCTGCCTCCGCTCTACTCACTGG,CCTGCCTCCCACCTCCTCCCTAG,0,sg7
GGGTGGGGGGAGTTTGCTCCTGG,TGGTGGGGGGAGTTTACCATTGA,0,sg8
AACACCAGTGAGTAGAGCGGAGG,AAAATCAGTGAGTAGCATAGAGG,0,sg1
GGGTGGGGGGAGTTTGCTCCTGG,GGGTGGGGGGACTTTGTCCCTCT,0,sg8
TGACATCAATTATTATACATCGG,TGACATCAATTAGCAGGCAGGGG,0,sg10
AACACCAGTGAGTAGAGCGGAGG,AACACCAGTGAATTGATCACAGT,0,sg1
ATGAACACCAGTGAGTAGAGCGG,CTCAACACCAGTGGGAAGAGCAA,0,sg6
AAATGAGAAGAAGAGGCACAGGG,AGATGAGAAGAAGATGGAGAGAG,0,sg9
GAATCCTAAAAACTCTGCTTCGG,GAATCCTAATATAACTGCTCAGG,0,sg12
GACACCGAAGCAGAGTTTTTAGG,GATACTGGAGCAGAGTTTTGATC,0,sg11
GAATCCTAAAAACTCTGCTTCGG,GAATCCTAACTTCTCTGCTTTCT,0,sg12
CTTGCCCCACAGGGCAGTAACGG,CATTTGCCACAGGGCATTAAGGG,0,sg3
GACACCGAAGCAGAGTTTTTAGG,GACACCGAAGCTAAGGTTTAAAG,0,sg11
CCTGCCTCCGCTCTACTCACTGG,CCTGCCTCCTCCCTTCTCTCTGG,0,sg7
GGTCCTGCCGCTGCTTGTCATGG,AGTCCTGCCGCTGCCTTCCCCGG,0,sg4
CCTGCCTCCGCTCTACTCACTGG,CCTGCCTCCCCCTTCCTCCCTGC,0,sg7
GACACCGAAGCAGAGTTTTTAGG,GGCTTGGAAGCAGAGTTTTTAGG,0,sg11
AACACCAGTGAGTAGAGCGGAGG,AAGTGCAGTGAGTAGAGAGGATT,0,sg1
CCTGCCTCCGCTCTACTCACTGG,CCTGCCTCCTCTCTCTGCACAGA,0,sg7
GACACCGAAGCAGAGTTTTTAGG,GACTCAGAAGCAGAGATTTCATA,0,sg11
GAATCCTAAAAACTCTGCTTCGG,TAATCTTCAAAGCTCTGCTTCTT,0,sg12
AATGACCACTACATCCTCAAGGG,ATTGCCCGCACCATCCTCAAGGC,0,sg5
GAATCCTAAAAACTCTGCTTCGG,GAACTTTAAAAACTCTGTTTTAG,0,sg12
AACACCAGTGAGTAGAGCGGAGG,ACATCCAGTGAGTAGAGGTTAGG,0,sg1
GAATCCTAAAAACTCTGCTTCGG,AGACCATAAAAACTCTGCCTCAG,0,sg12
TGACATCAATTATTATACATCGG,TGACATCAATTATTCAAACTCCA,0,sg10
AAATGAGAAGAAGAGGCACAGGG,AAATAAGAAGAAGAAGAAGAAGA,0,sg9
AAATGAGAAGAAGAGGCACAGGG,AAATGAGAAGAGCAGGGTATGGG,0,sg9
GAATCCTAAAAACTCTGCTTCGG,CTGTACTATAAACTCTGCTTCAG,0,sg12
GAATCCTAAAAACTCTGCTTCGG,GAAACCACTAAACTCTGCTTCTG,0,sg12
CCTGCCTCCGCTCTACTCACTGG,CCTGCCTCCGATGCCCGTACTGG,0,sg7
AAATGAGAAGAAGAGGCACAGGG,AAATGAGAAGAGTAGAAACAGCA,0,sg9
CTTGCCCCACAGGGCAGTAACGG,CTCGCCCCTCAGGGCAGTAGTGG,0,sg3
AAATGAGAAGAAGAGGCACAGGG,GAGTGAAAGGAAGAGGCAGTGGG,0,sg9
GGGTGGGGGGAGTTTGCTCCTGG,GGGGTGGGGGCGTTGGATGCTGG,0,sg8
GGGTGGGGGGAGTTTGCTCCTGG,GGGGGCGGGGAGTTTGGGGCTGA,0,sg8
GGGTGGGGGGAGTTTGCTCCTGG,GGGTGGGGGGCTTCAGCTCAAGG,0,sg8
AAATGAGAAGAAGAGGCACAGGG,AAATGAGAATAATATGGAAAGAG,0,sg9
GGGTGGGGGGAGTTTGCTCCTGG,GATTGGAGGCATTTTGCTCCTGC,0,sg8
GGGTGGGGGGAGTTTGCTCCTGG,AAGTGAGTGGAGTTTGCTCCTAC,0,sg8
AAATGAGAAGAAGAGGCACAGGG,ACTTTAGAAAAAGAGGCACAGGC,0,sg9
AAATGAGAAGAAGAGGCACAGGG,GAAGAAGAAGAAGAGGAAAAGGG,0,sg9
AAATGAGAAGAAGAGGCACAGGG,AAATGAGAAGCAGAGGAAAAGTT,0,sg9
AAATGAGAAGAAGAGGCACAGGG,AAAATAGAAGAAGAGGGAGAAAG,0,sg9
TGACATCAATTATTATACATCGG,TGACATCAAATATCCTAGAAGGG,0,sg10
GGGTGGGGGGAGTTTGCTCCTGG,TGGTGGGGGGAGCTTTCTTTTGT,0,sg8
GAATCCTAAAAACTCTGCTTCGG,ACATCTGAAAAACTCTGCTACGA,0,sg12
GAATCCTAAAAACTCTGCTTCGG,GAATCCTAAAAACTCTTCCAAAA,0,sg12
CCTGCCTCCGCTCTACTCACTGG,CCTGCCTCCTCCCAAATCAGTGG,0,sg7
CCAGTGAGTAGAGCGGAGGCAGG,GTAGTGAGTAGAGCACAGGCTGT,0,sg2
CCTGCCTCCGCTCTACTCACTGG,AATGCCTCTGCTCTACTCATTTT,0,sg7
AAATGAGAAGAAGAGGCACAGGG,AAAAGATCACTAGAGGCACAGAG,0,sg9
TGACATCAATTATTATACATCGG,TGACATCAAATATGATATTTTGC,0,sg10
AATGACCACTACATCCTCAAGGG,AATGACCACTACCTATTCCTTGG,0,sg5
TGACATCAATTATTATACATCGG,AAACAGCAATTATTATATATCTA,0,sg10
CCAGTGAGTAGAGCGGAGGCAGG,CCAGTGAGTCCTGGGGAAGTAGG,0,sg2
CCTGCCTCCGCTCTACTCACTGG,CCTGCCTCCGAGCCCCTCACTAT,0,sg7
CCAGTGAGTAGAGCGGAGGCAGG,CCTGTGAGTAGAGAACAAGCACG,0,sg2
CCTGCCTCCGCTCTACTCACTGG,CCTGCCTCCTCTCAACACAAAGC,0,sg7
AAATGAGAAGAAGAGGCACAGGG,AAATGAGAACCAGCTGCACACGG,0,sg9
CTTGCCCCACAGGGCAGTAACGG,CCTGCCCCACAGGGAGGTGGCTG,0,sg3
GAATCCTAAAAACTCTGCTTCGG,GACTCATAAAAACTCTGCATTTC,0,sg12
AATGACCACTACATCCTCAAGGG,AAATACAACTACATCCTCCACAG,0,sg5
TGACATCAATTATTATACATCGG,TGACTTCAATTATTATTATTTGT,0,sg10
AAATGAGAAGAAGAGGCACAGGG,AAATGAGAAGAATGGAAATAGGC,0,sg9
AAATGAGAAGAAGAGGCACAGGG,AAATGAGAAGAAAAGCCATAGGC,0,sg9
CCTGCCTCCGCTCTACTCACTGG,CCTGCCTCCTCTTTAGTACCTGA,0,sg7
CCTGCCTCCGCTCTACTCACTGG,CCTGCCTCCTCTCTACTCTCCAC,0,sg7
GGGTGGGGGGAGTTTGCTCCTGG,GGGTGGGGGGAGCTTGGAGCTGT,0,sg8
CTTGCCCCACAGGGCAGTAACGG,AGTGCCCCACAGGGGAGAAATGG,0,sg3
AAATGAGAAGAAGAGGCACAGGG,AAAGGAGAAGAAGAGAGCCAAGA,0,sg9
GACACCGAAGCAGAGTTTTTAGG,GACCCTGAAGCAGAGGCTCTGGG,0,sg11
AAATGAGAAGAAGAGGCACAGGG,AAAAAAAAAGAAGAGGCAGAGAG,0,sg9
TGACATCAATTATTATACATCGG,TGAAAACAATTATTAAACCTCCT,0,sg10
TGACATCAATTATTATACATCGG,ATATATCAATTATTATATATTGT,0,sg10
AAATGAGAAGAAGAGGCACAGGG,TATTGAGAAGAAGAGAAAGAAGG,0,sg9
TGACATCAATTATTATACATCGG,TGACATCAATGACTAAACTTTTG,0,sg10
AAATGAGAAGAAGAGGCACAGGG,AACTACGGGGAAGAGGCACAGGG,0,sg9
CCTGCCTCCGCTCTACTCACTGG,CTTACCTGGGATCTACTCACTGC,0,sg7
AAATGAGAAGAAGAGGCACAGGG,AAATGAGAATAATAGTAATAGTG,0,sg9
AAATGAGAAGAAGAGGCACAGGG,AAATAGAATGAAGAGGCAGAGGA,0,sg9
AAATGAGAAGAAGAGGCACAGGG,AAAGAGGAAGAAGAGGCGGAGGA,0,sg9
AAATGAGAAGAAGAGGCACAGGG,GCATGAGAAGAACATGCTCTGGG,0,sg9
CCTGCCTCCGCTCTACTCACTGG,CCTGCCTCCCCTCACCTCACCCC,0,sg7
GGGTGGGGGGAGTTTGCTCCTGG,GTGTGTGGGGAGTTTGCTTTTAG,0,sg8
GGGTGGGGGGAGTTTGCTCCTGG,CAGTGGCCCGGGTTTGCTCCTGG,0,sg8
TGACATCAATTATTATACATCGG,TTATAACAATTATTATAAAGAGG,0,sg10
TGACATCAATTATTATACATCGG,TTAAAAAAATTATTATACATCTA,0,sg10
AAATGAGAAGAAGAGGCACAGGG,CAGAGAGAAGAAGAAGAAGAGGG,0,sg9
GGGTGGGGGGAGTTTGCTCCTGG,GGGTGGGGGGAGATTGGGCTTGA,0,sg8
GGGTGGGGGGAGTTTGCTCCTGG,GGGGGGGGGGTGTGTCCTGCTAG,0,sg8
GGTCCTGCCGCTGCTTGTCATGG,GGTCCTGCCTGTGCTTCACAAGC,0,sg4
AAATGAGAAGAAGAGGCACAGGG,AAATGAGAAGAGAACGTACTGGC,0,sg9
AAATGAGAAGAAGAGGCACAGGG,GCAGGAGGAGAAGAGGCAGAGGG,0,sg9
TGACATCAATTATTATACATCGG,TGAACTTTATTATTATACATTAG,0,sg10
AAATGAGAAGAAGAGGCACAGGG,AAAGCAGAAGAAGAGAACCAGGC,0,sg9
AAATGAGAAGAAGAGGCACAGGG,AGAAGAGAAGAAGGGGGATAGGC,0,sg9
TGACATCAATTATTATACATCGG,TGTTAAAAATTATTATACATCTA,0,sg10
TGACATCAATTATTATACATCGG,TACCATGAAATATTATACATCAC,0,sg10
GAATCCTAAAAACTCTGCTTCGG,GTAGCATGAAAACTCTGCCTGGG,0,sg12
GAATCCTAAAAACTCTGCTTCGG,GAATGTGACAAACTCTGCTCCTG,0,sg12
TGACATCAATTATTATACATCGG,AGACATCAATTAATATAAGTAAG,0,sg10
AACACCAGTGAGTAGAGCGGAGG,AACACCAGTGCCTGAGGCTGAGG,0,sg1
AAATGAGAAGAAGAGGCACAGGG,TATTTGGATGAAGAGGCACAGAG,0,sg9
AACACCAGTGAGTAGAGCGGAGG,AAAACTAGTGAGTAGAGAGTGGG,0,sg1
GACACCGAAGCAGAGTTTTTAGG,AACACGTTGGCAGAGTTTTTTGG,0,sg11
TGACATCAATTATTATACATCGG,TAACATCAATTATTTTCCATATT,0,sg10
AACACCAGTGAGTAGAGCGGAGG,AACACCAGTGCCTAGAGCCAGGT,0,sg1
CTTGCCCCACAGGGCAGTAACGG,CCTACCCCCCAGGGCAGTAATTC,0,sg3
GAATCCTAAAAACTCTGCTTCGG,AAATCCTAAAAAAACTAATTCTG,0,sg12
GAATCCTAAAAACTCTGCTTCGG,GAAAACTAAAAACTCTTCTACTC,0,sg12
GGGTGGGGGGAGTTTGCTCCTGG,GGGTGGGGGTAGTATCCTCTTTC,0,sg8
AAATGAGAAGAAGAGGCACAGGG,AAATGAGAAAACCAGACACTGTG,0,sg9
GAATCCTAAAAACTCTGCTTCGG,AAAACATAAAAACTCTGCCTCCT,0,sg12
GAATCCTAAAAACTCTGCTTCGG,ATATTCTAAAAACTCTGCATCAC,0,sg12
AAATGAGAAGAAGAGGCACAGGG,AGATGAGAAGAAGAATCCCTGGC,0,sg9
GGTCCTGCCGCTGCTTGTCATGG,GGTGCTGCCGCTGCTCCTCTGTG,0,sg4
ATGAACACCAGTGAGTAGAGCGG,ATGAAGAAAAATGAGTAGAGCCC,0,sg6
TGACATCAATTATTATACATCGG,TGTCATTGACTTTTATACATCGT,0,sg10
AACACCAGTGAGTAGAGCGGAGG,AACACCAGTGAGTACAGTTGTCT,0,sg1
CTTGCCCCACAGGGCAGTAACGG,CACACCCCACAGGGCAGTCAAAG,0,sg3
CTTGCCCCACAGGGCAGTAACGG,CTCCGCCCACAGGGCAGAATCTG,0,sg3
GGTCCTGCCGCTGCTTGTCATGG,GCTCCTGCCGCTGCTGCTGCTCG,0,sg4
GGGTGGGGGGAGTTTGCTCCTGG,GGGTGGGGGCAGTGGGTCACTGG,0,sg8
GGGTGGGGGGAGTTTGCTCCTGG,TGGTGGTGGTGGTTTGCTCCTCA,0,sg8
GGGTGGGGGGAGTTTGCTCCTGG,GGGTGGGGGGCTGTTGGTGCGGG,0,sg8
GGGTGGGGGGAGTTTGCTCCTGG,CGGGTGGGGGGGTTTGCTGCTTG,0,sg8
GGGTGGGGGGAGTTTGCTCCTGG,GGGTGGGGGGGGTCTCCTCACCG,0,sg8
AAATGAGAAGAAGAGGCACAGGG,ACATGAGAAGAAGAGAAAGAAGA,0,sg9
AATGACCACTACATCCTCAAGGG,AATGTATACTACATCCTCACTGA,0,sg5
CTTGCCCCACAGGGCAGTAACGG,TTTTCCCAACAGGGCAGTGAGGC,0,sg3
GGGTGGGGGGAGTTTGCTCCTGG,GGGTGGGGGGTGCTTGCCCCACA,0,sg8
CCAGTGAGTAGAGCGGAGGCAGG,GTGGTGAGGACAGCGGAGGCAGA,0,sg2
AATGACCACTACATCCTCAAGGG,ACTTAACACAATATCCTCAAGGT,0,sg5
AAATGAGAAGAAGAGGCACAGGG,AGATGAGAAACTGAGGCACAGAT,0,sg9
CCAGTGAGTAGAGCGGAGGCAGG,CCAGTGAGTAAACTGAAGGCAGG,0,sg2
GGGTGGGGGGAGTTTGCTCCTGG,GTCTGGTGGCATTTTGCTCCTGC,0,sg8
AAATGAGAAGAAGAGGCACAGGG,ATGTGAGAAGAAGAGGGAAATGG,0,sg9
TGACATCAATTATTATACATCGG,TCACATCAGTTATTATACATTCC,0,sg10
GGGTGGGGGGAGTTTGCTCCTGG,CTCTGGGGTTTGTTTGCTCCTGG,0,sg8
GACACCGAAGCAGAGTTTTTAGG,GAAACAGAAGCAGAGTTGTGATG,0,sg11
CTTGCCCCACAGGGCAGTAACGG,CCTGGCCCGCAGGGCAGTGAGAG,0,sg3
GAATCCTAAAAACTCTGCTTCGG,GAATCCTAATAAATTTGATTATG,0,sg12
AAATGAGAAGAAGAGGCACAGGG,AATAGAGACGAAGAGGCAAAATG,0,sg9
AAATGAGAAGAAGAGGCACAGGG,GAATGAGGAATTGAGGCACAGAG,0,sg9
AATGACCACTACATCCTCAAGGG,GATGCCATCTACATCCTCATGGA,0,sg5
AAATGAGAAGAAGAGGCACAGGG,AAATGAGAAGAAAAAAAACAAGG,0,sg9
GGGTGGGGGGAGTTTGCTCCTGG,GGTTGGGGGGACTTTGCTCCTGT,0,sg8
AAATGAGAAGAAGAGGCACAGGG,AAGTGAGAAGAAAACCCACAGAA,0,sg9
TGACATCAATTATTATACATCGG,TGACATCAAATATAATAAATGAC,0,sg10
AAATGAGAAGAAGAGGCACAGGG,AAATGAGAAAAAGTGGGGCAAAG,0,sg9
AAATGAGAAGAAGAGGCACAGGG,TAAGAAAAAGAAGAGGCAAAAGG,0,sg9
CTTGCCCCACAGGGCAGTAACGG,CTTGCCCCACAGTGAAATTAATG,0,sg3
TGACATCAATTATTATACATCGG,TGATATCACTTATTATACATTAA,0,sg10
AACACCAGTGAGTAGAGCGGAGG,ACTACCAGTGAGTATGGCGCATG,0,sg1
GAATCCTAAAAACTCTGCTTCGG,CATTCCTCTAAGCTCTGCTTCTG,0,sg12
AACACCAGTGAGTAGAGCGGAGG,CACACCAGTGAGGACACGGGATG,0,sg1
ATGAACACCAGTGAGTAGAGCGG,CTCAACACCAGTGAGATGAGAGG,0,sg6
GACACCGAAGCAGAGTTTTTAGG,GCCTAGGAAGCAGAGGTTTTAGT,0,sg11
AAATGAGAAGAAGAGGCACAGGG,TAATGGCAGGAAGAGGCACAGGA,0,sg9
GGGTGGGGGGAGTTTGCTCCTGG,GGGTGGGGGAGCCTGGCCCCTGG,0,sg8
AAATGAGAAGAAGAGGCACAGGG,AAATGAGAAACTAAGGCACAGAG,0,sg9
AAATGAGAAGAAGAGGCACAGGG,AAATGAGAAAAAGAGATGCAGGC,0,sg9
TGACATCAATTATTATACATCGG,TGACATCAATCATTTTGCACTGT,0,sg10
GAATCCTAAAAACTCTGCTTCGG,GAATCCTAAAAAGTGTGATGGAG,0,sg12
AAATGAGAAGAAGAGGCACAGGG,AGAAGAAGAGAAGAAACACAGGG,0,sg9
GGGTGGGGGGAGTTTGCTCCTGG,GGGTGGGGGCGGCGCGCTCCCGG,0,sg8
CCTGCCTCCGCTCTACTCACTGG,CCTGCCTCCAGTCACCTCCCTGA,0,sg7
AAATGAGAAGAAGAGGCACAGGG,TGAGGAGAAGAAGAGAAATAGGG,0,sg9
GAATCCTAAAAACTCTGCTTCGG,GAATCCTAAAATGTCTGTATCAT,0,sg12
ATGAACACCAGTGAGTAGAGCGG,ATGAACACCAGGGAACAGAGTGA,0,sg6
TGACATCAATTATTATACATCGG,CAACATCATTTATTATACAGGGA,0,sg10
GGGTGGGGGGAGTTTGCTCCTGG,GGGTGGGGGGAGTAATCTGCTTA,0,sg8
ATGAACACCAGTGAGTAGAGCGG,GAGAACACCAGTGACTACAAAGG,0,sg6
AAATGAGAAGAAGAGGCACAGGG,GAATGTGGTGAAGAGGCAGTGGG,0,sg9
AATGACCACTACATCCTCAAGGG,TCTGTCCATTCTATCCTCAAGGG,0,sg5
CCTGCCTCCGCTCTACTCACTGG,CATGCCTCCGCTGATCTCACAGG,0,sg7
GGGTGGGGGGAGTTTGCTCCTGG,GGGGTGGGGGAGTCAGGTCATGG,0,sg8
GAATCCTAAAAACTCTGCTTCGG,TAAGCATAAAAACTCTCCTTCAA,0,sg12
CCTGCCTCCGCTCTACTCACTGG,CCTGCCTCCAGTCCGCTCACTCA,0,sg7
AAATGAGAAGAAGAGGCACAGGG,CAGTGAGAAGAAGGGGTACAAGC,0,sg9
AAATGAGAAGAAGAGGCACAGGG,AGACTAGAGGAAGAGGCACTAGG,0,sg9
AAATGAGAAGAAGAGGCACAGGG,GAAGGAGAAGAAGAGGAAGGGGG,0,sg9
GGGTGGGGGGAGTTTGCTCCTGG,GGCAGTGGGGCTTTTGCTCCTGT,0,sg8
AAATGAGAAGAAGAGGCACAGGG,AAATGGTACCAGTAGGCACAGGG,0,sg9
ATGAACACCAGTGAGTAGAGCGG,ATAAACACCAGTGGTTACAGGGA,0,sg6
CCTGCCTCCGCTCTACTCACTGG,CCTGCCTCCGCCCTCCAAAGTGC,0,sg7
TGACATCAATTATTATACATCGG,AGACAGCTATTATTATACAATTG,0,sg10
GGGTGGGGGGAGTTTGCTCCTGG,GGGTGGGGGGAGCATGAACCCTG,0,sg8
GGGTGGGGGGAGTTTGCTCCTGG,GGGTGGGGGTGGGGTGTTCCTTG,0,sg8
AAATGAGAAGAAGAGGCACAGGG,AAAAAAGAAGAAGAGGAAATGTG,0,sg9
AAATGAGAAGAAGAGGCACAGGG,ACTTCAGAAGAAGAGTTTCAGGG,0,sg9
GGGTGGGGGGAGTTTGCTCCTGG,GGGTGGGGGGCATTTGCAGCCAG,0,sg8
ATGAACACCAGTGAGTAGAGCGG,AGGAAGACCAGTGAGCAGCTTGG,0,sg6
AAATGAGAAGAAGAGGCACAGGG,GATTGAGAAGAAGAGGCTCCTGT,0,sg9
AAATGAGAAGAAGAGGCACAGGG,AAATGAGAAGTAGGAGCATCAGG,0,sg9
GACACCGAAGCAGAGTTTTTAGG,GTCAGGGAAGCAGAGAATTTAGT,0,sg11
CCTGCCTCCGCTCTACTCACTGG,CATCCCTAGTCTCTACTCACTAG,0,sg7
AAATGAGAAGAAGAGGCACAGGG,TAGGGAGAGGAGGAGGCACAGGA,0,sg9
CCTGCCTCCGCTCTACTCACTGG,CCTGCCTCCTGTAGCCACACTGG,0,sg7
GACACCGAAGCAGAGTTTTTAGG,GAGACAGGAGCTGAGTTTTTACC,0,sg11
TGACATCAATTATTATACATCGG,GACCATCAATTGTTATACATCTA,0,sg10
GACACCGAAGCAGAGTTTTTAGG,AAGCCTGAAGCAGAGTTCTGAGG,0,sg11
AAATGAGAAGAAGAGGCACAGGG,AATGCAGAAGAAGAGGAACAAAG,0,sg9
CTTGCCCCACAGGGCAGTAACGG,CTGGCCCCACAGGGGATGCCCGG,0,sg3
GACACCGAAGCAGAGTTTTTAGG,GACACTGAAGCAGAGCTTGGGAG,0,sg11
TGACATCAATTATTATACATCGG,TTAAGTGAATTATTATACATTGC,0,sg10
GACACCGAAGCAGAGTTTTTAGG,TACACGGAAGCAGAGAGATTAGT,0,sg11
CTTGCCCCACAGGGCAGTAACGG,CTGGCCCCACAGGGCAGGTTCTG,0,sg3
GAATCCTAAAAACTCTGCTTCGG,TTCTCCTAAAAACTCTTCTGCAG,0,sg12
CCTGCCTCCGCTCTACTCACTGG,CCTGCCTCCGGGCCTCTCCCTTG,0,sg7
GAATCCTAAAAACTCTGCTTCGG,GAATTCTGAAGACTCTGCTTCCA,0,sg12
GAATCCTAAAAACTCTGCTTCGG,GCATCCTAAAAACTTTCCTTTGA,0,sg12
AAATGAGAAGAAGAGGCACAGGG,AAGACAGAAGAAGAGAGAGAGGG,0,sg9
TGACATCAATTATTATACATCGG,TAACAGCAAATTTTATACATCAT,0,sg10
TGACATCAATTATTATACATCGG,TGACTGCAATTATTATAAAAGGG,0,sg10
TGACATCAATTATTATACATCGG,TGACATAAATTATTCTACATGGG,1,sg10
CCTGCCTCCGCTCTACTCACTGG,CCTGCCTCCTCTACTCTAGCTGG,0,sg7
AAATGAGAAGAAGAGGCACAGGG,AAATTAGAAATGGAGGCACAGAG,0,sg9
CCTGCCTCCGCTCTACTCACTGG,CCTGCCTCCGCACTCCGCCCTGG,0,sg7
AAATGAGAAGAAGAGGCACAGGG,AATGGAGAGGAAGAGGCAGAAAG,0,sg9
CTTGCCCCACAGGGCAGTAACGG,ATTGCCCCACAGAGCACTGATGA,0,sg3
TGACATCAATTATTATACATCGG,TTTCATGCATTATTATACTTAGG,0,sg10
AAATGAGAAGAAGAGGCACAGGG,AAAAGCAGGGAAGAGGCACAGGG,0,sg9
AACACCAGTGAGTAGAGCGGAGG,AACACCAGTGGGCAGTGCAGGGG,0,sg1
CCTGCCTCCGCTCTACTCACTGG,CCTGCCTCCCCTCCAGTGGGTGG,0,sg7
CTTGCCCCACAGGGCAGTAACGG,GCTTCCCCACAGGGCAGAAAGTG,0,sg3
GGGTGGGGGGAGTTTGCTCCTGG,GGTCGGAGAGACTTTGCTCCTGA,0,sg8
CTTGCCCCACAGGGCAGTAACGG,GATGCCCAACAGGGCAGTGGCTG,0,sg3
AAATGAGAAGAAGAGGCACAGGG,GCAGGAGAAGAAGAGGACAAGGG,0,sg9
CCTGCCTCCGCTCTACTCACTGG,CATACATTATCTCTACTCACTGG,0,sg7
GGTCCTGCCGCTGCTTGTCATGG,AGTTCTGTTGCTGCTTGTCCTGT,0,sg4
AAATGAGAAGAAGAGGCACAGGG,AAATGAGAAACCGAGGCAAAGAA,0,sg9
AAATGAGAAGAAGAGGCACAGGG,AAGGAAGAAGAAGAGGGTGAGGG,0,sg9
GGTCCTGCCGCTGCTTGTCATGG,CTTCCTGGCTCTGCTTGTCATGG,0,sg4
AAATGAGAAGAAGAGGCACAGGG,AAAGGAGAAGAAGAGGCAAAACC,0,sg9
CCTGCCTCCGCTCTACTCACTGG,CCTGCCTCCCCTCTGTTCTTGGG,0,sg7
AATGACCACTACATCCTCAAGGG,AATGCCTTTTAAATCCTCAAGGG,0,sg5
ATGAACACCAGTGAGTAGAGCGG,ATGAACACCAGGAGGTAGAGATT,0,sg6
CCAGTGAGTAGAGCGGAGGCAGG,CCAGTGAGTCCAGAAGAGTCTGG,0,sg2
AAATGAGAAGAAGAGGCACAGGG,AGAAGAGAAGAAGAGGAAGAGAA,0,sg9
CCTGCCTCCGCTCTACTCACTGG,CCTGCCTCCCTGCTACTCTTTGG,0,sg7
AAATGAGAAGAAGAGGCACAGGG,GAAAGAGAAGAAGAGGGAAGGGG,0,sg9
GAATCCTAAAAACTCTGCTTCGG,TATCCCTAAAAACTCTGCTCCCC,0,sg12
CCAGTGAGTAGAGCGGAGGCAGG,CCGGGGACTGCAGCGGAGGCAGA,0,sg2
GACACCGAAGCAGAGTTTTTAGG,GATATCAAAGGGGAGTTTTTATG,0,sg11
CTTGCCCCACAGGGCAGTAACGG,CTGCCCCCACAGGGCTGTGTGGG,0,sg3
GGGTGGGGGGAGTTTGCTCCTGG,GGGTGGGGGCAGTTGACTGCATG,0,sg8
CTTGCCCCACAGGGCAGTAACGG,CTGGCCCCACAGGGCTGTTGCCT,0,sg3
TGACATCAATTATTATACATCGG,TATCTACAATTATTATGCATCAG,0,sg10
ATGAACACCAGTGAGTAGAGCGG,ATGAACACCTGGGAACCGAGCCG,0,sg6
ATGAACACCAGTGAGTAGAGCGG,TTGGATAGCAGTGAGTAGAGTGG,0,sg6
AAATGAGAAGAAGAGGCACAGGG,AAAAGTGAAGAAGAGCAAGGGGG,0,sg9
GGTCCTGCCGCTGCTTGTCATGG,GGTCCTGCCGCTAATCCACATGA,0,sg4
CCAGTGAGTAGAGCGGAGGCAGG,GCAGTGCTGAGAGCGGAGCCAGT,0,sg2
CTTGCCCCACAGGGCAGTAACGG,CTAGCCCCACAGTGGGGTAACAA,0,sg3
AAATGAGAAGAAGAGGCACAGGG,ACTTGAGAGATTGAGGCACAGGG,0,sg9
GGGTGGGGGGAGTTTGCTCCTGG,GGGTGGGGGGCAGTGGATTCTGG,0,sg8
CTTGCCCCACAGGGCAGTAACGG,AATGCCACACAGGGCAGTCAGGC,0,sg3
GGGTGGGGGGAGTTTGCTCCTGG,GTTAGGGAGAGGTTTGCTCCTGG,0,sg8
GGGTGGGGGGAGTTTGCTCCTGG,GGGTGGGGGCAGCCCTCTCCTGC,0,sg8
AAATGAGAAGAAGAGGCACAGGG,AGATTAAGAACAGAGGCACAGGG,0,sg9
AAATGAGAAGAAGAGGCACAGGG,AAATGAGAAGGAAAGTGTCAGGA,0,sg9
GGGTGGGGGGAGTTTGCTCCTGG,TTTTGGGAGGATTTTGCTCCTGT,0,sg8
CTTGCCCCACAGGGCAGTAACGG,CTAAGCCCACAGGGCAGAAATAG,0,sg3
AAATGAGAAGAAGAGGCACAGGG,AAATGAGAAGAAGACGACTGGGC,0,sg9
AAATGAGAAGAAGAGGCACAGGG,CAAGGAGAAGAAGAGAGACAGGG,0,sg9
AAATGAGAAGAAGAGGCACAGGG,AAATTAGAAGAAGAGAAACTAAG,0,sg9
GGGTGGGGGGAGTTTGCTCCTGG,GGGTGGGGGGACATTCCTGCCTG,0,sg8
CCTGCCTCCGCTCTACTCACTGG,CCAGCACCAGCTCTACTCACAGT,0,sg7
AAATGAGAAGAAGAGGCACAGGG,GAGTGAGAAGAAGAGAGGCAGGG,0,sg9
AAATGAGAAGAAGAGGCACAGGG,AAGGAAGATGAAGAGGCACAGGC,0,sg9
GGTCCTGCCGCTGCTTGTCATGG,GGTCCTGCCACTTGGTGTCCTGT,0,sg4
AAATGAGAAGAAGAGGCACAGGG,AGAGGAGAAGAAGAGGAAAAGAA,0,sg9
CCTGCCTCCGCTCTACTCACTGG,CCTGCCTCCTTTCTTCTCCCTAG,0,sg7
GAATCCTAAAAACTCTGCTTCGG,AAATACTAAAAACTCTGGGTCAC,0,sg12
CTTGCCCCACAGGGCAGTAACGG,CTTTCCCCACAGGGCTGACGGGG,0,sg3
AAATGAGAAGAAGAGGCACAGGG,GAAGAAGAAGAAGAGACACCAGG,0,sg9
GGGTGGGGGGAGTTTGCTCCTGG,GGGTGGGGGATGATGTCTCCTGG,0,sg8
AAATGAGAAGAAGAGGCACAGGG,AGCTGAGAAGAAGTGGAGCTGGG,0,sg9
CCTGCCTCCGCTCTACTCACTGG,CATTCCTAGCCTCTACTCACTGC,0,sg7
GGTCCTGCCGCTGCTTGTCATGG,GTTGTTGCCGCTGCTGTTCATTG,0,sg4
AAATGAGAAGAAGAGGCACAGGG,ATAATTTAAGAAGAGGCACAGTG,0,sg9
AAATGAGAAGAAGAGGCACAGGG,AGATGACAGCTAGAGGCACAGGG,0,sg9
AATGACCACTACATCCTCAAGGG,AATCTCCACTACATCCTTGTGGG,0,sg5
TGACATCAATTATTATACATCGG,TCACCAAAATTATTATACATCAA,0,sg10
AAATGAGAAGAAGAGGCACAGGG,CAAAAAGAAGAAGAGGAACAGGA,0,sg9
AAATGAGAAGAAGAGGCACAGGG,ATATGAGAAGAAGAAGCCAAGGT,0,sg9
GACACCGAAGCAGAGTTTTTAGG,GAGAATGAAGCAGAGTTTTGAAT,0,sg11
AAATGAGAAGAAGAGGCACAGGG,AATGGATATGAAGAGGCATAGGA,0,sg9
GAATCCTAAAAACTCTGCTTCGG,TAAATCTAAAAACTCTGATTCCA,0,sg12
AAATGAGAAGAAGAGGCACAGGG,AGAGCAGAGGAAGAGGCAGATGG,0,sg9
AAATGAGAAGAAGAGGCACAGGG,AAGAGAGGAGAAGAGGCAGTGGG,0,sg9
AAATGAGAAGAAGAGGCACAGGG,AACAGAGAGCACGAGGCACAGAG,0,sg9
AAATGAGAAGAAGAGGCACAGGG,AAATGAGAAGGAAAGGTAGAAAG,0,sg9
TGACATCAATTATTATACATCGG,TCACATCAATTATTGGTCTTTGG,0,sg10
TGACATCAATTATTATACATCGG,AGAAATGTATTATTATACATTGC,0,sg10
AACACCAGTGAGTAGAGCGGAGG,AGGAACAGAGAGTAGAGCAGTGG,0,sg1
CCTGCCTCCGCTCTACTCACTGG,CCTGCCTCCTCTCTGTGAAATGG,0,sg7
CCAGTGAGTAGAGCGGAGGCAGG,ATTTTCAGTAGAGCGGGGGCAGG,0,sg2
GACACCGAAGCAGAGTTTTTAGG,GGGACAGAAGCAGAGCTTTCAGT,0,sg11
GGTCCTGCCGCTGCTTGTCATGG,GATGCCGCTGCTGCCGGTCATGG,0,sg4
AAATGAGAAGAAGAGGCACAGGG,AAGGCAGAAGAAGAGGCAAAAAG,0,sg9
AAATGAGAAGAAGAGGCACAGGG,AATGGAGAAGAAGAGGCATACTA,0,sg9
GGGTGGGGGGAGTTTGCTCCTGG,GGGTGGGGGAAGGTTGTTTATAG,0,sg8
AAATGAGAAGAAGAGGCACAGGG,AGGAGGGAGGAAGAGGCACAGGT,0,sg9
AAATGAGAAGAAGAGGCACAGGG,AAATGGGAAGCTGAGGCACAGGT,0,sg9
AAATGAGAAGAAGAGGCACAGGG,AAATGAGAAAAAGAAGCACAGGT,0,sg9
AAATGAGAAGAAGAGGCACAGGG,AAATGAGAAAAAAATGCATAATG,0,sg9
GACACCGAAGCAGAGTTTTTAGG,GCCCCAGAAGCAGAGGTTACAGG,0,sg11
AAATGAGAAGAAGAGGCACAGGG,AAATGAGAACAGGAGGCCAATGC,0,sg9
AACACCAGTGAGTAGAGCGGAGG,CCCACCAGTGAGTGGTGAGAAGG,0,sg1
GGGTGGGGGGAGTTTGCTCCTGG,GAGTGGGGGGAGGTGGGGGCTGG,0,sg8
AAATGAGAAGAAGAGGCACAGGG,AACTGAGAAGAAAAGGCAGACAT,0,sg9
GGTCCTGCCGCTGCTTGTCATGG,TGTGCTGATGCTGCTTGTCTGGG,0,sg4
GAATCCTAAAAACTCTGCTTCGG,AAATCCTAAAGACTTTGCTTGGG,1,sg12
AAATGAGAAGAAGAGGCACAGGG,TAAGAAGAAGAAGAGGGCCAGGC,0,sg9
GGGTGGGGGGAGTTTGCTCCTGG,GGGTGGGGGGGGGGTGCTGTAGG,0,sg8
ATGAACACCAGTGAGTAGAGCGG,GTGAACACCAGTGAGTCCTTAGG,0,sg6
AAATGAGAAGAAGAGGCACAGGG,AAATGAGAAGAAATAGGCCAGGT,0,sg9
GGGTGGGGGGAGTTTGCTCCTGG,GGGTGGGGGGGTCCAGCTCCTGG,0,sg8
TGACATCAATTATTATACATCGG,AGACATCAATTAACATACATAAG,0,sg10
GGGTGGGGGGAGTTTGCTCCTGG,GGGTGGGGGGAGCCCTCTCCTTC,0,sg8
AAATGAGAAGAAGAGGCACAGGG,AAAGGAGAGGAAGAGGAAGAAGA,0,sg9
AAATGAGAAGAAGAGGCACAGGG,AAATGAGAAGAAAAGGCCCCTTG,0,sg9
ATGAACACCAGTGAGTAGAGCGG,CTGCACACCAGTGAGTATGTGGG,0,sg6
TGACATCAATTATTATACATCGG,TGTCTTTTATTATTATACATAGG,0,sg10
AAATGAGAAGAAGAGGCACAGGG,AAATAAATAGAAGAGGCACTGCA,0,sg9
GACACCGAAGCAGAGTTTTTAGG,GAGACAGAAGCAGAGATTTAAGT,0,sg11
CCTGCCTCCGCTCTACTCACTGG,CCTGCCTCCGCGCTGTTTCCTGA,0,sg7
CCTGCCTCCGCTCTACTCACTGG,CCTGCCTCCTCTGGACTGTCTGG,0,sg7
AAATGAGAAGAAGAGGCACAGGG,AGGTGAGAAGAAGAGGAGTAGGA,0,sg9
GGGTGGGGGGAGTTTGCTCCTGG,GGGTGGGGGCAGGGTGGCCATGG,0,sg8
GGGTGGGGGGAGTTTGCTCCTGG,GGGTGGGGGGAACTTGCTGCTCC,0,sg8
CCAGTGAGTAGAGCGGAGGCAGG,CCTGTTTGGAAAGCGGAGGCAGA,0,sg2
GGGTGGGGGGAGTTTGCTCCTGG,GGGGAGGGGGAGTTTGGAACTGC,0,sg8
GGTCCTGCCGCTGCTTGTCATGG,GTTCCTGGTGCTGCTTGTCCTGG,0,sg4
CTTGCCCCACAGGGCAGTAACGG,CTTGCCCCAGCGGGCAAAACAGG,0,sg3
GAATCCTAAAAACTCTGCTTCGG,GAAATTTAAAAACTCTGGTTCAT,0,sg12
CCAGTGAGTAGAGCGGAGGCAGG,CCAGAGCGGAGAGCGGATGCTGC,0,sg2
AACACCAGTGAGTAGAGCGGAGG,AAAACCAGTGAGGAGAGGTGGAG,0,sg1
TGACATCAATTATTATACATCGG,TAGCATTATTTATTATACATAGG,0,sg10
AACACCAGTGAGTAGAGCGGAGG,AAAATCAGTGAGTAGGGCTGTGT,0,sg1
GGGTGGGGGGAGTTTGCTCCTGG,GGGTGGGGGGAATTTCCTCTCGG,0,sg8
GAATCCTAAAAACTCTGCTTCGG,GAATCCTAAAAACCTTGTCTCAT,0,sg12
AAATGAGAAGAAGAGGCACAGGG,CAAGGAGAAGAAGAGGCCTAGCC,0,sg9
GACACCGAAGCAGAGTTTTTAGG,TACTCCTAAGCAGAGTTTCCAGG,0,sg11
AAATGAGAAGAAGAGGCACAGGG,AAAAAAGACAAAGAGGCACAGTA,0,sg9
AAATGAGAAGAAGAGGCACAGGG,CAGGGAGGAGATGAGGCACAGTG,0,sg9
CCTGCCTCCGCTCTACTCACTGG,TCAGCCCCTGCTCTACTCTCTTG,0,sg7
ATGAACACCAGTGAGTAGAGCGG,ATGAACACCAAACAGTGGAGAGC,0,sg6
CCTGCCTCCGCTCTACTCACTGG,CCTGCCTCCTGTCCTCCCACTTG,0,sg7
AATGACCACTACATCCTCAAGGG,AATCTTCACAGCATCCTCAAGAG,0,sg5
AAATGAGAAGAAGAGGCACAGGG,AGGAGAAGAGCAGAGGCACAGGG,0,sg9
CTTGCCCCACAGGGCAGTAACGG,TTGGCCCAACAGGGCAGTTAGGG,0,sg3
CTTGCCCCACAGGGCAGTAACGG,CTTGGCCCACAGGGCACTGAGGG,0,sg3
AAATGAGAAGAAGAGGCACAGGG,AAGTAAGGGGAAGAGGCAAGGGG,0,sg9
GAATCCTAAAAACTCTGCTTCGG,GATTTTTAAAAACTCTGTATAGG,0,sg12
GGGTGGGGGGAGTTTGCTCCTGG,GGGTGGGGGGTGATGGTGCCAGG,0,sg8
AAATGAGAAGAAGAGGCACAGGG,AAATGAGAACATGAGGTATTGGT,0,sg9
CCTGCCTCCGCTCTACTCACTGG,GCTGGCTACATTCTACTCACTGG,0,sg7
AAATGAGAAGAAGAGGCACAGGG,AAATTAGAAGAAGAGTGAGGAGG,0,sg9
AAATGAGAAGAAGAGGCACAGGG,AGATGAGATCATGAGGCACAGAA,0,sg9
AAATGAGAAGAAGAGGCACAGGG,AAATGAGAAGAGGAAGGGGAGAG,0,sg9
GGTCCTGCCGCTGCTTGTCATGG,TGGCTTGTCACGGCTTGTCATGG,0,sg4
GACACCGAAGCAGAGTTTTTAGG,GCCACAGAAGCAGAGATTTTTTT,0,sg11
GAATCCTAAAAACTCTGCTTCGG,TAATCCTAAAAACAATATTTCTG,0,sg12
AAATGAGAAGAAGAGGCACAGGG,AATTGAGAAGAAGGTACACAGAC,0,sg9
AAATGAGAAGAAGAGGCACAGGG,TACTGAGAAGAATGGGCACTTGG,0,sg9
AAATGAGAAGAAGAGGCACAGGG,AAATGAGAAAATGATTCAGAGGC,0,sg9
TGACATCAATTATTATACATCGG,TGACATCAAAAAATATTCATAAG,0,sg10
TGACATCAATTATTATACATCGG,TGTCATCAATTAGTACAGATAGA,0,sg10
GGTCCTGCCGCTGCTTGTCATGG,GCTCCTGCCGCTCCTGCTCCAGG,0,sg4
AAATGAGAAGAAGAGGCACAGGG,AAATGAGAAGAGTAGTCAGGAGG,0,sg9
GACACCGAAGCAGAGTTTTTAGG,GTCACCGCAGCAGAGTTTTTCGA,0,sg11
GGTCCTGCCGCTGCTTGTCATGG,GGTCCTTCCAGGGCTTGTCATCT,0,sg4
CCAGTGAGTAGAGCGGAGGCAGG,CCAGTGAGTGGTGTTGATGCAGT,0,sg2
GGGTGGGGGGAGTTTGCTCCTGG,GGGTGGAAGGAGTTTGCTTCCAG,0,sg8
GAATCCTAAAAACTCTGCTTCGG,ATATCCTTCAAACTCTGCTTCCA,0,sg12
AAATGAGAAGAAGAGGCACAGGG,TGAGGAGAAGAAGAGGCAGCAGG,0,sg9
TGACATCAATTATTATACATCGG,TGCCATTACTTATTATACAAATG,0,sg10
AAATGAGAAGAAGAGGCACAGGG,GAAGGAGAAAGAGAGGCACAGCA,0,sg9
AAATGAGAAGAAGAGGCACAGGG,AAAGGAGAAGAAGAGGGGGTTGG,0,sg9
AATGACCACTACATCCTCAAGGG,AATGTTCACTACATCTTCACCAG,0,sg5
TGACATCAATTATTATACATCGG,TAACATCAATTATTTTAATTTTG,0,sg10
TGACATCAATTATTATACATCGG,AGACATCAATTATCTTACACTAG,0,sg10
CTTGCCCCACAGGGCAGTAACGG,CTTGCCCCAGAAGGCAGCAAAAG,0,sg3
AATGACCACTACATCCTCAAGGG,GCAGCCCACAACATCCTCAAGGT,0,sg5
CTTGCCCCACAGGGCAGTAACGG,TTTACCCCACAGGGCATTTAAGG,0,sg3
CTTGCCCCACAGGGCAGTAACGG,CCTCCCCCACAGGGCCCCAACAG,0,sg3
CCAGTGAGTAGAGCGGAGGCAGG,CCAGTGAGTAGGGGAGGGGCCAG,0,sg2
CCAGTGAGTAGAGCGGAGGCAGG,CCAGTGAGTAGTTGGGAATAAGG,0,sg2
AACACCAGTGAGTAGAGCGGAGG,AACACCAGTGAGTTCACCTTATG,0,sg1
AAATGAGAAGAAGAGGCACAGGG,ACATGAGAAGAAAAACCTCAGTG,0,sg9
GGGTGGGGGGAGTTTGCTCCTGG,GGGTGGGGGGAGTTTAGGACATG,0,sg8
ATGAACACCAGTGAGTAGAGCGG,TGAAACACCAGTGAGTCAAGCAG,0,sg6
AATGACCACTACATCCTCAAGGG,TTTGACCACTACCACCTTAAGAG,0,sg5
TGACATCAATTATTATACATCGG,TGATATCAATTATTATATAATCA,0,sg10
GGGTGGGGGGAGTTTGCTCCTGG,GGGTGGGGGCAGACTGCAGCGGG,0,sg8
CCTGCCTCCGCTCTACTCACTGG,CCTGGCTTAGCTCTACTCATGTG,0,sg7
AAATGAGAAGAAGAGGCACAGGG,GAAGAAGAAGAAGAGTCACAGAA,0,sg9
GACACCGAAGCAGAGTTTTTAGG,GAGACAGAAGCAGAGACTGTAGG,0,sg11
GGGTGGGGGGAGTTTGCTCCTGG,TGATGGGGGGAGCCTGCACATGG,0,sg8
GGTCCTGCCGCTGCTTGTCATGG,GGTCCTGCCTCTGGATGGGCTGG,0,sg4
GACACCGAAGCAGAGTTTTTAGG,GACACCGAAGAACATGTTTCAAG,0,sg11
GGGTGGGGGGAGTTTGCTCCTGG,CTGGGGGTTCAGTTTGCTCCTGG,0,sg8
CCTGCCTCCGCTCTACTCACTGG,CCTGCCTCCTCTCTGCCCCCTGA,0,sg7
AAATGAGAAGAAGAGGCACAGGG,AAATGATGTGATGAGGCACAGCT,0,sg9
CCAGTGAGTAGAGCGGAGGCAGG,GGAGTGAGTAGAGTGGAGTGAGT,0,sg2
CCAGTGAGTAGAGCGGAGGCAGG,CAATGGCGGAAAGCGGAGGCAGG,0,sg2
AAATGAGAAGAAGAGGCACAGGG,AAATTTATAGAAGAGGCACAGAG,0,sg9
CCAGTGAGTAGAGCGGAGGCAGG,GAAGGGAACAGAGCGGAGGCAAG,0,sg2
GACACCGAAGCAGAGTTTTTAGG,AGCACAGAAGCAGAGTATCTAAG,0,sg11
TGACATCAATTATTATACATCGG,TTTCTCCAATTATTATACATCCA,0,sg10
TGACATCAATTATTATACATCGG,TGACATCAATTTTTTTATTTTTG,0,sg10
AATGACCACTACATCCTCAAGGG,AATGACCACTGCCCCCTTACTGG,0,sg5
GGGTGGGGGGAGTTTGCTCCTGG,GGCTGGGTGGGGGTGGCTCCTCG,0,sg8
ATGAACACCAGTGAGTAGAGCGG,CTGAACATCAGTGAGTAGAACTC,0,sg6
GACACCGAAGCAGAGTTTTTAGG,TACTCCTTAGCTGAGTTTTTAGT,0,sg11
GAATCCTAAAAACTCTGCTTCGG,GTTTCCTAAAAACTATGCATCAC,0,sg12
CCTGCCTCCGCTCTACTCACTGG,CCTGGCTCCGCTCTAAACCCTGC,0,sg7
AAATGAGAAGAAGAGGCACAGGG,AAATGAGAAGAATAAGTTTAGTG,0,sg9
ATGAACACCAGTGAGTAGAGCGG,AAGAGCACCAGTGAGCAAAGCCA,0,sg6
GGGTGGGGGGAGTTTGCTCCTGG,GGGGTGGGGGAGCTTGGCCCTGG,0,sg8
AAATGAGAAGAAGAGGCACAGGG,AAATAAGAAGAAGAGGAAGGAGG,0,sg9
TGACATCAATTATTATACATCGG,CAACATCAATTATTAGGCATCTG,0,sg10
AAATGAGAAGAAGAGGCACAGGG,AGGTAAGAAAATGAGGCACAGAG,0,sg9
AAATGAGAAGAAGAGGCACAGGG,AAATGAGAAAAATAAGCAAAGAA,0,sg9
GGTCCTGCCGCTGCTTGTCATGG,GGTCCTGCCAAGGCGTCTCAGGG,0,sg4
AAATGAGAAGAAGAGGCACAGGG,GAGTGGAAGGAAGAGGCAGAGGG,0,sg9
GGGTGGGGGGAGTTTGCTCCTGG,GGGGTGGGAGAGTTTGCTCTCTG,0,sg8
GGTCCTGCCGCTGCTTGTCATGG,CCACCTGTCGCTGCTTGTCAGGA,0,sg4
GAATCCTAAAAACTCTGCTTCGG,AAATCTTACTGACTCTGCTTCAG,0,sg12
GACACCGAAGCAGAGTTTTTAGG,AACAACCACGCAGAGTTTTTGTG,0,sg11
GGGTGGGGGGAGTTTGCTCCTGG,GCCTGCATGGAGTTTGCTCCTGT,0,sg8
CCAGTGAGTAGAGCGGAGGCAGG,CCTGTGAGTAGAGTGGATTCAAA,0,sg2
GGGTGGGGGGAGTTTGCTCCTGG,GGGTGGGGGAAGATGCCTGCTGA,0,sg8
AAATGAGAAGAAGAGGCACAGGG,AAATGAGAAGAAAACTCAAAGGC,0,sg9
AACACCAGTGAGTAGAGCGGAGG,AGCAGCAGTGAGTAGACAGCAGT,0,sg1
AAATGAGAAGAAGAGGCACAGGG,AACTGAGAAGAAGAAACACAATA,0,sg9
CCTGCCTCCGCTCTACTCACTGG,CCTTGCTCTGCACTACTCACTCC,0,sg7
CCTGCCTCCGCTCTACTCACTGG,CCTGCCTCCATCCTTCTCTCTGC,0,sg7
AAATGAGAAGAAGAGGCACAGGG,AACGTGGAAGAAGAGGAACAGTG,0,sg9
AATGACCACTACATCCTCAAGGG,AATTATGACCAAATCCTCAAGAG,0,sg5
GGTCCTGCCGCTGCTTGTCATGG,GGTCCTGCCGCAGGCCATCAAGG,0,sg4
GAATCCTAAAAACTCTGCTTCGG,GAGTTCTAAAATCTCTGCTTCCT,0,sg12
GACACCGAAGCAGAGTTTTTAGG,AACACAGAAGCAGAGGTTGCAGT,0,sg11
CTTGCCCCACAGGGCAGTAACGG,CATGCCCCACAGGATGGTAGAGG,0,sg3
CCAGTGAGTAGAGCGGAGGCAGG,CAAGTGAGTAGACTGTTGTCAGG,0,sg2
TGACATCAATTATTATACATCGG,TTATTTCAATTATTATACTTTTG,0,sg10
AAATGAGAAGAAGAGGCACAGGG,AAATGAGAAGAATAGCTACACAT,0,sg9
TGACATCAATTATTATACATCGG,TGAAATAATTTATTATACCTCAA,0,sg10
AACACCAGTGAGTAGAGCGGAGG,AGAAGGAGTGAGTAGAGAGGAAG,0,sg1
CCTGCCTCCGCTCTACTCACTGG,GCTGCCTCCGCTCCTCTCTCTCG,0,sg7
CCAGTGAGTAGAGCGGAGGCAGG,CTAGTGAGTAGAGAGCAGGATGC,0,sg2
CCAGTGAGTAGAGCGGAGGCAGG,CCTAGGAGAGGAGCGGAGGCAGC,0,sg2
AAATGAGAAGAAGAGGCACAGGG,AAATGAGAAGCAACAACACAGGA,0,sg9
AAATGAGAAGAAGAGGCACAGGG,AAATCAGAAGAAGAGGTGGACGA,0,sg9
GACACCGAAGCAGAGTTTTTAGG,CAGACAGGAGCAGAGTTTTTAAT,0,sg11
GGGTGGGGGGAGTTTGCTCCTGG,AGGGGGGTGGGGGTTGCACCTGG,0,sg8
AATGACCACTACATCCTCAAGGG,AACTACCCCTACATCCTCCACAG,0,sg5
AAATGAGAAGAAGAGGCACAGGG,ATAAAAGAAACAGAGGCACAGAG,0,sg9
AAATGAGAAGAAGAGGCACAGGG,AACTTAGAAAAAGAGGAAGAGGC,0,sg9
GGGTGGGGGGAGTTTGCTCCTGG,GGGTGGGGGCTGTCAGCTGGTGG,0,sg8
GACACCGAAGCAGAGTTTTTAGG,TACATCGTAGCAGAGTTTATGGG,0,sg11
GGTCCTGCCGCTGCTTGTCATGG,GATGCAGCCGCTGCTGGTCCTGG,0,sg4
AAATGAGAAGAAGAGGCACAGGG,GAATTTTAAGAAGAGGCACAATG,0,sg9
CCTGCCTCCGCTCTACTCACTGG,CGTGCCTCCGCTCCACGCCCTTC,0,sg7
GACACCGAAGCAGAGTTTTTAGG,GCCAACGAAGCAGAGCTAGTAAG,0,sg11
CTTGCCCCACAGGGCAGTAACGG,TTTATACCACAGGGCAGTAAAGA,0,sg3
ATGAACACCAGTGAGTAGAGCGG,AGGAAAACAAGTGAGTAGAGGGT,0,sg6
AAATGAGAAGAAGAGGCACAGGG,GGAGGAGAAGAAGAGGAGGAGGG,0,sg9
AAATGAGAAGAAGAGGCACAGGG,AGATGAGAAGAAGCAGAAAAGAG,0,sg9
AATGACCACTACATCCTCAAGGG,ATAAACCACTACATCATCAACAG,0,sg5
AAATGAGAAGAAGAGGCACAGGG,TAGCCAGAAGAAGAGGCACATGC,0,sg9
AAATGAGAAGAAGAGGCACAGGG,AAAGAGGAAGAAGAGTCAGAGGC,0,sg9
CTTGCCCCACAGGGCAGTAACGG,CTTTTTCCCAAGGGCAGTAACAG,0,sg3
TGACATCAATTATTATACATCGG,TGACATCAATAATCATATACAAG,0,sg10
CCTGCCTCCGCTCTACTCACTGG,CCTGCCTCCTCCACACTCACAGC,0,sg7
AATGACCACTACATCCTCAAGGG,AATGACCACTATCTCTGCAAAAG,0,sg5
GGGTGGGGGGAGTTTGCTCCTGG,GTGAGGGAGGGCTTTGCTCCTGT,0,sg8
CCTGCCTCCGCTCTACTCACTGG,CCTGCCTCCTCTATACTAATCAG,0,sg7
GGGTGGGGGGAGTTTGCTCCTGG,GGTTGGGGGGAGCTTGCTGCCCT,0,sg8
ATGAACACCAGTGAGTAGAGCGG,ATTTACTGCAGGGAGTAGAGCAG,0,sg6
TGACATCAATTATTATACATCGG,AAACATGAATTATTATACATTTG,0,sg10
GAATCCTAAAAACTCTGCTTCGG,GAGTCTTAGACACTCTGCTTCTT,0,sg12
AAATGAGAAGAAGAGGCACAGGG,GTCTGGGCAGGAGAGGCACAGGG,0,sg9
GAATCCTAAAAACTCTGCTTCGG,AAATCCTAAAAACTGAGATTATG,0,sg12
ATGAACACCAGTGAGTAGAGCGG,ATGAACACCAGAGTGGGGATCAG,0,sg6
AAATGAGAAGAAGAGGCACAGGG,AAAAGACTAGAAGAGGCAGAGCC,0,sg9
AAATGAGAAGAAGAGGCACAGGG,AAATGTCTAGAAGAGGCAAATGC,0,sg9
AATGACCACTACATCCTCAAGGG,TATGGTCTCTACATCCTCACGGG,0,sg5
AAATGAGAAGAAGAGGCACAGGG,AAATGAGAATATGTGATATAGGG,0,sg9
CCTGCCTCCGCTCTACTCACTGG,GATGCCTCCGCTCTGCTGACCGC,0,sg7
AAATGAGAAGAAGAGGCACAGGG,AAAAGTGAAGAAGAGGCAGAAAG,0,sg9
GGTCCTGCCGCTGCTTGTCATGG,TGACCTGCCGCTCCCTGTGATGG,0,sg4
ATGAACACCAGTGAGTAGAGCGG,TAGAACACCAGTGAGTTGTGGGA,0,sg6
AAATGAGAAGAAGAGGCACAGGG,AATGGAGAAGAAGAGGGAGATGG,0,sg9
GAATCCTAAAAACTCTGCTTCGG,AAATCCTAAAAATTCTTTTTCTT,0,sg12
AACACCAGTGAGTAGAGCGGAGG,GACACCAGTGAGGGCAGCTAAGG,0,sg1
AAATGAGAAGAAGAGGCACAGGG,AAAGAAGAAGAAGAGGAGAAGGA,0,sg9
CTTGCCCCACAGGGCAGTAACGG,CTCCTCCCACAGGGCAGAAAGTG,0,sg3
CCTGCCTCCGCTCTACTCACTGG,CGTGACTTTGCTCTACTCAGAGG,0,sg7
GAATCCTAAAAACTCTGCTTCGG,GAGTCCTAAAAATTCAGTAACGG,0,sg12
AAATGAGAAGAAGAGGCACAGGG,AAAGAAGAAGAAGAGTATCATGG,0,sg9
ATGAACACCAGTGAGTAGAGCGG,ATATACACCAGTGAGGGGAGGGA,0,sg6
GAATCCTAAAAACTCTGCTTCGG,GAATCCTAATATTTCTGGTTCTT,0,sg12
GGGTGGGGGGAGTTTGCTCCTGG,GGGTGGGGGTGGTGTGAGTCTGG,0,sg8
GAATCCTAAAAACTCTGCTTCGG,GAATGATAAAAACTCTGGACCTG,0,sg12
TGACATCAATTATTATACATCGG,TGACATCAACTAATATATTTTAG,0,sg10
AAATGAGAAGAAGAGGCACAGGG,GAGAGAGAGAGAGAGGCACAGGG,0,sg9
CCAGTGAGTAGAGCGGAGGCAGG,CAAGTGAGTAGATATGAGCCAGC,0,sg2
AAATGAGAAGAAGAGGCACAGGG,AGATGAAGAGAAGAGGCATTTGG,0,sg9
TGACATCAATTATTATACATCGG,TGACTTCAATTATTATATAAACT,0,sg10
AAATGAGAAGAAGAGGCACAGGG,AACAAGGAAGAAGAGGAACAGCG,0,sg9
AAATGAGAAGAAGAGGCACAGGG,AAGTGAGAAGAAGAAGCAAGGCA,0,sg9
ATGAACACCAGTGAGTAGAGCGG,GGGAAAACCAGTGAGTAGAGGCC,0,sg6
AAATGAGAAGAAGAGGCACAGGG,GAGGGAGCAGCAGAGGCACAGGC,0,sg9
GGGTGGGGGGAGTTTGCTCCTGG,TGCAGGGAGGAGTTTGCTCTTCG,0,sg8
AAATGAGAAGAAGAGGCACAGGG,AAAGAAGATGAAGAGGCAGTGAG,0,sg9
GGTCCTGCCGCTGCTTGTCATGG,GGTCCTGCCTCTGCTAGCCAGCT,0,sg4
CCAGTGAGTAGAGCGGAGGCAGG,CCAGGGCAGGCAGCGGAGGCAGG,0,sg2
AAATGAGAAGAAGAGGCACAGGG,TACAGAAAAGAAGAGGCAAAGGG,0,sg9
AAATGAGAAGAAGAGGCACAGGG,GACTGTGAAGAAGAGGCTTTGGG,0,sg9
AAATGAGAAGAAGAGGCACAGGG,AAATGAGAAACTGACTCATAGGG,0,sg9
GGGTGGGGGGAGTTTGCTCCTGG,GGGTGGGGGACAGTTTTTCCTGG,0,sg8
AATGACCACTACATCCTCAAGGG,ATTTAGCATAACATCCTCAAGGT,0,sg5
AAATGAGAAGAAGAGGCACAGGG,ATTTGAGAAGAAGGGGAGAAGGG,0,sg9
AACACCAGTGAGTAGAGCGGAGG,GAGACCAGTGAGAAGAGCAGTGG,0,sg1
ATGAACACCAGTGAGTAGAGCGG,AAGAACACCAGTGAAAAGTGAAG,0,sg6
TGACATCAATTATTATACATCGG,GGACCTCAAATTTTATACATCAG,0,sg10
TGACATCAATTATTATACATCGG,TGACATCAACAATTAAAAAGTGG,0,sg10
CTTGCCCCACAGGGCAGTAACGG,CTGGCCCCACAGGCCCATAAAGA,0,sg3
CCAGTGAGTAGAGCGGAGGCAGG,CCCTCTCGTAGAGCGGAGGCAGC,0,sg2
GGGTGGGGGGAGTTTGCTCCTGG,GGGTGGGGGGTGTCTCCACTGGG,0,sg8
GGGTGGGGGGAGTTTGCTCCTGG,CGGGGTGGGGAGTTTTCTCCAAG,0,sg8
AAATGAGAAGAAGAGGCACAGGG,CAATGAGAAGAAGGGGTGCTGGC,0,sg9
GGGTGGGGGGAGTTTGCTCCTGG,GGGTGGGGGGAGGGCGCTAGAGG,0,sg8
CTTGCCCCACAGGGCAGTAACGG,CCTGCCCCACAGCACAGAGACTG,0,sg3
AAATGAGAAGAAGAGGCACAGGG,TACTGAGAAGAAAAGGCTGAGGA,0,sg9
TGACATCAATTATTATACATCGG,AGGCAACAATTATTATCCACCAG,0,sg10
AAATGAGAAGAAGAGGCACAGGG,AAGAGAAAAACAGAGGCACAGAG,0,sg9
AAATGAGAAGAAGAGGCACAGGG,AAATGAGAAGCAAAACCCTAGGG,0,sg9
AAATGAGAAGAAGAGGCACAGGG,AGATTAGAAGAAGAGACATTGGA,0,sg9
CCTGCCTCCGCTCTACTCACTGG,CCTGCCTCCCTTCCTCTCCCTGC,0,sg7
GGGTGGGGGGAGTTTGCTCCTGG,GGGTGGGGGAAGGGTGCGCCAGT,0,sg8
AAATGAGAAGAAGAGGCACAGGG,TAGGGGGGAGAAGAGGCACTGGG,0,sg9
GGGTGGGGGGAGTTTGCTCCTGG,GGTTGGGGAGAGTTTGCTCATGT,0,sg8
AAATGAGAAGAAGAGGCACAGGG,AAATGAGAAGTAAAAGATCAAGG,0,sg9
GACACCGAAGCAGAGTTTTTAGG,GAAAAGGAACCAGAGTTTTTATC,0,sg11
CCTGCCTCCGCTCTACTCACTGG,CCTGCCTCCGGCCTTTGCACTTG,0,sg7
AACACCAGTGAGTAGAGCGGAGG,AGCATAAGTGAGTAGGGTGGTGG,0,sg1
AAATGAGAAGAAGAGGCACAGGG,AACAGCCAGGAAGAGGCACAGTG,0,sg9
GAATCCTAAAAACTCTGCTTCGG,TTATCCTTAAAACTCTGCTCCCT,0,sg12
AAATGAGAAGAAGAGGCACAGGG,AAATGAGAAGGAAAGAAACTGAG,0,sg9
GAATCCTAAAAACTCTGCTTCGG,CAACCCCATAGACTCTGCTTCGG,0,sg12
GACACCGAAGCAGAGTTTTTAGG,CTCTGAGAAGAAGAGTTTTTAGG,0,sg11
CCTGCCTCCGCTCTACTCACTGG,TGTGTCTCAGATCTACTCACTGT,0,sg7
GACACCGAAGCAGAGTTTTTAGG,CCCATGGAAGCAGAGTCTTAAGG,0,sg11
AAATGAGAAGAAGAGGCACAGGG,GAATAAGAAGAAGAGGAGGAGGA,0,sg9
GGGTGGGGGGAGTTTGCTCCTGG,GGGTGGGGGTAGCCCTCTCCTGC,0,sg8
AATGACCACTACATCCTCAAGGG,AATGACCACTACAAGATCCATGT,0,sg5
AAATGAGAAGAAGAGGCACAGGG,ACATTGGAGGAAGAGGCACAGGC,0,sg9
AAATGAGAAGAAGAGGCACAGGG,AAATGAGAAGATTAGGCACTAGG,0,sg9
AATGACCACTACATCCTCAAGGG,ACTGGACTCTACATCCTCATAGG,0,sg5
GAATCCTAAAAACTCTGCTTCGG,TAATCTTAAAAACTCTGACCCTG,0,sg12
TGACATCAATTATTATACATCGG,TGACATCAATTAATTTTCATTGG,1,sg10
GAATCCTAAAAACTCTGCTTCGG,GAATCCTAAGAAATCTGGTTGGC,0,sg12
AAATGAGAAGAAGAGGCACAGGG,AAATGAGAAAAATAAGGCCAGGA,0,sg9
AAATGAGAAGAAGAGGCACAGGG,AAATGAGAATCAGAGGCTTTGGA,0,sg9
CCTGCCTCCGCTCTACTCACTGG,CCTGCCTCCCCCTCCCTCACGGG,0,sg7
GGTCCTGCCGCTGCTTGTCATGG,GGTCCTGCCCCTGTTTCTCCTGC,0,sg4
CCTGCCTCCGCTCTACTCACTGG,CCTGCCTCCACAATACACACTTA,0,sg7
ATGAACACCAGTGAGTAGAGCGG,TTCAAAATCAGTGAGTAGAGCAA,0,sg6
CCAGTGAGTAGAGCGGAGGCAGG,CCAGTGAGTGCAGGGGCGGGGGG,0,sg2
GACACCGAAGCAGAGTTTTTAGG,GACAGGGAAGCAGAGAGTTTATT,0,sg11
GGGTGGGGGGAGTTTGCTCCTGG,GGGTGGGGGGACCTTGTCCAAGG,0,sg8
AAATGAGAAGAAGAGGCACAGGG,TGTAGAGAGGAAGAGGCAGAGGG,0,sg9
TGACATCAATTATTATACATCGG,CCACATCAATTATTTTAAAACGC,0,sg10
GGGTGGGGGGAGTTTGCTCCTGG,GGGTGGGGGAACTTTGCTCTAAA,0,sg8
CCTGCCTCCGCTCTACTCACTGG,CCTCACTCCCTGCTACTCACTGC,0,sg7
AAATGAGAAGAAGAGGCACAGGG,TAAAGAGAAGAAGAGGCACAATA,0,sg9
AACACCAGTGAGTAGAGCGGAGG,AAAAGAAGTGAGTAGAGAAGAGA,0,sg1
GGGTGGGGGGAGTTTGCTCCTGG,GGGTGGGGGGGGGGTGCGCGTTG,0,sg8
GGTCCTGCCGCTGCTTGTCATGG,CGTGCTGCCGCTGCTTGGTCTGA,0,sg4
GGGTGGGGGGAGTTTGCTCCTGG,GGGTGGGGGAAGGCGGCCACTGG,0,sg8
TGACATCAATTATTATACATCGG,TGACATCAAAAGAGATACATTGG,0,sg10
AAATGAGAAGAAGAGGCACAGGG,AAGTCAGAGGAAGAGGCAGAGAG,0,sg9
CCAGTGAGTAGAGCGGAGGCAGG,CGAGTGAGTAGAGCTCAGGCATG,0,sg2
GACACCGAAGCAGAGTTTTTAGG,GTTAAGGAAGCAGAGTTTCAAGG,0,sg11
CCTGCCTCCGCTCTACTCACTGG,ACAACATCTGCTCTACTCATTGG,0,sg7
AAATGAGAAGAAGAGGCACAGGG,CAAAGGGAAGAAGAGGGAGAGGG,0,sg9
CTTGCCCCACAGGGCAGTAACGG,GTTTCCCCACAGGGCGGTTTGGG,0,sg3
AAATGAGAAGAAGAGGCACAGGG,AAATGAGAATTAAAACCACAGTG,0,sg9
ATGAACACCAGTGAGTAGAGCGG,CTGAGCACCAGTGAGTACGAAGG,0,sg6
GGGTGGGGGGAGTTTGCTCCTGG,GGGTGGGGGCAGTTTACAACAGG,0,sg8
GGGTGGGGGGAGTTTGCTCCTGG,GTGTGGGCTGCATTTGCTCCTAG,0,sg8
GGGTGGGGGGAGTTTGCTCCTGG,GGGTGGGGGGAGCCCTCTCCTAC,0,sg8
GACACCGAAGCAGAGTTTTTAGG,GCCAAGGAAGCAGAGGTTGTAGT,0,sg11
GGGTGGGGGGAGTTTGCTCCTGG,GGTGGTGGGCTATTTGCTCCTGG,0,sg8
AACACCAGTGAGTAGAGCGGAGG,AATACCAGTGAGGAGATCTGTGC,0,sg1
CCTGCCTCCGCTCTACTCACTGG,CCTGCCTCCCCTCTGTTTGCTGA,0,sg7
CTTGCCCCACAGGGCAGTAACGG,CTTGCCCCAGAGGCCAGGCCCAG,0,sg3
AATGACCACTACATCCTCAAGGG,AATGACCACTGAAAACTCAGAGG,0,sg5
GGGTGGGGGGAGTTTGCTCCTGG,TGGGTGGGGGAGTTTGTTCCTTT,0,sg8
AAATGAGAAGAAGAGGCACAGGG,TTAAGAGAAGAAGAGGGAAAGAG,0,sg9
ATGAACACCAGTGAGTAGAGCGG,GTGAATACCAGTGAGAATACCTG,0,sg6
TGACATCAATTATTATACATCGG,TGACCTCAATTATTATCTGTGTG,0,sg10
GGGTGGGGGGAGTTTGCTCCTGG,GGAGGGCTGGAGTTTGCTTCTGG,0,sg8
ATGAACACCAGTGAGTAGAGCGG,CTGCACTCCAGTGAGTAGTCCGT,0,sg6
AATGACCACTACATCCTCAAGGG,GCTAAACACTACATCTTCAGGGG,0,sg5
GACACCGAAGCAGAGTTTTTAGG,GAAACAGAAGCAGAGTTCATATT,0,sg11
AAATGAGAAGAAGAGGCACAGGG,TAATGAGAAGAAAACAGTCAGGG,0,sg9
GGGTGGGGGGAGTTTGCTCCTGG,GGGTGGGGGGATATCGGACTTGG,0,sg8
GACACCGAAGCAGAGTTTTTAGG,GACTCTGAAGCAGAGTACCTAGC,0,sg11
AAATGAGAAGAAGAGGCACAGGG,AAATGAGAACAGTATCTACAGGG,0,sg9
AATGACCACTACATCCTCAAGGG,AAAGACCACTACATCTCCAAGAC,0,sg5
CCAGTGAGTAGAGCGGAGGCAGG,ACAGTGAGTAGACTGGAGAAAGC,0,sg2
GGGTGGGGGGAGTTTGCTCCTGG,GGGTGGGGGAGGGATGATCTTGG,0,sg8
CCTGCCTCCGCTCTACTCACTGG,CCAGGATCTGCTCTACTCACTCC,0,sg7
ATGAACACCAGTGAGTAGAGCGG,TTAAACACTAGTGAGTAGCGGGG,0,sg6
AATGACCACTACATCCTCAAGGG,AATGACCACTACAGCCAGAGGTG,0,sg5
TGACATCAATTATTATACATCGG,TGACATCAACTGGTACACATCTG,0,sg10
GACACCGAAGCAGAGTTTTTAGG,GAAACAGAAGCAGAGTTGATTGT,0,sg11
AAATGAGAAGAAGAGGCACAGGG,AAGAGGGCAGAAGAGGCAGAGGC,0,sg9
CCTGCCTCCGCTCTACTCACTGG,CCTGCCTCCCCTCAAGTCCCAGA,0,sg7
AAATGAGAAGAAGAGGCACAGGG,ACATGAGAACGTGAGGCACAGGG,0,sg9
AAATGAGAAGAAGAGGCACAGGG,AACTGAGAAGAAAAAGAACATGA,0,sg9
GGTCCTGCCGCTGCTTGTCATGG,GGTCCTGCTGCTTGTTCTTGTGG,0,sg4
AAATGAGAAGAAGAGGCACAGGG,AAATGAGAAAGAGAGACAAAAGG,0,sg9
AAATGAGAAGAAGAGGCACAGGG,AAATGAGAATAATAGCCAATGGT,0,sg9
AAATGAGAAGAAGAGGCACAGGG,AAATGAGAAACAGAGAAGCAAGG,0,sg9
GGGTGGGGGGAGTTTGCTCCTGG,GGGTGGGGGGTGTTCGGCCCTCC,0,sg8
TGACATCAATTATTATACATCGG,TGACATCAATATTTTGACATCCT,0,sg10
AAATGAGAAGAAGAGGCACAGGG,AAATGAGAAGATGAGCAAGAGGG,0,sg9
AAATGAGAAGAAGAGGCACAGGG,AGAAGAAGAGAAGAGGGAAAGGG,0,sg9
GGGTGGGGGGAGTTTGCTCCTGG,GGGTGGGGGGAGGGGGCTTCATG,0,sg8
AAATGAGAAGAAGAGGCACAGGG,AAGTCAGAAGAAGAGGCCTAGTT,0,sg9
AATGACCACTACATCCTCAAGGG,AATGACCACCCCAATCCCAAGGC,0,sg5
ATGAACACCAGTGAGTAGAGCGG,ATAAAAACAAGTGAGTAGAGAAA,0,sg6
AAATGAGAAGAAGAGGCACAGGG,ACATAATATGAAGAGGCACTGGG,0,sg9
AAATGAGAAGAAGAGGCACAGGG,AGATGAGAAGAAGTGGTAAAAGA,0,sg9
GGGTGGGGGGAGTTTGCTCCTGG,GGGTTTGGGGAGTTTGTTTTTTG,0,sg8
AAATGAGAAGAAGAGGCACAGGG,CAAAGGAAAGAAGAGGCACTGAG,0,sg9
CTTGCCCCACAGGGCAGTAACGG,AAAGCCCCACAGGGCAGGACCTG,0,sg3
GACACCGAAGCAGAGTTTTTAGG,TACATACAAGTAGAGTTTTTAGG,0,sg11
AATGACCACTACATCCTCAAGGG,TTTGTTCACTATATCCTCAAGGC,0,sg5
AAATGAGAAGAAGAGGCACAGGG,TGATGAGAAACTGAGGCACAGAG,0,sg9
GGTCCTGCCGCTGCTTGTCATGG,GCTGCTGCTGCTGCTTGTCAAAC,0,sg4
AAATGAGAAGAAGAGGCACAGGG,CAATGAGAACTGGAGGCACAGAG,0,sg9
GGGTGGGGGGAGTTTGCTCCTGG,GTGTGGGGGGAGTTGGAACCGGG,0,sg8
CCAGTGAGTAGAGCGGAGGCAGG,CCAGTGAGTGCCGCAGGGGCAGG,0,sg2
AAATGAGAAGAAGAGGCACAGGG,AAATGAGAAGAATAGGAGCAGAA,0,sg9
AAATGAGAAGAAGAGGCACAGGG,GAATGCGAATGTGAGGCACAGGC,0,sg9
CTTGCCCCACAGGGCAGTAACGG,AGTGTCCCACAGGGCAGGAATGA,0,sg3
GGGTGGGGGGAGTTTGCTCCTGG,GGGTGGGGGGATTTTGCCTTTTT,0,sg8
GAATCCTAAAAACTCTGCTTCGG,GTATCCTAAAAACTTTGCCGATG,0,sg12
GGGTGGGGGGAGTTTGCTCCTGG,GGGTGGGGGGAGTAGGCTGGGGG,0,sg8
AATGACCACTACATCCTCAAGGG,AAGGAACAGCTCATCCTCAAGGA,0,sg5
AATGACCACTACATCCTCAAGGG,AAAGACCAGTGCATCCTCAAGCA,0,sg5
CCTGCCTCCGCTCTACTCACTGG,CTTGCTTTCGCTCTACTCTGTGG,0,sg7
AAATGAGAAGAAGAGGCACAGGG,AGGAGAGAAGAAGAGGCACAGAG,0,sg9
TGACATCAATTATTATACATCGG,TAACATCAATTATTTTAAATTAA,0,sg10
AAATGAGAAGAAGAGGCACAGGG,AAAGGGTTAGAAGAGGCAATGGG,0,sg9
CCTGCCTCCGCTCTACTCACTGG,CCTCCCTCTGCTCTAGCCACAAG,0,sg7
GAATCCTAAAAACTCTGCTTCGG,TGAACTTAAAAACTCTGTTTAGG,0,sg12
AAATGAGAAGAAGAGGCACAGGG,ACAGCAGAAGAAGAGGCAAGGGA,0,sg9
GGGTGGGGGGAGTTTGCTCCTGG,GGGTGGGGGAAAATTCTCCCTGG,0,sg8
AAATGAGAAGAAGAGGCACAGGG,AAAGGAGAGGTCGAGGCACAGGT,0,sg9
GGGTGGGGGGAGTTTGCTCCTGG,GGGTGGGGGGTCCTTGCTCCCAG,0,sg8
AAATGAGAAGAAGAGGCACAGGG,AAAAAACCAGAAGAGGCACACAG,0,sg9
GGGTGGGGGGAGTTTGCTCCTGG,GGGTGGGGGGAGCTGTATGCGGG,0,sg8
AAATGAGAAGAAGAGGCACAGGG,AAAACACATAAAGAGGCACAGGG,0,sg9
AACACCAGTGAGTAGAGCGGAGG,AACACCAGTGACTCTGAAGGAGG,0,sg1
CTTGCCCCACAGGGCAGTAACGG,CTCCACCCACAGGGCAGCAGCTG,0,sg3
AACACCAGTGAGTAGAGCGGAGG,AATACCAGTGAGAAGACCTTAGT,0,sg1
AAATGAGAAGAAGAGGCACAGGG,AAAAGAAAAGAAGAGGCAAGAAG,0,sg9
AAATGAGAAGAAGAGGCACAGGG,AAATGAGAAAAAGAGGCTGGGCG,0,sg9
CTTGCCCCACAGGGCAGTAACGG,GTTGCAATAGAAGGCAGTAACGG,0,sg3
CCAGTGAGTAGAGCGGAGGCAGG,CCAGTGAGTACACAGGTGGTAGC,0,sg2
GACACCGAAGCAGAGTTTTTAGG,AAATCCGAAGCAGAGATTATAGT,0,sg11
CTTGCCCCACAGGGCAGTAACGG,CTTACCCCACAGGGCTGCTGGGG,0,sg3
GGGTGGGGGGAGTTTGCTCCTGG,GGATGGAGGGAGTTTGCTCCTGG,1,sg8
AAATGAGAAGAAGAGGCACAGGG,AAATGAGAAGGAAAAGGACAGGG,0,sg9
GAATCCTAAAAACTCTGCTTCGG,GAATCCTAAAACTGCTGCTGCAC,0,sg12
AACACCAGTGAGTAGAGCGGAGG,GAGACCAGTGAGCAAAGCTGAGT,0,sg1
GACACCGAAGCAGAGTTTTTAGG,CAGACTGAAGCAGAGATTTAAGA,0,sg11
AAATGAGAAGAAGAGGCACAGGG,AATGTGGAAAATGAGGCACAGGG,0,sg9
AATGACCACTACATCCTCAAGGG,GTAAATCACTTCATCCTCAAGGG,0,sg5
CCTGCCTCCGCTCTACTCACTGG,CCTGCCTCCTCCCTTCCCTGTGG,0,sg7
CTTGCCCCACAGGGCAGTAACGG,TTTCCCCCACAGGGCGGAGAAGG,0,sg3
ATGAACACCAGTGAGTAGAGCGG,AGAAACACCAGTGTGTCTAGTGG,0,sg6
GGGTGGGGGGAGTTTGCTCCTGG,GGGTGGGGGGAATTTCCTCCCCT,0,sg8
GACACCGAAGCAGAGTTTTTAGG,GTCAACGAAGCAGAGTTGTTGGG,1,sg11
ATGAACACCAGTGAGTAGAGCGG,ATGAACACCTATATGTATTGCGG,0,sg6
AAATGAGAAGAAGAGGCACAGGG,GAAGGAGATGAAGAAGAAGAGGG,0,sg9
AAATGAGAAGAAGAGGCACAGGG,TTATGAGAAGAAGAGACATAGGA,0,sg9
GGGTGGGGGGAGTTTGCTCCTGG,TGGTGGGGGGAGGTGGCTCTTTA,0,sg8
TGACATCAATTATTATACATCGG,GGACATCAATTATAATATCTTGG,0,sg10
CCAGTGAGTAGAGCGGAGGCAGG,CCAGTGAGTGGGGAAGAGGACGG,0,sg2
CCTGCCTCCGCTCTACTCACTGG,CATCTCTGGGCTCTACTCACTGG,0,sg7
AACACCAGTGAGTAGAGCGGAGG,AACACCAGTGGGCAGAGCAGTGC,0,sg1
TGACATCAATTATTATACATCGG,TAGCATCAATTATTTTTCTTCGG,0,sg10
AACACCAGTGAGTAGAGCGGAGG,AACACCAGTGCATAGAGCAAACA,0,sg1
GGTCCTGCCGCTGCTTGTCATGG,GGTCCTGCCTCTTTTTCTGCTGG,0,sg4
TGACATCAATTATTATACATCGG,TGTAATCAATTATTACATATAGT,0,sg10
GGTCCTGCCGCTGCTTGTCATGG,GGCCCTGCCGCTGCCGGCCTTCG,0,sg4
AAATGAGAAGAAGAGGCACAGGG,AAATGAGAAACTGAGGCCCAAAG,0,sg9
AAATGAGAAGAAGAGGCACAGGG,AAATGAGAAGAAGACAAAGAGGA,0,sg9
AATGACCACTACATCCTCAAGGG,AGAGGACAGGACATCCTCAAGGG,0,sg5
GGTCCTGCCGCTGCTTGTCATGG,GGCCTGGCCGCTGCTTCTCCTGG,0,sg4
ATGAACACCAGTGAGTAGAGCGG,AAGAACACCAGTGCGTCAAACAG,0,sg6
GGGTGGGGGGAGTTTGCTCCTGG,GTGAAGGGGGAGTTTTCTCTTGG,0,sg8
GACACCGAAGCAGAGTTTTTAGG,GCCAAACAAGCAGAGTTTTTAGT,0,sg11
AAATGAGAAGAAGAGGCACAGGG,AAATGAGAACCAGAGAGAGAGAG,0,sg9
GAATCCTAAAAACTCTGCTTCGG,GAAACCTGAAAACTCTGCTTACT,0,sg12
GGGTGGGGGGAGTTTGCTCCTGG,TGCATGGGGGAGTTTGTTCCTAG,0,sg8
GAATCCTAAAAACTCTGCTTCGG,GAATCTTAAAAACTCTGTTAACA,0,sg12
GGGTGGGGGGAGTTTGCTCCTGG,GGGTGGGGGGCGGTTTCACCATG,0,sg8
AAATGAGAAGAAGAGGCACAGGG,AGGAGAGGAGAAGAGGCAGAGGG,0,sg9
AACACCAGTGAGTAGAGCGGAGG,GAAACCAGTGAGTAGAGAACAGG,0,sg1
AAATGAGAAGAAGAGGCACAGGG,AGCTGAGAAGAAGGGCTACAAGG,0,sg9
GACACCGAAGCAGAGTTTTTAGG,AGCACTGAAGCAGAGATTTCAGG,0,sg11
AACACCAGTGAGTAGAGCGGAGG,AACACCAGTGTGGAGGGCTGATT,0,sg1
GGGTGGGGGGAGTTTGCTCCTGG,GGGTGGGGGGTGGGGTCTCCTCG,0,sg8
AAATGAGAAGAAGAGGCACAGGG,AAGCAAAAAGAAGAGGCAGAGAG,0,sg9
AAATGAGAAGAAGAGGCACAGGG,AAATGAGAAGAGGAGGTCAAGAA,0,sg9
CCTGCCTCCGCTCTACTCACTGG,ACTGACACTGCCCTACTCACTAG,0,sg7
CCTGCCTCCGCTCTACTCACTGG,CGTCTCTCCGCTCTACTTATTGT,0,sg7
AAATGAGAAGAAGAGGCACAGGG,ATAAGGGAAGAAGAGACACTGAG,0,sg9
AAATGAGAAGAAGAGGCACAGGG,CAGTGAGGAGAAGAGGCAGAATG,0,sg9
CCAGTGAGTAGAGCGGAGGCAGG,CCAGTGAGTAGAACTCAGAGAGC,0,sg2
AAATGAGAAGAAGAGGCACAGGG,AAATGAGAACCTGAGGCCTGGGG,0,sg9
AAATGAGAAGAAGAGGCACAGGG,AAATGAGAAGAGAATGCAGATGG,0,sg9
CTTGCCCCACAGGGCAGTAACGG,ATGGGCCCACAGGGCAGAAACAC,0,sg3
CCTGCCTCCGCTCTACTCACTGG,CCTGCCTCCGTGACACTTGCTGG,0,sg7
GGGTGGGGGGAGTTTGCTCCTGG,GGGTGGGGGGAGATTGCAGTGAG,0,sg8
CCTGCCTCCGCTCTACTCACTGG,CCTGCCTCCACACCACTCAATGT,0,sg7
AAATGAGAAGAAGAGGCACAGGG,ATATGAGAAGAAACTGCACAAGG,0,sg9
AAATGAGAAGAAGAGGCACAGGG,GAAAGAGGGGAAGAGGCAAAGGG,0,sg9
ATGAACACCAGTGAGTAGAGCGG,ATGAGAAAAAGTGAGTAGACAGG,0,sg6
ATGAACACCAGTGAGTAGAGCGG,ATGAACACCTGGGATCTGAGTGG,0,sg6
GGGTGGGGGGAGTTTGCTCCTGG,AGGGTGGGGGTGTTTGGTCCTTG,0,sg8
TGACATCAATTATTATACATCGG,GGACATTATGTTTTATACATCGA,0,sg10
GGTCCTGCCGCTGCTTGTCATGG,GACTCACCCGCTGCTTGTCCTGG,0,sg4
GGGTGGGGGGAGTTTGCTCCTGG,GGGGTGGGGGAGGTTGCTTCCTG,0,sg8
TGACATCAATTATTATACATCGG,TTCCATCAATTATTCTAAATTGG,0,sg10
AAATGAGAAGAAGAGGCACAGGG,AAATGACCAGCAGAGGCACAGTT,0,sg9
CCTGCCTCCGCTCTACTCACTGG,TCTCCCTCTTCCCTACTCACTGG,0,sg7
AAATGAGAAGAAGAGGCACAGGG,ACATTATCAGAAGAGGCAGAGGG,0,sg9
AAATGAGAAGAAGAGGCACAGGG,GATTGGGAAATAGAGGCACAGTG,0,sg9
CTTGCCCCACAGGGCAGTAACGG,GTTGCCCCACAGATCACTAATGT,0,sg3
AAATGAGAAGAAGAGGCACAGGG,AAATGAGAAAAAAGGGCAGTGAG,0,sg9
AAATGAGAAGAAGAGGCACAGGG,AAATGAGAAGTGGAGACCCAGGA,0,sg9
AAATGAGAAGAAGAGGCACAGGG,GATGGGCAAGAAGAGGCACAGTG,0,sg9
ATGAACACCAGTGAGTAGAGCGG,GTGGGCACCAGTGAGTACTGTGG,0,sg6
CCAGTGAGTAGAGCGGAGGCAGG,CCTTTGAGGGGTGCGGAGGCAGG,0,sg2
GGTCCTGCCGCTGCTTGTCATGG,GGTCCTGCCGTTGTTTGAGACGG,0,sg4
AACACCAGTGAGTAGAGCGGAGG,ATCAGAAGTGAGTAGGGTGGAGA,0,sg1
GGGTGGGGGGAGTTTGCTCCTGG,TGGGGGGGGGGGTTGACTCTTGG,0,sg8
GGGTGGGGGGAGTTTGCTCCTGG,GGGCGGGGGGAGATTCTTATTGG,0,sg8
ATGAACACCAGTGAGTAGAGCGG,TGGAACACCAGTGAGTTTAGGAG,0,sg6
GGGTGGGGGGAGTTTGCTCCTGG,GGGTGGGGGATGGTGGCTCATGC,0,sg8
AATGACCACTACATCCTCAAGGG,AATGACTATTACATCCTCATACC,0,sg5
CTTGCCCCACAGGGCAGTAACGG,GTGGCCCCACAGGGAGGAAACCG,0,sg3
CCAGTGAGTAGAGCGGAGGCAGG,CCGGTGAGTAGAGCCCAGGAATG,0,sg2
CCAGTGAGTAGAGCGGAGGCAGG,TCGGTGACCAGGGCGGAGGCATG,0,sg2
AAATGAGAAGAAGAGGCACAGGG,AGATTATGATCAGAGGCACAGGG,0,sg9
CTTGCCCCACAGGGCAGTAACGG,CTTGCCCCAAAAGGCATTGTCAG,0,sg3
AACACCAGTGAGTAGAGCGGAGG,AACAGCCCTGAGTAGAGCTGTGT,0,sg1
AAATGAGAAGAAGAGGCACAGGG,AATTTTGGAGAAGAGGCATATGG,0,sg9
TGACATCAATTATTATACATCGG,TGAATTCTATTATTATACTTCAG,0,sg10
AAATGAGAAGAAGAGGCACAGGG,CATGGAGTAGAAGAGGCAGAGGT,0,sg9
AAATGAGAAGAAGAGGCACAGGG,AAATGAGAAGAAAAGTTACCAGA,0,sg9
AAATGAGAAGAAGAGGCACAGGG,AAATGAGAATAAAAGGAATTGTG,0,sg9
AAATGAGAAGAAGAGGCACAGGG,TAATGAGAAGAAATGACGGAGGG,0,sg9
CTTGCCCCACAGGGCAGTAACGG,CTTGCCCCATAAAGAAGTGACAG,0,sg3
TGACATCAATTATTATACATCGG,TGATATACATTATTATACATATC,0,sg10
AAATGAGAAGAAGAGGCACAGGG,ATAAGAGAAGAAGAGGCAGGAGG,0,sg9
AACACCAGTGAGTAGAGCGGAGG,ATAACCAGTGAGTAGCACAGGGG,0,sg1
AAATGAGAAGAAGAGGCACAGGG,AGAAAAGAAAAAGAGGCACAGAT,0,sg9
CCAGTGAGTAGAGCGGAGGCAGG,ACAATAAGTAGAGCGGAGAGACG,0,sg2
GAATCCTAAAAACTCTGCTTCGG,CACTTTTAAAAACTCTGCATCAG,0,sg12
CCAGTGAGTAGAGCGGAGGCAGG,GAAGGGCGTGGAGCGGAGGCACG,0,sg2
TGACATCAATTATTATACATCGG,TGACATCAATCATCAAACCTCAT,0,sg10
AAATGAGAAGAAGAGGCACAGGG,AACTGAGAAGAATAGGAAAAAAG,0,sg9
AAATGAGAAGAAGAGGCACAGGG,CAAAGAGAAGAAGAGAGAAAAGG,0,sg9
AAATGAGAAGAAGAGGCACAGGG,AGGTGCCATGAAGAGGCACATGG,0,sg9
AAATGAGAAGAAGAGGCACAGGG,TGCTGGGGAGCAGAGGCACAGGG,0,sg9
GACACCGAAGCAGAGTTTTTAGG,AAAAACAAAGCTGAGTTTTTAAG,0,sg11
AAATGAGAAGAAGAGGCACAGGG,AATGGGGAAAATGAGGCACAGGG,0,sg9
CTTGCCCCACAGGGCAGTAACGG,GATTCCCCCCAGGGCAGTGTCGG,0,sg3
GGGTGGGGGGAGTTTGCTCCTGG,GGGGGTGGGGGGTTGGGTGCTGG,0,sg8
GAATCCTAAAAACTCTGCTTCGG,GAATCCTAAATAATTTGCTGTGA,0,sg12
AAATGAGAAGAAGAGGCACAGGG,AAGATAAAAGAAGAGGCACAAAG,0,sg9
AATGACCACTACATCCTCAAGGG,AATGACCACCCCAGCCTGTAAGG,0,sg5
GGTCCTGCCGCTGCTTGTCATGG,GTGCCTGCCGCTGCCTGTTTGGG,0,sg4
CCTGCCTCCGCTCTACTCACTGG,ACTCACTCTGCTCTACTCACAGT,0,sg7
CCTGCCTCCGCTCTACTCACTGG,CTAGCCTCCGCTCCTCTCGCTGG,0,sg7
AAATGAGAAGAAGAGGCACAGGG,AAAAAAGAAGAAGAGAGAAAGGA,0,sg9
GGGTGGGGGGAGTTTGCTCCTGG,GGGTGGGGGAAGCTTGTGCCTGA,0,sg8
GAATCCTAAAAACTCTGCTTCGG,GAATACTGAAAACTCTGCATGGT,0,sg12
AAATGAGAAGAAGAGGCACAGGG,ATGAGAGATACAGAGGCACAGGG,0,sg9
CCTGCCTCCGCTCTACTCACTGG,ACTGCCTCCGCTCGGCTGCCAGG,0,sg7
CCAGTGAGTAGAGCGGAGGCAGG,TCAGGAAACAGCGCGGAGGCAGG,0,sg2
AAATGAGAAGAAGAGGCACAGGG,AAATGAGAATAGAAGTCAACGGG,0,sg9
GACACCGAAGCAGAGTTTTTAGG,GAGACCGAAGCAGGGTGGTGAGG,0,sg11
CCAGTGAGTAGAGCGGAGGCAGG,CCAGTGAGTTTAGCAGAGGCCAA,0,sg2
GACACCGAAGCAGAGTTTTTAGG,GAAACAGAAGCAGAGTGATTACG,0,sg11
AAATGAGAAGAAGAGGCACAGGG,AAGTGGGAAGAAGAGCCGCGGGC,0,sg9
AAATGAGAAGAAGAGGCACAGGG,AGATGAGAAGAAAAGGGAAATGC,0,sg9
GAATCCTAAAAACTCTGCTTCGG,AAAGCCTTAAAACTCTGCTTACT,0,sg12
AAATGAGAAGAAGAGGCACAGGG,AAATGAGAAGAAAGGGCAATGCA,0,sg9
AAATGAGAAGAAGAGGCACAGGG,AAGTCAGAAGAAGAAGAAGAGGG,0,sg9
AAATGAGAAGAAGAGGCACAGGG,ATATGAGAAGAAAAGGGGTATGG,0,sg9
GGGTGGGGGGAGTTTGCTCCTGG,GGTTGGGGGGAGTGGGATCTTAG,0,sg8
AAATGAGAAGAAGAGGCACAGGG,AAAAGAGAAGAAGAGAAAAAGAA,0,sg9
AACACCAGTGAGTAGAGCGGAGG,GATCCCAGTGAGTAGAGCTGATC,0,sg1
AACACCAGTGAGTAGAGCGGAGG,ATGAGTAGTAAGTAGAGCGGAGG,0,sg1
GAATCCTAAAAACTCTGCTTCGG,AACTCCTTAAAACTCTGCATAAG,0,sg12
GGGTGGGGGGAGTTTGCTCCTGG,GGGTCGGGGGAGTTTGCTCAGAG,0,sg8
CTTGCCCCACAGGGCAGTAACGG,CCTGCGCCACAGGGCAGTGCTAG,0,sg3
GACACCGAAGCAGAGTTTTTAGG,AAAACTGAAGCAGAGTTTATACG,0,sg11
GACACCGAAGCAGAGTTTTTAGG,GACACGGAAGCAGAGATTGCCAG,0,sg11
TGACATCAATTATTATACATCGG,ACACACTGATTATTATACAGCGG,0,sg10
AAATGAGAAGAAGAGGCACAGGG,AAATGTCCAGAAGAGGCATGAGG,0,sg9
CTTGCCCCACAGGGCAGTAACGG,CTTTCTCCTCAGGGCAGTTAAGT,0,sg3
AAATGAGAAGAAGAGGCACAGGG,AGGAGAGAAGAAGAGGAAGAGGG,0,sg9
AAATGAGAAGAAGAGGCACAGGG,AGAAGAGAAGAAGAAGAAAAGGA,0,sg9
GGGTGGGGGGAGTTTGCTCCTGG,GGAGGTGGGCAGTTTGCTCCTAT,0,sg8
AAATGAGAAGAAGAGGCACAGGG,AAGTGAGGAGAAGAGGCAGGATG,0,sg9
CCTGCCTCCGCTCTACTCACTGG,CTTCTCACAGCTCTACTCAGTGG,0,sg7
AAATGAGAAGAAGAGGCACAGGG,AAATGAGAAGAACGTGCAAAGTT,0,sg9
CCTGCCTCCGCTCTACTCACTGG,CCTGCCTCCTTTCTAAGGACTGT,0,sg7
CCAGTGAGTAGAGCGGAGGCAGG,ACAGTGAGTAGAGCAGAGAGAAG,0,sg2
AAATGAGAAGAAGAGGCACAGGG,CAATGAGAAGAAAAGGAAGATGT,0,sg9
GGGTGGGGGGAGTTTGCTCCTGG,CTGGGGGTGGAGTTTGCTCTTGA,0,sg8
GGGTGGGGGGAGTTTGCTCCTGG,GTGGGGGTAGAGTTTGCTCCAGG,0,sg8
GACACCGAAGCAGAGTTTTTAGG,TTAAGGGAAGCAGAGTTTTTAGA,0,sg11
AAATGAGAAGAAGAGGCACAGGG,TTAGGAGAAGAAGAGAGGCAGGG,0,sg9
GGGTGGGGGGAGTTTGCTCCTGG,GGGTGGGGGGTGTTGGCTCATGC,0,sg8
AAATGAGAAGAAGAGGCACAGGG,GAATGAGAAGAAGAGACACAGTT,0,sg9
CCTGCCTCCGCTCTACTCACTGG,CCTGCGGCAGCTCTACTCTCTGG,0,sg7
AAATGAGAAGAAGAGGCACAGGG,GAGTAGGATGAAGAGGCAGAGGG,0,sg9
AAATGAGAAGAAGAGGCACAGGG,AATTGAGAAGAAGATGCAGAGAT,0,sg9
TGACATCAATTATTATACATCGG,TGTAATAAATTATTATACTTCTG,0,sg10
CCAGTGAGTAGAGCGGAGGCAGG,TCAGTGAGTAGAGATGATGAGGG,0,sg2
GGGTGGGGGGAGTTTGCTCCTGG,GGGTGGGGGGCGTGAGCGCCGCG,0,sg8
GAATCCTAAAAACTCTGCTTCGG,GAATTTTAAAAACTCAGCTAACG,0,sg12
AATGACCACTACATCCTCAAGGG,GATGACCACTACTTCCAGAAAGA,0,sg5
AAATGAGAAGAAGAGGCACAGGG,TAAAAAGAGGAAGAGGCACCAGG,0,sg9
CCTGCCTCCGCTCTACTCACTGG,CCTGCCTCCACTCTGCTCCAGCG,0,sg7
ATGAACACCAGTGAGTAGAGCGG,ATGAACACCGCTGGGCAGAGCCA,0,sg6
CCAGTGAGTAGAGCGGAGGCAGG,ACAGTGAGTAGAGGCCAGGAATG,0,sg2
ATGAACACCAGTGAGTAGAGCGG,ATGGTTATCAGTGAGTAGAAAGG,0,sg6
ATGAACACCAGTGAGTAGAGCGG,ATTAAAACCAGTGAGGTGATCTG,0,sg6
GGGTGGGGGGAGTTTGCTCCTGG,AGGCTCAGGGAGTTTGCTGCTGG,0,sg8
CCTGCCTCCGCTCTACTCACTGG,CCTGCCTCCCCTTTCTCCACTGG,0,sg7
TGACATCAATTATTATACATCGG,TGACATCAAATATGAGATAGGGG,0,sg10
AAATGAGAAGAAGAGGCACAGGG,AAATGAGAAAAATAGGGCAAGGT,0,sg9
TGACATCAATTATTATACATCGG,TGACATCAATGAAAAGAGATAGG,0,sg10
CTTGCCCCACAGGGCAGTAACGG,CTTGCCCCACAGGGTGGCTGAGG,0,sg3
AAATGAGAAGAAGAGGCACAGGG,AAAAGAGAAGAAGAGGAAGACTC,0,sg9
AAATGAGAAGAAGAGGCACAGGG,TTTTGAGGAGAGGAGGCACAGGG,0,sg9
AAATGAGAAGAAGAGGCACAGGG,AAATGAGAAGAAGAGACAGAGAT,0,sg9
GAATCCTAAAAACTCTGCTTCGG,CATTCCTAAAAACTATAGTTCAG,0,sg12
GGTCCTGCCGCTGCTTGTCATGG,AATACTGATGCTGCTTGTCAGGG,0,sg4
AACACCAGTGAGTAGAGCGGAGG,TACAGCAACGAGTAGAGCTGTGG,0,sg1
AAATGAGAAGAAGAGGCACAGGG,AAATGAGAACAGGAGGTATGGGA,0,sg9
GGGTGGGGGGAGTTTGCTCCTGG,GGGTGGGGGGTGTTTGTCCCCCA,0,sg8
GAATCCTAAAAACTCTGCTTCGG,GATTGCTATAAACTCTGCTTTCA,0,sg12
AAATGAGAAGAAGAGGCACAGGG,AAAAGCTGAGAAGAGGCACCAGG,0,sg9
AAATGAGAAGAAGAGGCACAGGG,AGCTGAGAACAGGAGGCACAGGC,0,sg9
CCAGTGAGTAGAGCGGAGGCAGG,CCAGTGAGTAGACTGGGGGTGTG,0,sg2
GGTCCTGCCGCTGCTTGTCATGG,GGTCCTGCCACTGCTCCCCAGGG,0,sg4
GGTCCTGCCGCTGCTTGTCATGG,TGTTCTCCTGCTGCTTGTCTTGG,0,sg4
AATGACCACTACATCCTCAAGGG,AATTAAATCAAAATCCTCAAGGG,0,sg5
AAATGAGAAGAAGAGGCACAGGG,AAATGGAAAGCAGAGGCACAGAA,0,sg9
AAATGAGAAGAAGAGGCACAGGG,ACATGAGCGGTGGAGGCACAGAG,0,sg9
AAATGAGAAGAAGAGGCACAGGG,AAGACAGTTGAAGAGGCAGAGGG,0,sg9
AAATGAGAAGAAGAGGCACAGGG,AAATGAGAAAATGTGAGACAGGA,0,sg9
AAATGAGAAGAAGAGGCACAGGG,ATTTCAGAAGAAGAGACACAGGA,0,sg9
TGACATCAATTATTATACATCGG,TGTCACCAATTATTACACATTGG,1,sg10
ATGAACACCAGTGAGTAGAGCGG,ATGAACACCACTGAGTGAAGGGT,0,sg6
CCAGTGAGTAGAGCGGAGGCAGG,CCGGTGAGTAGAGAGGGGTCAGA,0,sg2
AAATGAGAAGAAGAGGCACAGGG,GAAGGAGAAGAAGAGGAGGAAGG,0,sg9
TGACATCAATTATTATACATCGG,TGAAACCAATTATTATTCAGAGC,0,sg10
AATGACCACTACATCCTCAAGGG,AATGACCACCCCACCCCACAGGG,0,sg5
TGACATCAATTATTATACATCGG,TGACATCAATTAATATACTCCGA,0,sg10
GACACCGAAGCAGAGTTTTTAGG,CACAATGAAGCAGAGTGTTGTGG,0,sg11
AAATGAGAAGAAGAGGCACAGGG,GAGTGAGAAGAAGAGTGAGAGGG,0,sg9
AAATGAGAAGAAGAGGCACAGGG,TAAAGGGAAAATGAGGCACAGAG,0,sg9
CTTGCCCCACAGGGCAGTAACGG,TGGGCCCCACAGGGAAGAAAAGG,0,sg3
TGACATCAATTATTATACATCGG,TGGCATCAATTATTAAAAATAAA,0,sg10
AAATGAGAAGAAGAGGCACAGGG,AAATGAGAAGGCCAGGCATGGTG,0,sg9
AAATGAGAAGAAGAGGCACAGGG,AATAATGAGGAAGAGGCAAAGGG,0,sg9
GAATCCTAAAAACTCTGCTTCGG,GCATCCTAAAAACACAGCTCAAG,0,sg12
ATGAACACCAGTGAGTAGAGCGG,GTGAAAAGCAAGGAGTAGAGCTG,0,sg6
AAATGAGAAGAAGAGGCACAGGG,AAAGAAGAAGAAGAGGAATAGGA,0,sg9
AAATGAGAAGAAGAGGCACAGGG,AAATGAGAACAATAGGTGCATAG,0,sg9
AAATGAGAAGAAGAGGCACAGGG,AAATGAGAAAAGCAAGCATAAGG,0,sg9
CCTGCCTCCGCTCTACTCACTGG,CCTCTCAAACCTCTACTCACTGG,0,sg7
GGGTGGGGGGAGTTTGCTCCTGG,AAGTGAGTAGAGTTTGCTCCTGC,0,sg8
GAATCCTAAAAACTCTGCTTCGG,TAATCCTAAAAATTATACTGAGG,0,sg12
AAATGAGAAGAAGAGGCACAGGG,AAATGAGAAGACAAGTCATAGAC,0,sg9
AAATGAGAAGAAGAGGCACAGGG,AAATGGGAAGAGGCAACACAGTG,0,sg9
AATGACCACTACATCCTCAAGGG,GAGGCCCATTGGATCCTCAAGGG,0,sg5
ATGAACACCAGTGAGTAGAGCGG,ATGAACACCAGTGACTTTTACAG,0,sg6
AAATGAGAAGAAGAGGCACAGGG,AGAGGAGAAACTGAGGCACAGAG,0,sg9
TGACATCAATTATTATACATCGG,TGACATCAAATATAATTGACCGT,0,sg10
GGTCCTGCCGCTGCTTGTCATGG,GTTCTAGACTCTGCTTGTCATTG,0,sg4
CTTGCCCCACAGGGCAGTAACGG,GTTGACCCACAGGGCAGCAGTGT,0,sg3
AAATGAGAAGAAGAGGCACAGGG,CATTGAGAAGAAGAGACTGAGAG,0,sg9
GGGTGGGGGGAGTTTGCTCCTGG,GGGTGGGGGTGGGGTGGTCCGGG,0,sg8
CCTGCCTCCGCTCTACTCACTGG,CCAGCCTCCGCTAATCTCCCTTG,0,sg7
AAATGAGAAGAAGAGGCACAGGG,AAGTGTGAAGAAGAGGGAAAGTA,0,sg9
GAATCCTAAAAACTCTGCTTCGG,AAATGCAAACATCTCTGCTTCTG,0,sg12
GGTCCTGCCGCTGCTTGTCATGG,GGTCCTGCCCCAGCAGGCCATGC,0,sg4
GGGTGGGGGGAGTTTGCTCCTGG,GGGTTGGGGGAGGATGCCACCGG,0,sg8
GAATCCTAAAAACTCTGCTTCGG,CATTCCTAAAAACTCAGTTCTGG,0,sg12
GAATCCTAAAAACTCTGCTTCGG,AAATTTTAAAAACTCTGATTCTT,0,sg12
AAATGAGAAGAAGAGGCACAGGG,AGATGAGAAGAAGGTGAACTGGA,0,sg9
AAATGAGAAGAAGAGGCACAGGG,GGATGAGAAGAAGAGGGAGAGGG,0,sg9
ATGAACACCAGTGAGTAGAGCGG,ATGAACTAGAGTGAGTAGAGTCA,0,sg6
AAATGAGAAGAAGAGGCACAGGG,AAATGAAAAGAAGAGGCACAGAA,0,sg9
CCTGCCTCCGCTCTACTCACTGG,CCTGCCTCCTCACTCCTCCGTCG,0,sg7
GACACCGAAGCAGAGTTTTTAGG,GATAAGGAAGCAGAGGTTCAAGG,0,sg11
AAATGAGAAGAAGAGGCACAGGG,GAATTATTATAAGAGGCACAGGT,0,sg9
AAATGAGAAGAAGAGGCACAGGG,AAATGAGAAGAGTTGCCCAAGGG,0,sg9
AAATGAGAAGAAGAGGCACAGGG,AAGCAACAGGAAGAGGCACAGGT,0,sg9
ATGAACACCAGTGAGTAGAGCGG,ATGAACACCAGGCAGGAAAGTAG,0,sg6
GGTCCTGCCGCTGCTTGTCATGG,GCTACTGCTGCTGCTTGTCCAAG,0,sg4
ATGAACACCAGTGAGTAGAGCGG,ATGACCACCAGTGAGTGCATCTG,0,sg6
AACACCAGTGAGTAGAGCGGAGG,GAAACCAGTGAGAGGAACAGAGG,0,sg1
AAATGAGAAGAAGAGGCACAGGG,AAAAGAGGAAAAGAGGGCCAGGG,0,sg9
CCTGCCTCCGCTCTACTCACTGG,CCTGCCTCCTCACTAACCACTGT,0,sg7
AAATGAGAAGAAGAGGCACAGGG,AAATGAGAAGGAGAAGGAATGGA,0,sg9
AAATGAGAAGAAGAGGCACAGGG,AAGGGAGAAGAAGAGGAGCAGGA,0,sg9
AAATGAGAAGAAGAGGCACAGGG,AAAGAAGAAGAAGAGGTAAAAGA,0,sg9
GGGTGGGGGGAGTTTGCTCCTGG,GGGTGGGGGAAACCTGGGCCTGG,0,sg8
TGACATCAATTATTATACATCGG,TGACAGCAATTATTAAACCCCAA,0,sg10
AACACCAGTGAGTAGAGCGGAGG,AGGGCCTGGGAGTAGAGCTGAGG,0,sg1
AAATGAGAAGAAGAGGCACAGGG,AAGTGGCAAGAAGAGGCATTTGG,0,sg9
GGGTGGGGGGAGTTTGCTCCTGG,GGGTGGGGGCTGTTTTCTTCCTG,0,sg8
ATGAACACCAGTGAGTAGAGCGG,ATGAACACCAATGACTACCACTG,0,sg6
GGTCCTGCCGCTGCTTGTCATGG,GGTGTTGCCGCTGCTGGAGATGG,0,sg4
GACACCGAAGCAGAGTTTTTAGG,ACCATCGAAGCAGAGCATTGAGG,0,sg11
TGACATCAATTATTATACATCGG,TGGCCTCAATTATTAATCATCCT,0,sg10
TGACATCAATTATTATACATCGG,TAACATCAATTATTATAAGTTAT,0,sg10
AAATGAGAAGAAGAGGCACAGGG,AAAAGAGAAGAAGAGAGTGAGAG,0,sg9
GACACCGAAGCAGAGTTTTTAGG,AGAACCTAAGCAGAGTTTTAAGC,0,sg11
AACACCAGTGAGTAGAGCGGAGG,AACACCAGTGAGTGGGGCCCACC,0,sg1
AAATGAGAAGAAGAGGCACAGGG,GAGGGAGAAGCAGAGGCACAGTG,0,sg9
GGGTGGGGGGAGTTTGCTCCTGG,GGTTGGGGGGAGATGGAGCCTTG,0,sg8
GGGTGGGGGGAGTTTGCTCCTGG,GAGTTTGGGGAGTTTCCTCAAGG,0,sg8
AAATGAGAAGAAGAGGCACAGGG,CAAGAAGAAGAAGAGGAAGAGGA,0,sg9
GGTCCTGCCGCTGCTTGTCATGG,CGTCCTGCCGCTTTCTGGCAGGG,0,sg4
CCTGCCTCCGCTCTACTCACTGG,CCTGCCTCCTTTCCACTCATATG,0,sg7
AAATGAGAAGAAGAGGCACAGGG,AGAGAAGAAACAGAGGCACAGAG,0,sg9
GACACCGAAGCAGAGTTTTTAGG,GTCATTGCAGCTGAGTTTTTAGG,0,sg11
AACACCAGTGAGTAGAGCGGAGG,AGCACCAGTGAGGATTCCTGAGG,0,sg1
AATGACCACTACATCCTCAAGGG,AAGGACAGTAACATCCTCAAGGT,0,sg5
GACACCGAAGCAGAGTTTTTAGG,GAGGGTGAAGCAGAGTTATTAGA,0,sg11
GGGTGGGGGGAGTTTGCTCCTGG,GGGTGGGGGTGCTCTGTCCCTGG,0,sg8
AATGACCACTACATCCTCAAGGG,ATAGACAAATCCATCCTCAAGGG,0,sg5
GGTCCTGCCGCTGCTTGTCATGG,GAGCAGGCCGCTGCTTCTCCTGG,0,sg4
CCTGCCTCCGCTCTACTCACTGG,CCTGCCTCCCGCCGGCTCCCTGG,0,sg7
AAATGAGAAGAAGAGGCACAGGG,AAAAGGGAAGAAGAGGAAAAGAA,0,sg9
GGGTGGGGGGAGTTTGCTCCTGG,GGGTGGGGGGAGGAACCTCGTCG,0,sg8
CCAGTGAGTAGAGCGGAGGCAGG,CCGGTCCATTTAGCGGAGGCAGG,0,sg2
AAATGAGAAGAAGAGGCACAGGG,AAATGAGAATGAAAGCCAAATGG,0,sg9
TGACATCAATTATTATACATCGG,TGACATCAATCTTAATATATTAG,0,sg10
AATGACCACTACATCCTCAAGGG,ATTCATCACTACATCCTCAGCGT,0,sg5
AAATGAGAAGAAGAGGCACAGGG,AAATGAGAAACTGAGGCTCAGAC,0,sg9
GAATCCTAAAAACTCTGCTTCGG,CAAAGCTCAAAACTCTGCTTCTC,0,sg12
TGACATCAATTATTATACATCGG,GGATATATATTATTATACATTTG,0,sg10
AAATGAGAAGAAGAGGCACAGGG,CAATCACTAGAAGAGGCACTGTG,0,sg9
GACACCGAAGCAGAGTTTTTAGG,GTCAAAGAAGCAGAGTATTTTTG,0,sg11
AAATGAGAAGAAGAGGCACAGGG,AATTGATAAGAAGAGGCAGAGAC,0,sg9
CCAGTGAGTAGAGCGGAGGCAGG,ACACTCTGTAGTGCGGAGGCAGA,0,sg2
AAATGAGAAGAAGAGGCACAGGG,AAAGGGGAAGAAGAGAGTCAGAG,0,sg9
CCAGTGAGTAGAGCGGAGGCAGG,CAAGTGAGTGGGGCGGAGGCAAT,0,sg2
AATGACCACTACATCCTCAAGGG,AAGCACACCTGCATCCTCAAGGA,0,sg5
CCTGCCTCCGCTCTACTCACTGG,CCTGACCCACTCCTACTCACTGG,0,sg7
CTTGCCCCACAGGGCAGTAACGG,CCAGCCCCACAGGGCCACAAAGG,0,sg3
GACACCGAAGCAGAGTTTTTAGG,GTCACTGCAGCAGAGTTTTTTGT,0,sg11
AAATGAGAAGAAGAGGCACAGGG,AACTAGGAAGAAGAGGCAGAAGG,0,sg9
TGACATCAATTATTATACATCGG,TGACATCAATTTTTCAATATTTG,0,sg10
GGTCCTGCCGCTGCTTGTCATGG,GGCCCAGCCGCTGCTGGCCATAA,0,sg4
CCAGTGAGTAGAGCGGAGGCAGG,CCAACGCACAGGGCGGAGGCAGG,0,sg2
GGGTGGGGGGAGTTTGCTCCTGG,GGGTGGGGGGAATGTGTATGTGG,0,sg8
GACACCGAAGCAGAGTTTTTAGG,GACCCTGAAGCAGAGAATTCAGC,0,sg11
GGGTGGGGGGAGTTTGCTCCTGG,TGGTGGGGGGAGTTTGCCCAGCA,0,sg8
CTTGCCCCACAGGGCAGTAACGG,CTAACTTCACAGGGCAGTCACAG,0,sg3
CTTGCCCCACAGGGCAGTAACGG,CTTGCCCCAGAGCGCCAGGACGG,0,sg3
TGACATCAATTATTATACATCGG,TGACATCAAAAATTCAACATGTG,0,sg10
CTTGCCCCACAGGGCAGTAACGG,CTTCACCCACAGGGCAGTGAGCC,0,sg3
AAATGAGAAGAAGAGGCACAGGG,AAATGAGAAGCAGTAGCATAGAT,0,sg9
GAATCCTAAAAACTCTGCTTCGG,GAATCCTAAAAACATTGGTTAAA,0,sg12
CTTGCCCCACAGGGCAGTAACGG,TTTGCCCCACAGGGTAAAACAGG,0,sg3
GGGTGGGGGGAGTTTGCTCCTGG,GGGTGGGGGGAGTCTAATTCAGG,0,sg8
AAATGAGAAGAAGAGGCACAGGG,GGAAAAGAAGAAGAGGGAAAGGG,0,sg9
CCAGTGAGTAGAGCGGAGGCAGG,AGTGTGAGTAGAGAGGAGGAAAG,0,sg2
GGGTGGGGGGAGTTTGCTCCTGG,GGGTGGGGGAATTTTAGTGCTGT,0,sg8
CCAGTGAGTAGAGCGGAGGCAGG,CCAGTGAGTAAAGGGATGGCATT,0,sg2
GAATCCTAAAAACTCTGCTTCGG,GAATCCTAATTACTTTGCTAGGT,0,sg12
AATGACCACTACATCCTCAAGGG,ATTTAGCATTAGATCCTCAAGGA,0,sg5
AAATGAGAAGAAGAGGCACAGGG,AGATGAGGAAGTGAGGCACAGAG,0,sg9
AATGACCACTACATCCTCAAGGG,AATTACCACCTTATCCTCAAGTT,0,sg5
GGGTGGGGGGAGTTTGCTCCTGG,GGGTGGGGGCTGCTTGCCCCCAG,0,sg8
AAATGAGAAGAAGAGGCACAGGG,AAGGAAGAAGAAGAGGAAGAAGG,0,sg9
CCAGTGAGTAGAGCGGAGGCAGG,CCAGTGAGTATAAAGCAGGCAGA,0,sg2
ATGAACACCAGTGAGTAGAGCGG,ATGGCCACAGGGGAGTAGAGCAG,0,sg6
GGGTGGGGGGAGTTTGCTCCTGG,GGGTGGGGGGCGTTTCTCACTGT,0,sg8
GGGTGGGGGGAGTTTGCTCCTGG,GGGTGGGGAGTTTATGTTCATGG,0,sg8
AAATGAGAAGAAGAGGCACAGGG,AAATGAGAAAAAAGGGCAGAGAT,0,sg9
GGGTGGGGGGAGTTTGCTCCTGG,GGGTGGGGGAGATTTGCATCTGT,0,sg8
GGTCCTGCCGCTGCTTGTCATGG,GGTCCTGCCTCATCTTGTCTTCT,0,sg4
CCTGCCTCCGCTCTACTCACTGG,GCTGACTGTGCTCTACTCTCTGG,0,sg7
CTTGCCCCACAGGGCAGTAACGG,CCTCTCCCACAGGGCAGGAAGGG,0,sg3
AACACCAGTGAGTAGAGCGGAGG,AACACCAGTGAATAAAATGGTAG,0,sg1
GGGTGGGGGGAGTTTGCTCCTGG,GGGGGGAGGGAGTTTTGTCCTCC,0,sg8
AATGACCACTACATCCTCAAGGG,ATGGCTCACGACATCCTCAAGGG,0,sg5
AAATGAGAAGAAGAGGCACAGGG,AAATGAGAAGAATAAGGTGATGG,0,sg9
AAATGAGAAGAAGAGGCACAGGG,GAATGAGAAGAAGCTGAAAAGTG,0,sg9
CTTGCCCCACAGGGCAGTAACGG,TTTGCCCCACAGGGGACTTCTGG,0,sg3
ATGAACACCAGTGAGTAGAGCGG,CAGAACACCAGTGATCAGAGAGG,0,sg6
GAATCCTAAAAACTCTGCTTCGG,GATCCCTAAAAACTCTAATTCCA,0,sg12
TGACATCAATTATTATACATCGG,TGATAGGAGATATTATACATCAG,0,sg10
TGACATCAATTATTATACATCGG,TGACATCAATGACAATGCCCCGG,0,sg10
AAATGAGAAGAAGAGGCACAGGG,AAATGAGAACAATAGCCCCATAG,0,sg9
GGTCCTGCCGCTGCTTGTCATGG,GGACAGGCAGCTGCTTGTCAGAG,0,sg4
AACACCAGTGAGTAGAGCGGAGG,TAAAGCAAGGAGTAGAGCAGAGG,0,sg1
CCTGCCTCCGCTCTACTCACTGG,CCCGCCTCCGCTCTGCCTCCTGG,0,sg7
GAATCCTAAAAACTCTGCTTCGG,CAATCCTAAAAATGCAGCTTCCC,0,sg12
CTTGCCCCACAGGGCAGTAACGG,TTTCCACACCAGGGCAGTAAAGG,0,sg3
AAATGAGAAGAAGAGGCACAGGG,AGATGTAAAACTGAGGCACAGGG,0,sg9
CTTGCCCCACAGGGCAGTAACGG,CTTGCCCCAGAGGGCGGACCCTG,0,sg3
AAATGAGAAGAAGAGGCACAGGG,AAAAGAGAAAGAGAGGCACAGCC,0,sg9
AAATGAGAAGAAGAGGCACAGGG,AAATGAGAAAAAGATTCACATCA,0,sg9
TGACATCAATTATTATACATCGG,TGCCAACAATTATTATGTCTCAG,0,sg10
AAATGAGAAGAAGAGGCACAGGG,CAGGAAGAATAAGAGGCACAGTG,0,sg9
AACACCAGTGAGTAGAGCGGAGG,AACACTGAGGAGTAGAGCTGAGA,0,sg1
GAATCCTAAAAACTCTGCTTCGG,AAATCCTAAAAACCCCGCTTCCA,0,sg12
AAATGAGAAGAAGAGGCACAGGG,AAAGAAGAAATTGAGGCACAGAG,0,sg9
AAATGAGAAGAAGAGGCACAGGG,AAATGAGAAAATGAGAAACATGA,0,sg9
AAATGAGAAGAAGAGGCACAGGG,AAGTGGGAAGAAGAGAAACGGAG,0,sg9
AAATGAGAAGAAGAGGCACAGGG,AAATGAGAAAATCACCCACTGGG,0,sg9
AAATGAGAAGAAGAGGCACAGGG,AAATGAGAAAAACATGATCAGAG,0,sg9
CCTGCCTCCGCTCTACTCACTGG,CCTGCCTCCACTCTAATCTCCAC,0,sg7
AAATGAGAAGAAGAGGCACAGGG,AAATGAGAAGGAGTGGAACAAGA,0,sg9
GAATCCTAAAAACTCTGCTTCGG,TAATCTTATAATCTCTGCTTCTT,0,sg12
AAATGAGAAGAAGAGGCACAGGG,AAGTGAGAAGAAAAGTGAGGGGG,0,sg9
AAATGAGAAGAAGAGGCACAGGG,ACTTGGGAAGAAGAGGCACAGAA,0,sg9
AAATGAGAAGAAGAGGCACAGGG,AAATGAGAATAGCAGGCAGAGGA,0,sg9
AAATGAGAAGAAGAGGCACAGGG,AGAATAGAAGAAGAGCCAAAGGG,0,sg9
CTTGCCCCACAGGGCAGTAACGG,CCCGCCGCCCAGGGCAGTGAGGG,0,sg3
CCAGTGAGTAGAGCGGAGGCAGG,CCACTGAGCAGAGAGGAGGCTGG,1,sg2
AACACCAGTGAGTAGAGCGGAGG,AGGCCCATAGAGTAGAGCTGAGG,0,sg1
AAATGAGAAGAAGAGGCACAGGG,TAAAGAGAAGAAGAGAAAAAGGA,0,sg9
AACACCAGTGAGTAGAGCGGAGG,GCCTCCAGTCTATAGAGCGGAGG,0,sg1
GGGTGGGGGGAGTTTGCTCCTGG,GGGTGGGGGGAGTTGGGGGGTAG,0,sg8
AAATGAGAAGAAGAGGCACAGGG,AATTCAGAAGAAGAGGAAAAGAC,0,sg9
AAATGAGAAGAAGAGGCACAGGG,AACTGAGAAGAAGAGGGCAAGGA,0,sg9
GGTCCTGCCGCTGCTTGTCATGG,GCTGCTGCTGCTGCTGCTCCTGG,0,sg4
GGGTGGGGGGAGTTTGCTCCTGG,GGGATAGGGGAGTTTCCTCCAGA,0,sg8
GACACCGAAGCAGAGTTTTTAGG,GGCACTGAAGCAGAGGTTTCACC,0,sg11
AAATGAGAAGAAGAGGCACAGGG,GGATGAATAGGTGAGGCACAGGG,0,sg9
GAATCCTAAAAACTCTGCTTCGG,AAATCCTAAAAACTCTGCAGAAA,0,sg12
AAATGAGAAGAAGAGGCACAGGG,AAATGAGAAGAAAAGAAACTGCT,0,sg9
AAATGAGAAGAAGAGGCACAGGG,TAGAGAGAAACTGAGGCACAGGG,0,sg9
CCTGCCTCCGCTCTACTCACTGG,ACTTGCTCCAGCCTACTCACTGG,0,sg7
CCTGCCTCCGCTCTACTCACTGG,CCTGCCTCCACCCTCCACTCTGG,0,sg7
AAATGAGAAGAAGAGGCACAGGG,ACCTGGGAACAGGAGGCACAGAG,0,sg9
TGACATCAATTATTATACATCGG,TGACATCAATTATTAGAAATTTT,0,sg10
AAATGAGAAGAAGAGGCACAGGG,AGAAGAAAAGAAGAGACACAGAG,0,sg9
TGACATCAATTATTATACATCGG,AGTTACCAATTATTATACAACTG,0,sg10
GAATCCTAAAAACTCTGCTTCGG,TATCCTTAACAACTCTGCTTCCG,0,sg12
GAATCCTAAAAACTCTGCTTCGG,CAAACCTTTATACTCTGCTTCGC,0,sg12
GACACCGAAGCAGAGTTTTTAGG,GCCCCAGGATCAGAGTTTTTAAG,0,sg11
GAATCCTAAAAACTCTGCTTCGG,TACTCCTAAAAACTTTGCTCTGC,0,sg12
AAATGAGAAGAAGAGGCACAGGG,AGAGAAGAAGAAGAGGCAGGAGG,0,sg9
AATGACCACTACATCCTCAAGGG,AAATTTCACTAAATCCTCAAGGG,0,sg5
AAATGAGAAGAAGAGGCACAGGG,AAAAAAGAAGAAGAGGAAGAGAA,0,sg9
GACACCGAAGCAGAGTTTTTAGG,GAAAACCCAGCAGAGTTTTTTGA,0,sg11
GGTCCTGCCGCTGCTTGTCATGG,AGTCCTGCCGCTGCATGTGGTGG,0,sg4
GGGTGGGGGGAGTTTGCTCCTGG,GGGTGTGCGTGGTTTGCTCCTGT,0,sg8
TGACATCAATTATTATACATCGG,TGACATCAAATATTAGTCAACCA,0,sg10
CTTGCCCCACAGGGCAGTAACGG,GTTGCCCCACAGGGTACCAGCTG,0,sg3
CTTGCCCCACAGGGCAGTAACGG,TTAGACCCTCAGGGCAGTAAAGC,0,sg3
TGACATCAATTATTATACATCGG,TGACATTATTTATTATACTTTCA,0,sg10
AAATGAGAAGAAGAGGCACAGGG,AGTTGAGAAACTGAGGCACAGAG,0,sg9
TGACATCAATTATTATACATCGG,TGTCATCAATTATTATCATTTGT,0,sg10
AAATGAGAAGAAGAGGCACAGGG,ATAACAAAAGAGGAGGCACAGGG,0,sg9
GAATCCTAAAAACTCTGCTTCGG,GAACAGTGAAAACTCTGCTGCTG,0,sg12
AAATGAGAAGAAGAGGCACAGGG,GACTGGGAAGAAGAGGAAATGGG,0,sg9
GGTCCTGCCGCTGCTTGTCATGG,GGTACTGCCGCTGCTCAAAAGGG,0,sg4
AAATGAGAAGAAGAGGCACAGGG,AAATGAGAAGCAGAGACATGGTT,0,sg9
GGGTGGGGGGAGTTTGCTCCTGG,GTGGGGGGTGATTTTGCCCCCGG,0,sg8
TGACATCAATTATTATACATCGG,TCACATCAATTATTATAATTATA,0,sg10
GGGTGGGGGGAGTTTGCTCCTGG,GGGTGGGGGGGGCATCCGCCTCG,0,sg8
GAATCCTAAAAACTCTGCTTCGG,CAGCCCTAGAAACTCTGCTTTGT,0,sg12
AAATGAGAAGAAGAGGCACAGGG,AGATGAGAAGAAAGGGCATCTGG,0,sg9
AAATGAGAAGAAGAGGCACAGGG,AAGCAAGAAGAAGAGACATAGTG,0,sg9
AATGACCACTACATCCTCAAGGG,AATGACCACTGAATCCTCCTATG,0,sg5
GACACCGAAGCAGAGTTTTTAGG,GGATCCGCAGCAGAGTTTCTAAG,0,sg11
AAATGAGAAGAAGAGGCACAGGG,AAAGGAAGAGAAGAGGCATGAGG,0,sg9
AACACCAGTGAGTAGAGCGGAGG,GATAGCAGTGAGTAGAGCAGTTG,0,sg1
AAATGAGAAGAAGAGGCACAGGG,GAGTGAGAAGAAAAGGAAAAGGG,0,sg9
CCAGTGAGTAGAGCGGAGGCAGG,CCAGTGAGTAGAACCAGGGCAGT,0,sg2
CCTGCCTCCGCTCTACTCACTGG,CCTGCCTCCCACCAACTCTCAGG,0,sg7
AAATGAGAAGAAGAGGCACAGGG,ATAAAAGGAAAAGAGGCACAGAG,0,sg9
AAATGAGAAGAAGAGGCACAGGG,AACTGAGAAGAAGAGGGAGACAG,0,sg9
TGACATCAATTATTATACATCGG,TTAGATCATCTATTATACATCTG,0,sg10
TGACATCAATTATTATACATCGG,TTACATCAATTATCAGACAACAG,0,sg10
AAATGAGAAGAAGAGGCACAGGG,AAATGAGAAGGTTAGACAGAGGT,0,sg9
AAATGAGAAGAAGAGGCACAGGG,AAGTGAGAAACTGAGGCACAGAA,0,sg9
CCTGCCTCCGCTCTACTCACTGG,CCAGCCTCCGCTCCAGCCACAGA,0,sg7
GGGTGGGGGGAGTTTGCTCCTGG,AGCTGGGTGGGGGTTGCTCCTGG,0,sg8
TGACATCAATTATTATACATCGG,TGGTAGTAATTATTATACATCTG,0,sg10
AAATGAGAAGAAGAGGCACAGGG,GAATCACCTGAAGAGGCACAGTG,0,sg9
TGACATCAATTATTATACATCGG,AGGCAACACTTATTATACACTGG,0,sg10
GGGTGGGGGGAGTTTGCTCCTGG,GGCTGGGGGGAGCCACCTCCTCG,0,sg8
CCAGTGAGTAGAGCGGAGGCAGG,CTAGTGAGTAGAGACCAGGCATG,0,sg2
GAATCCTAAAAACTCTGCTTCGG,TAATTTTAAAAACTCTGCTTCAA,0,sg12
CCAGTGAGTAGAGCGGAGGCAGG,CCAGTGAGTAGGAGTGGGGCAGG,0,sg2
AAATGAGAAGAAGAGGCACAGGG,AAGAGGGAAGAAGAGGAAGAGGA,0,sg9
GGGTGGGGGGAGTTTGCTCCTGG,CTGAGGGGGGAGTTTGCTTTTTG,0,sg8
TGACATCAATTATTATACATCGG,AGACATCAATTATTAAAGATGTC,0,sg10
GACACCGAAGCAGAGTTTTTAGG,TCAAACGGAGAAGAGTTTTTAGG,0,sg11
ATGAACACCAGTGAGTAGAGCGG,ATGCCCACCTCTGAGTAGAGCTG,0,sg6
GGTCCTGCCGCTGCTTGTCATGG,AGTGCTGCAGCTGCTTGTGATGA,0,sg4
CTTGCCCCACAGGGCAGTAACGG,CTTGCCCCAAAGGTGAGGAAGGG,0,sg3
GAATCCTAAAAACTCTGCTTCGG,GTTTTTTAAAAACTCTGCTAAGG,0,sg12
GAATCCTAAAAACTCTGCTTCGG,GAATGCTGGAAACTCTGCTTATA,0,sg12
GGGTGGGGGGAGTTTGCTCCTGG,TGGCAAGGGAAGTTTGCTCCTGT,0,sg8
AAATGAGAAGAAGAGGCACAGGG,CAATGCGAAGAAGAGGATAAGGC,0,sg9
CCAGTGAGTAGAGCGGAGGCAGG,CTAGTGAGTAGAGAGCTGGGATG,0,sg2
AAATGAGAAGAAGAGGCACAGGG,AAGTGAGAAGAAGTGGCATCAGA,0,sg9
AAATGAGAAGAAGAGGCACAGGG,TAAGAAGAGGAAGAGGCACCAGG,0,sg9
AAATGAGAAGAAGAGGCACAGGG,TATTTAGAAGAAGAGACCCAGAG,0,sg9
GGTCCTGCCGCTGCTTGTCATGG,GCTCCAGCCGCTGCTTCTCCTCC,0,sg4
AAATGAGAAGAAGAGGCACAGGG,AAATGAGAACATGAGGCATTTGG,0,sg9
CTTGCCCCACAGGGCAGTAACGG,TCAGCCCCACAGGGCAGTAAGGG,1,sg3
AAATGAGAAGAAGAGGCACAGGG,AGAAGAGACAAAGAGGCACAGAG,0,sg9
GACACCGAAGCAGAGTTTTTAGG,GACACTGAAGCAGAGGATCCAGC,0,sg11
AAATGAGAAGAAGAGGCACAGGG,CATAGAGCACAAGAGGCACAGGT,0,sg9
AAATGAGAAGAAGAGGCACAGGG,AAATGAGAAGAAGTGGCAAAAAA,0,sg9
AAATGAGAAGAAGAGGCACAGGG,AAATGAGAAGGAGAAGAAGAATG,0,sg9
AAATGAGAAGAAGAGGCACAGGG,AAATGAGAAGAAAAGACTGTGGA,0,sg9
ATGAACACCAGTGAGTAGAGCGG,ATGAACACCAGTAAATATTACAG,0,sg6
GGTCCTGCCGCTGCTTGTCATGG,GCTCCCGCCGCTGCTTGGCGTGC,0,sg4
CTTGCCCCACAGGGCAGTAACGG,CCAGCCCCACAGCGCAGAAAAGT,0,sg3
GGGTGGGGGGAGTTTGCTCCTGG,GGGGGCGGGGAGCTCTCTCCTGC,0,sg8
AATGACCACTACATCCTCAAGGG,GATAATCAAAACATCCTCAAGTG,0,sg5
AAATGAGAAGAAGAGGCACAGGG,ACATTACAAGAAGAGGCAAAGGT,0,sg9
TGACATCAATTATTATACATCGG,AGGCACAATTTATTATACATAGG,0,sg10
GGGTGGGGGGAGTTTGCTCCTGG,TGCTCAGGGTACTTTGCTCCTGG,0,sg8
AAATGAGAAGAAGAGGCACAGGG,AAATGAGAAGTAGAGGAGAAGCC,0,sg9
GGGTGGGGGGAGTTTGCTCCTGG,GTGTGGGGGGAGTTTCCTGCCTA,0,sg8
AAATGAGAAGAAGAGGCACAGGG,AAGAGAGAAGAAGAGGGAAAAAG,0,sg9
AAATGAGAAGAAGAGGCACAGGG,CAAAGAGAAGAAGAGCCACAAGG,0,sg9
GAATCCTAAAAACTCTGCTTCGG,GAAGCATAAAAACTCTGTTTAAA,0,sg12
GGGTGGGGGGAGTTTGCTCCTGG,AGAAGTGGGGGGTTTGCTCCTGT,0,sg8
TGACATCAATTATTATACATCGG,CGGCACCATTTATTATACATAGT,0,sg10
GGGTGGGGGGAGTTTGCTCCTGG,AGTTAGGGGGAGTTTGTTGGTGG,0,sg8
GAATCCTAAAAACTCTGCTTCGG,GAAAACAAAAAGCTCTGCTTCTC,0,sg12
CCTGCCTCCGCTCTACTCACTGG,CCTGCCTCCGCCCTGTGCGTTGG,0,sg7
CTTGCCCCACAGGGCAGTAACGG,CTTGGCCCACAGGGCTGTGGTGC,0,sg3
AAATGAGAAGAAGAGGCACAGGG,AAATGAGAAAAAAAGACACAGAG,0,sg9
GACACCGAAGCAGAGTTTTTAGG,TACATCTAAGCAGAGTTTTGAAA,0,sg11
GGTCCTGCCGCTGCTTGTCATGG,GCTCCCGCTGCTGCTTGTCAGTG,0,sg4
GACACCGAAGCAGAGTTTTTAGG,AAAACCGAAGCACAGTGCTTAAG,0,sg11
AAATGAGAAGAAGAGGCACAGGG,AACACATTAGATGAGGCACAGGG,0,sg9
AAATGAGAAGAAGAGGCACAGGG,ACATGAGATTTAGAGGCACAGTA,0,sg9
GACACCGAAGCAGAGTTTTTAGG,AACCCAGAAGCAGAGGTTGTAGT,0,sg11
CCAGTGAGTAGAGCGGAGGCAGG,CAGGTGAGTAGAGCTGACCCAAG,0,sg2
AATGACCACTACATCCTCAAGGG,ACGGACACCTGCATCCTCAAGGA,0,sg5
TGACATCAATTATTATACATCGG,TGACATCAATTCTTCAAAATGGC,0,sg10
AAATGAGAAGAAGAGGCACAGGG,AAAGAAGGGGACGAGGCACAGGA,0,sg9
CCAGTGAGTAGAGCGGAGGCAGG,CCAGTGAGTGGGGCAAAGGCTGG,0,sg2
GGGTGGGGGGAGTTTGCTCCTGG,GGTTGGTTGGAGTTTGCTAGAGG,0,sg8
CTTGCCCCACAGGGCAGTAACGG,CATTCCCTACAGGGCAGTTAGGG,0,sg3
ATGAACACCAGTGAGTAGAGCGG,ATGAACACCTATGTTTATTGCGG,0,sg6
TGACATCAATTATTATACATCGG,TTAGCTCAATTATTAATCATTGG,0,sg10
CTTGCCCCACAGGGCAGTAACGG,TTTGCCCCACAGGGAGTTAACTC,0,sg3
AAATGAGAAGAAGAGGCACAGGG,AAGTGAGAAGAAAGAGAAGAGGG,0,sg9
ATGAACACCAGTGAGTAGAGCGG,ATGAACACCAGAGAGCACAACAT,0,sg6
CTTGCCCCACAGGGCAGTAACGG,CTTGCCCCACAGGGCATGCTAAG,0,sg3
TGACATCAATTATTATACATCGG,GGACATCAATTAGTGTCCAGCTG,0,sg10
TGACATCAATTATTATACATCGG,TTACATCAATTAAGATAAATAAG,0,sg10
AATGACCACTACATCCTCAAGGG,AATAATACCTACATCCTCAAGCT,0,sg5
GGGTGGGGGGAGTTTGCTCCTGG,GGGTGGGGGGAGCTGGCTCCAGC,0,sg8
AAATGAGAAGAAGAGGCACAGGG,AAATGAGAAGTTGAGGCTCATGG,1,sg9
TGACATCAATTATTATACATCGG,CCATATTAACTATTATACATCGT,0,sg10
TGACATCAATTATTATACATCGG,TGACATCAATGATGCTAAATCTG,0,sg10
CCAGTGAGTAGAGCGGAGGCAGG,CGAGTGAGTAGAGCCATGTCTGG,0,sg2
AAATGAGAAGAAGAGGCACAGGG,GAGCTAGAAGAAGAGGGACAGGA,0,sg9
AAATGAGAAGAAGAGGCACAGGG,AAATGAGAAAAAGAGAGAAAAGA,0,sg9
GGGTGGGGGGAGTTTGCTCCTGG,GTGCGCAGTGTGTTTGCTCCTGG,0,sg8
AAATGAGAAGAAGAGGCACAGGG,TATTGAGAAGAAAAAACACAGGT,0,sg9
AAATGAGAAGAAGAGGCACAGGG,AAATGAGAACACATGGAATAGGG,0,sg9
AAATGAGAAGAAGAGGCACAGGG,AAATGAGAAGGAAAACAACAGAG,0,sg9
TGACATCAATTATTATACATCGG,TAACTGATATTATTATACATGGG,0,sg10
AAATGAGAAGAAGAGGCACAGGG,AAATAAGAAGAAGAGGTGGTGAG,0,sg9
CTTGCCCCACAGGGCAGTAACGG,CTTGCCCCACAGGAAAGTGGTGC,0,sg3
AAATGAGAAGAAGAGGCACAGGG,ACATAAGAAACTGAGGCACAGAG,0,sg9
AAATGAGAAGAAGAGGCACAGGG,ACGTGAGCCGAAGAGGCAGAGAG,0,sg9
AATGACCACTACATCCTCAAGGG,AATGACCACTATATGGCCAAGAG,0,sg5
CCAGTGAGTAGAGCGGAGGCAGG,ACAGGGAGTAGAGCGGGAGAAGG,0,sg2
GACACCGAAGCAGAGTTTTTAGG,GGCCCCTGAGCTGAGTTTTTAGG,0,sg11
GGGTGGGGGGAGTTTGCTCCTGG,GGGTGGGGGGAGCTTCATACCAG,0,sg8
AAATGAGAAGAAGAGGCACAGGG,GAAAGAAGAGAAGAGGCAGAGGT,0,sg9
TGACATCAATTATTATACATCGG,TGACATCAATAACTATACTCCAT,0,sg10
AAATGAGAAGAAGAGGCACAGGG,GGGTGAGAAGAAGAAAGACAGGG,0,sg9
CTTGCCCCACAGGGCAGTAACGG,CTTGCCCCACTGTGGGGTCACCG,0,sg3
TGACATCAATTATTATACATCGG,TTACATAAATTATTATACATAAT,0,sg10
CCTGCCTCCGCTCTACTCACTGG,CCTGCTTAGTAACTACTCACTGG,0,sg7
CTTGCCCCACAGGGCAGTAACGG,ATGGCCCCACAGGTCACAGACGG,0,sg3
GAATCCTAAAAACTCTGCTTCGG,GAGTTTCAAAAACTCTGCATCGT,0,sg12
AAATGAGAAGAAGAGGCACAGGG,AAAAGTGAAGAAGAGGCCAAAGG,0,sg9
GAATCCTAAAAACTCTGCTTCGG,GAATGATAAAAACTCTGCTATAC,0,sg12
CTTGCCCCACAGGGCAGTAACGG,CTTGCTCCACAGGGCTGGAAAAG,0,sg3
AATGACCACTACATCCTCAAGGG,AATGACCACAATTTGCAGAAGGG,0,sg5
GGGTGGGGGGAGTTTGCTCCTGG,GGGTGGGGGGAGGGGGCTACTTC,0,sg8
AAATGAGAAGAAGAGGCACAGGG,AAATGAGAAACAGAAGCATGAGG,0,sg9
GGGTGGGGGGAGTTTGCTCCTGG,GGGTGGGGGGAGTTGTCATCTGC,0,sg8
TGACATCAATTATTATACATCGG,TGACATCAATTTTTTAAAATAAG,0,sg10
AAATGAGAAGAAGAGGCACAGGG,ACATGAGAAGAAAAGGGAGGGAG,0,sg9
GGTCCTGCCGCTGCTTGTCATGG,GGCCCTCCTGCTGCTTGTTCTTG,0,sg4
AATGACCACTACATCCTCAAGGG,ACTGACCACTACAACTTCCCAGG,0,sg5
AAATGAGAAGAAGAGGCACAGGG,AAATGAGAAAAAGTGGGTCGGGC,0,sg9
GGGTGGGGGGAGTTTGCTCCTGG,GGGTGGGGGGAGTTTTCTTTTTA,0,sg8
CCTGCCTCCGCTCTACTCACTGG,TCTGCCTCCGCTGTCCTCAGTCC,0,sg7
CCTGCCTCCGCTCTACTCACTGG,CCTGCCTCCGTACCTCTCTCTGC,0,sg7
AAATGAGAAGAAGAGGCACAGGG,AAATGAGAATGCAATGCACAGAG,0,sg9
AAATGAGAAGAAGAGGCACAGGG,GACTCAGAGGTAGAGGCACAGAG,0,sg9
CCAGTGAGTAGAGCGGAGGCAGG,GGCGTGAGTAGAATGGTGGCAGG,0,sg2
AAATGAGAAGAAGAGGCACAGGG,TGAGAAGAAGAAGAGGCACAAGG,0,sg9
AACACCAGTGAGTAGAGCGGAGG,AAAAGCAGTGAGTAGAATGGTGG,0,sg1
AAATGAGAAGAAGAGGCACAGGG,AAATGAGAAGAAGAAAGGAAGAG,0,sg9
CTTGCCCCACAGGGCAGTAACGG,TTTGCCCCACAGGGAGGCCACGG,0,sg3
AAATGAGAAGAAGAGGCACAGGG,AAATGAGAAAAATAGGGACATAC,0,sg9
GGGTGGGGGGAGTTTGCTCCTGG,GGCTGGGGGGAGCTGCCGCCTGC,0,sg8
CCTGCCTCCGCTCTACTCACTGG,CCTGCCTCCAGGCTGCACACTTG,0,sg7
TGACATCAATTATTATACATCGG,CTGCATCAATTATTCTACATCTC,0,sg10
GAATCCTAAAAACTCTGCTTCGG,GAATCCTAAAAAATGTATTTCGA,0,sg12
AAATGAGAAGAAGAGGCACAGGG,AATTTATATGGAGAGGCACAGGC,0,sg9
AAATGAGAAGAAGAGGCACAGGG,AAATGAGAAGAATAGAAGGATGG,0,sg9
AAATGAGAAGAAGAGGCACAGGG,AAATGAGAATAGGAGGATCTGTG,0,sg9
TGACATCAATTATTATACATCGG,TGAAATAAATTATTATACATAAG,0,sg10
CTTGCCCCACAGGGCAGTAACGG,CTTATCCCACAGGGCTGTTACTT,0,sg3
GACACCGAAGCAGAGTTTTTAGG,CACACACACACAGAGTTTTTATG,0,sg11
ATGAACACCAGTGAGTAGAGCGG,ATCAAACCCAGTGAGTAGGGCTG,0,sg6
CCTGCCTCCGCTCTACTCACTGG,CTTGGGTCAGCTCTACTCACCTG,0,sg7
CCAGTGAGTAGAGCGGAGGCAGG,CCAGTGAGTAGGGGAAAGGGAGA,0,sg2
AAATGAGAAGAAGAGGCACAGGG,AAATGAGAAAAAGAGCAGCAGCT,0,sg9
AAATGAGAAGAAGAGGCACAGGG,AGGCAGGAAGAAGAGGGACAGGG,0,sg9
AAATGAGAAGAAGAGGCACAGGG,GATGAAGAAGACGAGGCACAGGG,0,sg9
AAATGAGAAGAAGAGGCACAGGG,AAAAAAGAAGAAGAAGAAGAGTG,0,sg9
CCTGCCTCCGCTCTACTCACTGG,CCTGACAACAGTCTACTCACTTG,0,sg7
AACACCAGTGAGTAGAGCGGAGG,TCTACCTGTGAGTAGAGCAGAGA,0,sg1
AATGACCACTACATCCTCAAGGG,AAATAGCACTAAATCCTCAAGTA,0,sg5
AAATGAGAAGAAGAGGCACAGGG,CAATGGGAAGAAGAGTTACATAG,0,sg9
AAATGAGAAGAAGAGGCACAGGG,AAAGGGGAAGAAGAGGTATTGAG,0,sg9
AAATGAGAAGAAGAGGCACAGGG,AAAATCCAAGAAGAGGCAAAGGA,0,sg9
AAATGAGAAGAAGAGGCACAGGG,TAAGGATGAGCAGAGGCACAGAG,0,sg9
TGACATCAATTATTATACATCGG,TCCAATCATTTATTATACACCTG,0,sg10
AAATGAGAAGAAGAGGCACAGGG,AATTAAGAAGAAGAGATAAAGGA,0,sg9
AAATGAGAAGAAGAGGCACAGGG,ATATGAGAAGAGGCAGCACTGAG,0,sg9
GAATCCTAAAAACTCTGCTTCGG,AAATCTTTAAAACTCTGCACCAG,0,sg12
CCAGTGAGTAGAGCGGAGGCAGG,GCAGTGAGCAGAGCGGAGAGTGT,0,sg2
AAATGAGAAGAAGAGGCACAGGG,AAAGAAAGAGAAGAGGCAAAGGC,0,sg9
AAATGAGAAGAAGAGGCACAGGG,AAATGAGAACATGTGGTATTGGG,0,sg9
AAATGAGAAGAAGAGGCACAGGG,AAATGAGAAGACAAGCTACAGAT,0,sg9
TGACATCAATTATTATACATCGG,TGACATCAATGATTAGATCTGGT,0,sg10
CTTGCCCCACAGGGCAGTAACGG,TTGGCCCCACAGGGGAGGAGCGA,0,sg3
TGACATCAATTATTATACATCGG,AAACAACAATTATTATGCATTGA,0,sg10
ATGAACACCAGTGAGTAGAGCGG,ATGAACACCACTGACCAAAGGAG,0,sg6
AATGACCACTACATCCTCAAGGG,TGTAACTAGGACATCCTCAAGGG,0,sg5
CCTGCCTCCGCTCTACTCACTGG,CCTGCCTCCCCTCCGCTGGCTGC,0,sg7
CTTGCCCCACAGGGCAGTAACGG,CTGGCATCACAGGGCAGTAGGGT,0,sg3
TGACATCAATTATTATACATCGG,AGACTCATATTATTATACATCTG,0,sg10
AACACCAGTGAGTAGAGCGGAGG,AACACCAGTGAGTGGATATTAGA,0,sg1
AAATGAGAAGAAGAGGCACAGGG,AATAGAGAAGAAGAGGAGCCCGG,0,sg9
AAATGAGAAGAAGAGGCACAGGG,GGGTGAGAAGAAGAGGGGCAAGG,0,sg9
AAATGAGAAGAAGAGGCACAGGG,AAATGAGAAGAGCATGGAGAGGA,0,sg9
AACACCAGTGAGTAGAGCGGAGG,AACACCAGTGTTAAGAGTAGAGT,0,sg1
AAATGAGAAGAAGAGGCACAGGG,CAGCCAGAAGAAGAGGGACAGGT,0,sg9
CTTGCCCCACAGGGCAGTAACGG,CTTCCTGAACAGGGCAGTAAAGA,0,sg3
GAATCCTAAAAACTCTGCTTCGG,GGATATTAAAAACTCTGCTAGGG,0,sg12
GGGTGGGGGGAGTTTGCTCCTGG,GAGGTGGGGGAGTTTCCTTTTGG,0,sg8
AAATGAGAAGAAGAGGCACAGGG,GAGTGAGAAGAAAAGGGACTGGA,0,sg9
AATGACCACTACATCCTCAAGGG,AACTACCACTACATCCACAATAC,0,sg5
AACACCAGTGAGTAGAGCGGAGG,AACACCAGTGAGGAAATTGGATT,0,sg1
AAATGAGAAGAAGAGGCACAGGG,TGATGACAAAGAGAGGCACAGGT,0,sg9
TGACATCAATTATTATACATCGG,TAACATAACCAATTATACATCAG,0,sg10
AAATGAGAAGAAGAGGCACAGGG,AAGTGGGGAGAAGAGGCAAGGAG,0,sg9
GGTCCTGCCGCTGCTTGTCATGG,CATCATCCAGCTGCTTGTCAGGG,0,sg4
GAATCCTAAAAACTCTGCTTCGG,GATTGCCAAAAACTCTGCTCTGC,0,sg12
GACACCGAAGCAGAGTTTTTAGG,AAAACTGAAGCAGAGTTGTTAAT,0,sg11
GACACCGAAGCAGAGTTTTTAGG,GAAAGGGCAGGAGAGTTTTTAAG,0,sg11
GGGTGGGGGGAGTTTGCTCCTGG,GGGTGGGGGGAGGGGGAGCCTGC,0,sg8
TGACATCAATTATTATACATCGG,TGGAATGAATTATTATACAACAA,0,sg10
AATGACCACTACATCCTCAAGGG,GCTCACCACCACATCCTCAAGAC,0,sg5
AAATGAGAAGAAGAGGCACAGGG,AGAAGAGAGGAAGAGGAAGAGGA,0,sg9
AAATGAGAAGAAGAGGCACAGGG,TAAAAAGAAGAAGAGACACAGAG,0,sg9
AAATGAGAAGAAGAGGCACAGGG,GATTAGGAAGAAGAGAGACAGGG,0,sg9
CCAGTGAGTAGAGCGGAGGCAGG,CGGGTGAGTAGAGGGGAAAAAGG,0,sg2
AAATGAGAAGAAGAGGCACAGGG,AAATGAGAACAGGAGGGCCTGGC,0,sg9
GACACCGAAGCAGAGTTTTTAGG,AAGACGGAAGCAGAGTTTAGAGC,0,sg11
AAATGAGAAGAAGAGGCACAGGG,GAATGAGAAGAAGTGATGCAAGG,0,sg9
AAATGAGAAGAAGAGGCACAGGG,AAAGAAGAAGAAGAGGCAAAAGA,0,sg9
AAATGAGAAGAAGAGGCACAGGG,GCAGGAAGAGAGGAGGCACAGGG,0,sg9
GAATCCTAAAAACTCTGCTTCGG,GTTTTCTCAAAACTCTGCTTCAT,0,sg12
AAATGAGAAGAAGAGGCACAGGG,AAATGAGAAGAGGAGTAAAAGAG,0,sg9
AAATGAGAAGAAGAGGCACAGGG,TGCTGGGGAGGAGAGGCACAGGG,0,sg9
GGGTGGGGGGAGTTTGCTCCTGG,GGGTGGGGGGAGGTTTCTCATTT,0,sg8
CTTGCCCCACAGGGCAGTAACGG,CTTGCCCCAGATAACAGGAACGA,0,sg3
CTTGCCCCACAGGGCAGTAACGG,CCTGACTCACAGGGCAGTCACGG,0,sg3
GACACCGAAGCAGAGTTTTTAGG,AATACTGAAGCAGAGTTGCTAGC,0,sg11
ATGAACACCAGTGAGTAGAGCGG,ACGAAGACCCCGGAGTAGAGCAG,0,sg6
AACACCAGTGAGTAGAGCGGAGG,GAAACCAGTGAGAAGGGAGGAAG,0,sg1
AAATGAGAAGAAGAGGCACAGGG,AGAGGTTAAGAAGAGGCAGAGGC,0,sg9
GGGTGGGGGGAGTTTGCTCCTGG,TGGTTGGGTCCATTTGCTCCTGG,0,sg8
AAATGAGAAGAAGAGGCACAGGG,AACTAAGAAGAAGAGGAAAGGGA,0,sg9
ATGAACACCAGTGAGTAGAGCGG,GGAAACACCAGGGAGTAGAGCTA,0,sg6
TGACATCAATTATTATACATCGG,TGACATCAATGAATAACCATCAA,0,sg10
GAATCCTAAAAACTCTGCTTCGG,GAATCCTAAAAACCCTGAGCAAG,0,sg12
ATGAACACCAGTGAGTAGAGCGG,ACATACACCAGTGAGGAGAGCAG,0,sg6
TGACATCAATTATTATACATCGG,TGACACCAATTATTATTCTTGAT,0,sg10
GGTCCTGCCGCTGCTTGTCATGG,GGTTTTGCAGCTGCTTGTTATGG,0,sg4
AAATGAGAAGAAGAGGCACAGGG,GAAGGGGAGGATGAGGCACAGCG,0,sg9
GGGTGGGGGGAGTTTGCTCCTGG,TGGTCCCGGGAATTTGCTCCTAG,0,sg8
AAATGAGAAGAAGAGGCACAGGG,AGATAAAAAGAAGAGGCAAAGAG,0,sg9
AATGACCACTACATCCTCAAGGG,GCTAAGGACTTCATCCTCAAGGG,0,sg5
AAATGAGAAGAAGAGGCACAGGG,AAATAAAAAGAAGAGGCACATGC,0,sg9
AAATGAGAAGAAGAGGCACAGGG,GAAAGACCAGAAGAGGCAAAGGG,0,sg9
AATGACCACTACATCCTCAAGGG,CAAGTCCAGCCCATCCTCAAGGG,0,sg5
TGACATCAATTATTATACATCGG,TGACATCAATTATAACTCATCTA,0,sg10
GGGTGGGGGGAGTTTGCTCCTGG,AGCTTAGGGGAGTTTGCTCCCTG,0,sg8
GGGTGGGGGGAGTTTGCTCCTGG,GGGTGGGGGCAGTTTAAATCTGC,0,sg8
AACACCAGTGAGTAGAGCGGAGG,AACACCAGTGAATGTTTGGGAGG,0,sg1
GGGTGGGGGGAGTTTGCTCCTGG,GGGTGGGGGTGGATGGCATCTGG,0,sg8
AAATGAGAAGAAGAGGCACAGGG,AAATGAGAAAAAGAGACATTTTG,0,sg9
AAATGAGAAGAAGAGGCACAGGG,GAAAAAGAAGAAGAGGGAGAGGG,0,sg9
GGGTGGGGGGAGTTTGCTCCTGG,GGGTGGGGGGTGTGGGGTGATGG,0,sg8
GAATCCTAAAAACTCTGCTTCGG,AAATCCTAAAAACCATCCTTTAG,0,sg12
GGGTGGGGGGAGTTTGCTCCTGG,GGCTGGGGGGAGTTTGTTCAATG,0,sg8
TGACATCAATTATTATACATCGG,TGATATCAATTATTAAACTTCAT,0,sg10
AAATGAGAAGAAGAGGCACAGGG,AAATGAGAAAAAGAGGCTTATTA,0,sg9
AATGACCACTACATCCTCAAGGG,AGATACCACTACATCCTCACTAG,0,sg5
AATGACCACTACATCCTCAAGGG,TAAGAGCACTACATCCACAAGAA,0,sg5
GGGTGGGGGGAGTTTGCTCCTGG,GGGTGGGGGGAATGCGGGGCTGG,0,sg8
AAATGAGAAGAAGAGGCACAGGG,AATTGTGCAGGGGAGGCACAGGC,0,sg9
AAATGAGAAGAAGAGGCACAGGG,AAATGAGAAACAGAGACACCAAG,0,sg9
GACACCGAAGCAGAGTTTTTAGG,TACCCATAAGCAGAGTTTTCAGT,0,sg11
CCTGCCTCCGCTCTACTCACTGG,CCTCCTTCAGCTCTACTCTATGG,0,sg7
AAATGAGAAGAAGAGGCACAGGG,GAGTGAAAAAATGAGGCACAGGG,0,sg9
CCTGCCTCCGCTCTACTCACTGG,CCTGCCTCCCCTCCACTCCCCTG,0,sg7
AAATGAGAAGAAGAGGCACAGGG,GAAAAAGAAGAAGAGAAACAGAG,0,sg9
GAATCCTAAAAACTCTGCTTCGG,GAATGATAACCACTCTGCTTCTC,0,sg12
AAATGAGAAGAAGAGGCACAGGG,GTATGTGCAGAAGAGGCAGAGAG,0,sg9
CTTGCCCCACAGGGCAGTAACGG,CTAGCCCCACAGAGCTGGAGCTG,0,sg3
ATGAACACCAGTGAGTAGAGCGG,ATGAACACCAGGGAGTGGGACTC,0,sg6
AAATGAGAAGAAGAGGCACAGGG,AGCTGGGAAACTGAGGCACAGGG,0,sg9
CCTGCCTCCGCTCTACTCACTGG,ACTGCATCCGATCTACTCACTTT,0,sg7
AAATGAGAAGAAGAGGCACAGGG,GAGGCAGAAGAAGAGACTCAGGG,0,sg9
CTTGCCCCACAGGGCAGTAACGG,AATGCTCCTCAGGGCAGTACCAG,0,sg3
CCTGCCTCCGCTCTACTCACTGG,CCTGCCTCCTCTCCAGTCAGTTC,0,sg7
TGACATCAATTATTATACATCGG,TTTCATCAATTATTATGAAGAGG,0,sg10
GACACCGAAGCAGAGTTTTTAGG,GCCAAAGAAGCTGAGTTTTTACT,0,sg11
GACACCGAAGCAGAGTTTTTAGG,GACACCGAATTAAAGTATTTGTG,0,sg11
AATGACCACTACATCCTCAAGGG,AATTAGCTCTGCATCCTCAAGGA,0,sg5
CTTGCCCCACAGGGCAGTAACGG,CTTGCCCAGCAGGGCAGTATTCC,0,sg3
GGGTGGGGGGAGTTTGCTCCTGG,GACTGGGGGGAGTTTCCTCCACT,0,sg8
ATGAACACCAGTGAGTAGAGCGG,ATTAACACCAGTTAGGAGCCAGG,0,sg6
GGGTGGGGGGAGTTTGCTCCTGG,GGGGGGTGGGGGTGTGCAGCTGG,0,sg8
AACACCAGTGAGTAGAGCGGAGG,AACACCAGTGGGGAGCCCGCAGG,0,sg1
CCAGTGAGTAGAGCGGAGGCAGG,TGTGTGAGTAGAGAGGAAACAGG,0,sg2
CCAGTGAGTAGAGCGGAGGCAGG,GGAGTGAGTAGAGCAGATCCTGG,0,sg2
AAATGAGAAGAAGAGGCACAGGG,GGATGAGAAGAAGACTCACATGG,0,sg9
TGACATCAATTATTATACATCGG,TGCTATCATATATTATACATCTT,0,sg10
AAATGAGAAGAAGAGGCACAGGG,AAAGAAGAAGAAGAGGAGCAGGA,0,sg9
GGGTGGGGGGAGTTTGCTCCTGG,GGGCAGGGGGAGTTTGTTGTTGT,0,sg8
AAATGAGAAGAAGAGGCACAGGG,ACATGAGAAGAATATGCCCTGGG,0,sg9
GAATCCTAAAAACTCTGCTTCGG,GAGTACTACAAACTCTGCTAATG,0,sg12
AAATGAGAAGAAGAGGCACAGGG,AAATGAGAAGAAGAAGAAAAGAA,0,sg9
GGGTGGGGGGAGTTTGCTCCTGG,GGGTGGGGGATGATGGCTTCAGG,0,sg8
TGACATCAATTATTATACATCGG,TCACATCAATTATTCTATAATGA,0,sg10
GAATCCTAAAAACTCTGCTTCGG,CACATCTGAAAACTCTGCTTCGA,0,sg12
GAATCCTAAAAACTCTGCTTCGG,GAAGCCTAAAAACTCTACATTTC,0,sg12
CCAGTGAGTAGAGCGGAGGCAGG,CCAGTGAGTCCTGCGAAGGCAGA,0,sg2
GGGTGGGGGGAGTTTGCTCCTGG,GGGTGGGGGGAAGATTCTCGTGC,0,sg8
GAATCCTAAAAACTCTGCTTCGG,TAATCCTAAAAATTATTATTCTG,0,sg12
GGTCCTGCCGCTGCTTGTCATGG,GGTCCTGCCTCATCCTGCCCTGG,0,sg4
AATGACCACTACATCCTCAAGGG,AAAGTGCACTACATCCTTAACCG,0,sg5
GACACCGAAGCAGAGTTTTTAGG,GCCACGGCAGCAGAGTTTGCAGA,0,sg11
AAATGAGAAGAAGAGGCACAGGG,GGAGGAGAAGAAGAGGGAGAGGA,0,sg9
GACACCGAAGCAGAGTTTTTAGG,GGCTCCGGTGCAGAGTTTTTGGC,0,sg11
AAATGAGAAGAAGAGGCACAGGG,ACCTGAGGCCAAGAGGCACAGGT,0,sg9
CCTGCCTCCGCTCTACTCACTGG,ATAGTTTCTGCTCTACTCACTGG,0,sg7
GGTCCTGCCGCTGCTTGTCATGG,GCTCCTGCCAAAGCTTGTCATTT,0,sg4
CCTGCCTCCGCTCTACTCACTGG,CCTTCTCCCGCTCTACTCCCTGT,0,sg7
GAATCCTAAAAACTCTGCTTCGG,TGATTCAAAAAGCTCTGCTTCTG,0,sg12
AAATGAGAAGAAGAGGCACAGGG,AAATGAGGACAAGAGGCAGAGGG,1,sg9
TGACATCAATTATTATACATCGG,TGACATCAAGTTTTTCAAATCAG,0,sg10
AACACCAGTGAGTAGAGCGGAGG,AAGACCAGTGAGTATTGGGGCTG,0,sg1
AAATGAGAAGAAGAGGCACAGGG,AAATGAGAAGAACTGGCAGGAGA,0,sg9
GGGTGGGGGGAGTTTGCTCCTGG,GGGTGGGGGGTGCTTACACTTGC,0,sg8
GACACCGAAGCAGAGTTTTTAGG,CATATTGAAGCAGAGTTTTCAGT,0,sg11
AAATGAGAAGAAGAGGCACAGGG,GAAGGAGAAGAAGAGGGCCTGGG,0,sg9
CCTGCCTCCGCTCTACTCACTGG,GTTCTGACCGCTCTACTCACTGG,0,sg7
GAATCCTAAAAACTCTGCTTCGG,TAATCCTAAAAGCTCTGTTTTGG,1,sg12
TGACATCAATTATTATACATCGG,TGACATCAATTAATATTTTACTG,0,sg10
CTTGCCCCACAGGGCAGTAACGG,GTTGCCCTAAAGGGCAGTAACCG,0,sg3
AAATGAGAAGAAGAGGCACAGGG,AGAAGAGAGAAAGAGGCAGAGAG,0,sg9
GGGTGGGGGGAGTTTGCTCCTGG,GGGTGGGGGGCGTGGGGTCATGT,0,sg8
GACACCGAAGCAGAGTTTTTAGG,GTCACTGACCCCGAGTTTTTAGA,0,sg11
GGTCCTGCCGCTGCTTGTCATGG,TCTAATGCAGCTGCTTGTAATGG,0,sg4
GACACCGAAGCAGAGTTTTTAGG,GTTACCCATGCAGAGTTTGTGGG,0,sg11
AAATGAGAAGAAGAGGCACAGGG,AAATGAGAATGACAGTCCCATGG,0,sg9
GGGTGGGGGGAGTTTGCTCCTGG,GGGTGGGGGGTGAGGGTTCCTGA,0,sg8
AACACCAGTGAGTAGAGCGGAGG,ATCAGGAGTGAGTAGAGCCAAGC,0,sg1
AAATGAGAAGAAGAGGCACAGGG,AAGTGAGAAGAAGAGGGAAATGC,0,sg9
TGACATCAATTATTATACATCGG,TGGAATATATTATTATACATCAT,0,sg10
TGACATCAATTATTATACATCGG,GGTCAACAATTATTATGAATGGG,0,sg10
GGGTGGGGGGAGTTTGCTCCTGG,GGGTGGGGGGTGGAGGCTCCTGG,0,sg8
GAATCCTAAAAACTCTGCTTCGG,GAATCATAAAAACTCTGTGTATA,0,sg12
AACACCAGTGAGTAGAGCGGAGG,AACACCAGCGAGTAGAGCGGAGG,1,sg1
AAATGAGAAGAAGAGGCACAGGG,GATTGAGAAGAAGAGGAAAAAAG,0,sg9
AAATGAGAAGAAGAGGCACAGGG,ACAGAAGAAAATGAGGCACAGAG,0,sg9
GGGTGGGGGGAGTTTGCTCCTGG,GGGTGGGGGTGGTGGACTCCTTG,0,sg8
GACACCGAAGCAGAGTTTTTAGG,AAGAAAGTAGCAGAGTTTTTAGC,0,sg11
GGGTGGGGGGAGTTTGCTCCTGG,GGCTGGTGGTATTTTGCTCCTAC,0,sg8
CCTGCCTCCGCTCTACTCACTGG,CCTGCCTCCACTGTCCCCACTGC,0,sg7
CCTGCCTCCGCTCTACTCACTGG,CCTGCCTCCCACCCCCTCCCTGG,0,sg7
CCTGCCTCCGCTCTACTCACTGG,TATTCCTCCTTACTACTCACTGG,0,sg7
AAATGAGAAGAAGAGGCACAGGG,GAGTGAGAAGAAAAGGCGTAGGA,0,sg9
ATGAACACCAGTGAGTAGAGCGG,CTGGATCACAGTGAGTAGAGCAG,0,sg6
AAATGAGAAGAAGAGGCACAGGG,GCATGAGATGAAGAGGCAGAAGC,0,sg9
GAATCCTAAAAACTCTGCTTCGG,GAATCCTAAAAAGTCTAGACTGG,0,sg12
CCAGTGAGTAGAGCGGAGGCAGG,CCAGTGAGTAATTCAGAGGAAGG,0,sg2
CTTGCCCCACAGGGCAGTAACGG,ATTGCCCCACAGGGAGGGAACCC,0,sg3
GGTCCTGCCGCTGCTTGTCATGG,GCTTCTCCTCCTGCTTGTCATAG,0,sg4
TGACATCAATTATTATACATCGG,TGATACCAATTATTAATTATCAG,0,sg10
CCTGCCTCCGCTCTACTCACTGG,GTTCTCACGGCTCTACTCACTGG,0,sg7
ATGAACACCAGTGAGTAGAGCGG,TTAAACAGCCCTGAGTAGAGCTG,0,sg6
AAATGAGAAGAAGAGGCACAGGG,AAATGAGAAGAAAAGGCATTCTA,0,sg9
GGGTGGGGGGAGTTTGCTCCTGG,TGGGTGGGGGTGTTTACACCTGG,0,sg8
GGGTGGGGGGAGTTTGCTCCTGG,GTGGTCGGGGAGTTTGCTTTTGG,0,sg8
AAATGAGAAGAAGAGGCACAGGG,GGACTAGAAGAAGAGTCAGAGGG,0,sg9
GGGTGGGGGGAGTTTGCTCCTGG,GTGTGGGGGGAGTGTGCACCAAC,0,sg8
ATGAACACCAGTGAGTAGAGCGG,AGGGACACCAGTGAGGGGAGAGA,0,sg6
CTTGCCCCACAGGGCAGTAACGG,CTTGCCCCACAGGGAACAACAGC,0,sg3
AAATGAGAAGAAGAGGCACAGGG,CAATGAGAAGAAAATGTGAAGGG,0,sg9
GGGTGGGGGGAGTTTGCTCCTGG,AAGGGGCTGGATTTTGCTCCTGG,0,sg8
CCTGCCTCCGCTCTACTCACTGG,CCTGGCTCATTTCTACTCACTTT,0,sg7
AAATGAGAAGAAGAGGCACAGGG,AAGTAAAATGAAGAGGCACAGAC,0,sg9
AAATGAGAAGAAGAGGCACAGGG,GAATGATGGGAAGAGGCAGAGGA,0,sg9
GGGTGGGGGGAGTTTGCTCCTGG,GGGTGGGGGGAATTCTAGCCTGG,0,sg8
CCTGCCTCCGCTCTACTCACTGG,CCTGCCTCCCCCCTACCCCCTCC,0,sg7
AATGACCACTACATCCTCAAGGG,AATGACCACAACGTCCACTACAG,0,sg5
AAATGAGAAGAAGAGGCACAGGG,AAATGAGAAAAAGAGGTAAGGAC,0,sg9
TGACATCAATTATTATACATCGG,TTAATTAAATTATTATACATCTA,0,sg10
GAATCCTAAAAACTCTGCTTCGG,GCAGCTTAGTGACTCTGCTTCGG,0,sg12
AAATGAGAAGAAGAGGCACAGGG,TACAAAGAAGAAGAGAAACAGGG,0,sg9
GGGTGGGGGGAGTTTGCTCCTGG,GTGTGGGGGGAGCTTGCTGGCTG,0,sg8
AATGACCACTACATCCTCAAGGG,AAGGAAGAGTACATCCTCAAGAA,0,sg5
AAATGAGAAGAAGAGGCACAGGG,AATCAGGAAGAAGAGGGGCAGGG,0,sg9
ATGAACACCAGTGAGTAGAGCGG,CTGAAGAGAGGTGAGTAGAGCCG,0,sg6
GGGTGGGGGGAGTTTGCTCCTGG,GGGTGGGGGGGGTATGCTCTTTT,0,sg8
AAATGAGAAGAAGAGGCACAGGG,GGTGGAGAAGAAGAGACACAGTG,0,sg9
CCAGTGAGTAGAGCGGAGGCAGG,CTAGTGAGTAGAGTCCAGGGATG,0,sg2
AAATGAGAAGAAGAGGCACAGGG,AGCTAAGAAGAAGAGGCAAAGAA,0,sg9
AAATGAGAAGAAGAGGCACAGGG,AAATGAGAAGGCCAGACTCAGGC,0,sg9
CCAGTGAGTAGAGCGGAGGCAGG,CCAGTGAGTAAACCAGAGCCTGA,0,sg2
CTTGCCCCACAGGGCAGTAACGG,CTAGCCCCACAGGGATGTGTCTG,0,sg3
GGTCCTGCCGCTGCTTGTCATGG,GGTCCTGCCTCTCCTTGTAGTGT,0,sg4
GACACCGAAGCAGAGTTTTTAGG,TACACTTACCCTGAGTTTTTAGG,0,sg11
AATGACCACTACATCCTCAAGGG,AATGACCACCACTTCGTGAATGA,0,sg5
AAATGAGAAGAAGAGGCACAGGG,ATCTAAGAAGCTGAGGCACAGAG,0,sg9
AAATGAGAAGAAGAGGCACAGGG,GACTGAGAAGAAAAGGCTTGGGG,0,sg9
GAATCCTAAAAACTCTGCTTCGG,GATTCCTAAAAACTTCACTTAGG,0,sg12
TGACATCAATTATTATACATCGG,AGATTTCAATTATTATAAATTTG,0,sg10
AAATGAGAAGAAGAGGCACAGGG,AAATGAGAAGAAGAGACAGAATA,0,sg9
AAATGAGAAGAAGAGGCACAGGG,AAATGAGAATCAGAGAAACATGT,0,sg9
GGGTGGGGGGAGTTTGCTCCTGG,AGGTGGGGGGAGTTTTCAGCTCT,0,sg8
AAATGAGAAGAAGAGGCACAGGG,AAATGAGAATAACATGCATGGAG,0,sg9
GGGTGGGGGGAGTTTGCTCCTGG,GTGTGGGGGGAGCCTCTTCATGG,0,sg8
GGTCCTGCCGCTGCTTGTCATGG,GCCCAAGCAGATGCTTGTCATGG,0,sg4
GACACCGAAGCAGAGTTTTTAGG,CACATGAAAGCAGAGTTTATAGA,0,sg11
GGTCCTGCCGCTGCTTGTCATGG,GGTGCTGCTGCTGCTTGTTCTGC,0,sg4
CTTGCCCCACAGGGCAGTAACGG,CTTTCTCCACAGGGCAGGTGGGG,0,sg3
AAATGAGAAGAAGAGGCACAGGG,ATATGAGAGGAAGAGGCAAAGGA,0,sg9
GGGTGGGGGGAGTTTGCTCCTGG,GGTTGGTTGGAGTTTGCTGGAGG,0,sg8
GGGTGGGGGGAGTTTGCTCCTGG,GGGTGGGGGGACTTTCCTGTTGG,0,sg8
AAATGAGAAGAAGAGGCACAGGG,GGGTGTAGAGAAGAGGCACAGGG,0,sg9
GGTCCTGCCGCTGCTTGTCATGG,GGTCCTGCCCCACCATGTCCTGA,0,sg4
GGGTGGGGGGAGTTTGCTCCTGG,GGGTGGGGGGCGTCTGGCCTGGG,0,sg8
AAATGAGAAGAAGAGGCACAGGG,AAATGAGAAAAATAGGCAGAGGG,1,sg9
AAATGAGAAGAAGAGGCACAGGG,ACAAGGAAAGAAGAGGCAGAAGG,0,sg9
CTTGCCCCACAGGGCAGTAACGG,CTGGCCGCGGGTGGCAGTAACGG,0,sg3
AAATGAGAAGAAGAGGCACAGGG,ATTAGAGAAGAAGAGGTTCAGGA,0,sg9
AAATGAGAAGAAGAGGCACAGGG,ACAAATGAAGAAGAGGAACATGG,0,sg9
CTTGCCCCACAGGGCAGTAACGG,CTTGCCCCAAATGGCAGAATCCC,0,sg3
AAATGAGAAGAAGAGGCACAGGG,AAATGAGAAAGCAAGGCACAGTG,0,sg9
ATGAACACCAGTGAGTAGAGCGG,GTCAACACCAGTGAATAAAGCAA,0,sg6
GGGTGGGGGGAGTTTGCTCCTGG,GTGGGAGGGGAGTTTGCTATTGG,0,sg8
AAATGAGAAGAAGAGGCACAGGG,AAAAAAGAAGAAGAGGAAGAATG,0,sg9
AATGACCACTACATCCTCAAGGG,GTTCACTATTCCATCCTCAAGGG,0,sg5
AAATGAGAAGAAGAGGCACAGGG,GGGGGAGCAGAAGAGGCAGAGGG,0,sg9
AATGACCACTACATCCTCAAGGG,AATGACCACAGCTGCCTCACGGC,0,sg5
TGACATCAATTATTATACATCGG,TGAGATCAATTATTATTTATTAT,0,sg10
CTTGCCCCACAGGGCAGTAACGG,CATGCCCCACAGGCCCCTGACAG,0,sg3
GAATCCTAAAAACTCTGCTTCGG,GAATTTTAATCACTCTGCTTCTC,0,sg12
GAATCCTAAAAACTCTGCTTCGG,TACTCTTAAATACTCTGCTTCTC,0,sg12
TGACATCAATTATTATACATCGG,ATACATCAATTAGTACACATTTG,0,sg10
TGACATCAATTATTATACATCGG,TAACATCAATTATCATACATTAT,0,sg10
GGGTGGGGGGAGTTTGCTCCTGG,TGGTGGGGGGAGTTTGTTCCTTG,0,sg8
AAATGAGAAGAAGAGGCACAGGG,AAACGTGAAGAAGAGAGACTGGC,0,sg9
GACACCGAAGCAGAGTTTTTAGG,GATAAGGCAGCAGAGTTTATAGA,0,sg11
AAATGAGAAGAAGAGGCACAGGG,AAACGAGGAACTGAGGCACAGAG,0,sg9
CCAGTGAGTAGAGCGGAGGCAGG,TCAGTGAGTAGAGGCAAGGGAAG,0,sg2
AAATGAGAAGAAGAGGCACAGGG,AGATGAGAAGAAAAGATTCAGGC,0,sg9
ATGAACACCAGTGAGTAGAGCGG,GAAAACAGCAGTGAGTAGAACAG,0,sg6
GGTCCTGCCGCTGCTTGTCATGG,GGACAGGCTGCTTGTTGTCATGG,0,sg4
AAATGAGAAGAAGAGGCACAGGG,GAATGTGAAGAAGAGGAGCTGGA,0,sg9
AAATGAGAAGAAGAGGCACAGGG,AAATGAGAAGGAGAGGCCAGGAG,0,sg9
AAATGAGAAGAAGAGGCACAGGG,AAATGAGAAGAAGAGTAATCAGG,0,sg9
AAATGAGAAGAAGAGGCACAGGG,AAGTGAGAAGAAAAAGGACAGAC,0,sg9
GAATCCTAAAAACTCTGCTTCGG,GCATCCTAAAAACACAGGTTGGT,0,sg12
ATGAACACCAGTGAGTAGAGCGG,GGAAACACCAGTGCGGAGAGAGG,0,sg6
GGTCCTGCCGCTGCTTGTCATGG,GGTCCTGCCTTTGCTGGTCCTGG,0,sg4
GGGTGGGGGGAGTTTGCTCCTGG,GGGTGGGGGGAGGTGCCTCATCA,0,sg8
TGACATCAATTATTATACATCGG,TTAGATAAATTATTATACATTTC,0,sg10
GGGTGGGGGGAGTTTGCTCCTGG,GGGTGGGGGGGGGGCGCGGCTGG,0,sg8
CCAGTGAGTAGAGCGGAGGCAGG,CCCGTGAGTAGAAAGGGGGCAGA,0,sg2
GACACCGAAGCAGAGTTTTTAGG,CACACCTCAGCAGAGTTTGGAAG,0,sg11
AAATGAGAAGAAGAGGCACAGGG,AGAAGAGAAGAAGAGGAAGAGGA,0,sg9
GAATCCTAAAAACTCTGCTTCGG,TAAACCTAAGCTCTCTGCTTCAG,0,sg12
AAATGAGAAGAAGAGGCACAGGG,AAAATAGAGGGGGAGGCACAGAG,0,sg9
AAATGAGAAGAAGAGGCACAGGG,AAATGAGAAAACAAGCCACAGAT,0,sg9
AAATGAGAAGAAGAGGCACAGGG,AGAGGAGGAGGGGAGGCACAGGT,0,sg9
AAATGAGAAGAAGAGGCACAGGG,AAAGAAGAAGAAGAGGAGGAGGG,0,sg9
GACACCGAAGCAGAGTTTTTAGG,GCCAGCTGAGCAGAGTTTTGAGG,0,sg11
GGTCCTGCCGCTGCTTGTCATGG,GGTCCTGCCACTGCACTTCATTC,0,sg4
GACACCGAAGCAGAGTTTTTAGG,CAGACCGAAGCAGGGTTCTTGAG,0,sg11
GAATCCTAAAAACTCTGCTTCGG,GCCCCCTGGAAACTCTGCTTAGG,0,sg12
GACACCGAAGCAGAGTTTTTAGG,GACACCGAATCTTAATTTTGAGC,0,sg11
AAATGAGAAGAAGAGGCACAGGG,AAATGAGAAGTAAATGAAAAGGA,0,sg9
AAATGAGAAGAAGAGGCACAGGG,AATTGAGAAGAAAATGCAAATGC,0,sg9
AAATGAGAAGAAGAGGCACAGGG,GAGAGTGAAGGAGAGGCACAGGA,0,sg9
AAATGAGAAGAAGAGGCACAGGG,TAAGGAGAAACTGAGGCACAGAG,0,sg9
AAATGAGAAGAAGAGGCACAGGG,AAATGAGAAAACAAGAGACAGGG,0,sg9
AAATGAGAAGAAGAGGCACAGGG,AAATGGATAAATGAGGCACAGGG,0,sg9
AACACCAGTGAGTAGAGCGGAGG,AGCTTCAGTGAGTAGAGTCTAGG,0,sg1
GAATCCTAAAAACTCTGCTTCGG,AAAATCTAGAGTCTCTGCTTCGG,0,sg12
AAATGAGAAGAAGAGGCACAGGG,GAAAGAGAAGAAGAGACAGAAAG,0,sg9
GGGTGGGGGGAGTTTGCTCCTGG,GGGTGGGGGCAGGCGGTTCCCGG,0,sg8
TGACATCAATTATTATACATCGG,TGACATTAGTTATTATACTTGAT,0,sg10
CCTGCCTCCGCTCTACTCACTGG,CCTGCCTCCCCTCAGCTCTCTCT,0,sg7
AAATGAGAAGAAGAGGCACAGGG,AGCAGAGAAGAAGAGGCCCTGGG,0,sg9
CCAGTGAGTAGAGCGGAGGCAGG,CTAGTGAGTAGAAGGAAGGGAAG,0,sg2
GGGTGGGGGGAGTTTGCTCCTGG,GGGTGGGGGGCTTTGGCTCCCTC,0,sg8
TGACATCAATTATTATACATCGG,TTCCTTTAATTATTATACATTAG,0,sg10
AAATGAGAAGAAGAGGCACAGGG,AAGGGAGAAGAAGAGGAGCAGGG,0,sg9
GAATCCTAAAAACTCTGCTTCGG,CATTCCTACAAACTCTGCTGCCT,0,sg12
GAATCCTAAAAACTCTGCTTCGG,TAATCCTAAAAATTCTGCTAATC,0,sg12
GGGTGGGGGGAGTTTGCTCCTGG,GAGTCGGGGGAGTTTGGTCTTGC,0,sg8
AAATGAGAAGAAGAGGCACAGGG,AATTGAGAAGAAGAGCCTCAGGA,0,sg9
ATGAACACCAGTGAGTAGAGCGG,ATAAACACCAGTGCAGAGAACAG,0,sg6
ATGAACACCAGTGAGTAGAGCGG,TGGAATACCAGTGAGATGAGAGG,0,sg6
AAATGAGAAGAAGAGGCACAGGG,TTGTGCAAAGAAGAGGCACAGGA,0,sg9
CTTGCCCCACAGGGCAGTAACGG,CCTGCCCCACAGGGCCCTGACGC,0,sg3
AACACCAGTGAGTAGAGCGGAGG,GTCACCAGTGAGGAGATGGCAGG,0,sg1
AAATGAGAAGAAGAGGCACAGGG,CAATAGAAAGAAGAGGCACTGGG,0,sg9
AAATGAGAAGAAGAGGCACAGGG,AAGTGAGAAGAAGAGGAATGAGA,0,sg9
GGGTGGGGGGAGTTTGCTCCTGG,GGGTGGGGGGCGAGGGCTCCTCG,0,sg8
ATGAACACCAGTGAGTAGAGCGG,CAGAACAACAGTGAGTAGAGTTT,0,sg6
AACACCAGTGAGTAGAGCGGAGG,ACCACTAGTGAGTAGAGGAGTGT,0,sg1
GACACCGAAGCAGAGTTTTTAGG,GGCAGCAAAGCAGAGTTTTTTCC,0,sg11
GGTCCTGCCGCTGCTTGTCATGG,GGTCCTGCCACTGCACATCCTGC,0,sg4
AAATGAGAAGAAGAGGCACAGGG,GAGAGAAAAGAAGAGGCACGGGC,0,sg9
AAATGAGAAGAAGAGGCACAGGG,AAATGAGAAGATAATACAAAGAG,0,sg9
CTTGCCCCACAGGGCAGTAACGG,CTTTGGCCACAGGGCAGTTACTA,0,sg3
TGACATCAATTATTATACATCGG,TGTCCTCAGTTATTATACATTTT,0,sg10
AAATGAGAAGAAGAGGCACAGGG,AAAGAAGAAGAAGAGACACTAGA,0,sg9
GAATCCTAAAAACTCTGCTTCGG,GAATCCTAAAAACTTTTTTGCTT,0,sg12
CCTGCCTCCGCTCTACTCACTGG,CCTGCCTCCGTGAAACTCACTAG,0,sg7
AAATGAGAAGAAGAGGCACAGGG,AAATGAGAAATTGAGGCAGAGGA,0,sg9
CCTGCCTCCGCTCTACTCACTGG,CCTGCCTCCGATCTTGCCTCTGC,0,sg7
GAATCCTAAAAACTCTGCTTCGG,TAAAACTCAAAACTCTGCTTCTC,0,sg12
AAATGAGAAGAAGAGGCACAGGG,AAATGAGAAAGAAAGACACCGGG,0,sg9
AAATGAGAAGAAGAGGCACAGGG,AAGAAAAAAGAAGAGGCACAAAG,0,sg9
CTTGCCCCACAGGGCAGTAACGG,TGGACACCACAGGGCAGTAAGGG,0,sg3
GGTCCTGCCGCTGCTTGTCATGG,CAACCTGCCGCTGTTTCTCCTGG,0,sg4
GAATCCTAAAAACTCTGCTTCGG,GAATCCTAAAATGACTCCTTTGA,0,sg12
GGGTGGGGGGAGTTTGCTCCTGG,GGGTGGGGGGGGCTGGTTCATGT,0,sg8
AAATGAGAAGAAGAGGCACAGGG,TAATGAGAAGAAGAGAGGATGGG,0,sg9
AAATGAGAAGAAGAGGCACAGGG,ATTTGAGGAGAAGAGGCACTCTG,0,sg9
AAATGAGAAGAAGAGGCACAGGG,AAATTAGGGGATGAGGCACAGAG,0,sg9
GGGTGGGGGGAGTTTGCTCCTGG,GGGGTGGGGGTGTTTGGTTTTGG,0,sg8
GGGTGGGGGGAGTTTGCTCCTGG,GGGTGGGGGGAGGTGGTTCTCTG,0,sg8
CCAGTGAGTAGAGCGGAGGCAGG,CCAGTGAGTTGTTGTCAGGCAGG,0,sg2
AAATGAGAAGAAGAGGCACAGGG,GAATGAGAAGAATAGACAGAGCT,0,sg9
AACACCAGTGAGTAGAGCGGAGG,ACAAACAGTGAGTAGAATGGTGG,0,sg1
AAATGAGAAGAAGAGGCACAGGG,AAAAAAGAAGAAGAGCCTCTAGG,0,sg9
GGTCCTGCCGCTGCTTGTCATGG,GACCCAGCCGCTGCTGGATATGG,0,sg4
AAATGAGAAGAAGAGGCACAGGG,GAAATAGATGCCGAGGCACAGGG,0,sg9
ATGAACACCAGTGAGTAGAGCGG,ATGGCCACAGGGGAGTAGAGCTG,0,sg6
GGGTGGGGGGAGTTTGCTCCTGG,GCCTTGGGTGAGTTTGCTGCTAG,0,sg8
GACACCGAAGCAGAGTTTTTAGG,TACCCCGAAGCAGAGGAAATAGG,0,sg11
GACACCGAAGCAGAGTTTTTAGG,GAGACAGAAGCAGAGTAAGTAAG,0,sg11
AAATGAGAAGAAGAGGCACAGGG,GAGGCAGAAAATGAGGCACAGGG,0,sg9
GGGTGGGGGGAGTTTGCTCCTGG,TGGTGGGGGGAGTGTGATTCTGG,0,sg8
GGGTGGGGGGAGTTTGCTCCTGG,AGGTGGGAGGAGTTTGCTGAGAG,0,sg8
AAATGAGAAGAAGAGGCACAGGG,AATGAAGAAAAAGAGGCACAGCA,0,sg9
AAATGAGAAGAAGAGGCACAGGG,AGAGGAGAAGAAGAGGGGAAGGT,0,sg9
AACACCAGTGAGTAGAGCGGAGG,AACACCAGTGAGCACACCTGGGT,0,sg1
GGGTGGGGGGAGTTTGCTCCTGG,GGGTGGGGGGAGTGTGGTTTTCA,0,sg8
AAATGAGAAGAAGAGGCACAGGG,AAATGAGAAAAATAGTCCCAGCA,0,sg9
AAATGAGAAGAAGAGGCACAGGG,CACTTTGAAGAAGAGGCAGAGGC,0,sg9
AAATGAGAAGAAGAGGCACAGGG,AGGTGAGAAGAAGATAAACAGGT,0,sg9
AATGACCACTACATCCTCAAGGG,AATGACCACAGGATCCTTCATGG,0,sg5
GGTCCTGCCGCTGCTTGTCATGG,TGTTCTTCAGCTGCTTGTCTAGG,0,sg4
GGTCCTGCCGCTGCTTGTCATGG,GGTCCTGCCCCACCTTGCCTTGG,0,sg4
AAATGAGAAGAAGAGGCACAGGG,AGATGAGAAGAACATGAACATGA,0,sg9
ATGAACACCAGTGAGTAGAGCGG,TGTATCACCAGTGAGTAGAGAAG,0,sg6
AAATGAGAAGAAGAGGCACAGGG,AAATGAGAAGAGGAGGAGCCAGG,0,sg9
AAATGAGAAGAAGAGGCACAGGG,AAGCCTGAAGAAGAGCCACTGGG,0,sg9
AATGACCACTACATCCTCAAGGG,AATGACCACTACCACCAAAGTGG,0,sg5
CCTGCCTCCGCTCTACTCACTGG,CCTGCCTCCTCTCTATCCTCTCC,0,sg7
AAATGAGAAGAAGAGGCACAGGG,TGAACAGAAGAAGAGGCCCGGGG,0,sg9
AATGACCACTACATCCTCAAGGG,AATGACCACCACAATTTCAAGAT,0,sg5
CCAGTGAGTAGAGCGGAGGCAGG,CCCAAGTCTAGAGCGGAGGGAGG,0,sg2
AAATGAGAAGAAGAGGCACAGGG,TATTGTGAAGAAGAGACATAAGG,0,sg9
GGTCCTGCCGCTGCTTGTCATGG,AGTCCGGGCTCTGCTTGTCATGC,0,sg4
AAATGAGAAGAAGAGGCACAGGG,GACTGAGAAGAAGTGGCCAAGGA,0,sg9
GGGTGGGGGGAGTTTGCTCCTGG,GGGAGGAGAGAGTTTGCTCTCTG,0,sg8
AAATGAGAAGAAGAGGCACAGGG,AAAGTAAAAGAAGAGGCACAGAG,0,sg9
AAATGAGAAGAAGAGGCACAGGG,ACATCACATCAGGAGGCACAGGG,0,sg9
ATGAACACCAGTGAGTAGAGCGG,GTAAATACCAGTGAGTAAAACTG,0,sg6
TGACATCAATTATTATACATCGG,TTCCATCAATTATTAAACAAAGA,0,sg10
GGGTGGGGGGAGTTTGCTCCTGG,GTGAGGTGGGAGTTTGCTCAGTG,0,sg8
AAATGAGAAGAAGAGGCACAGGG,AAATGAGAAAAATGGGCACAGGT,0,sg9
GAATCCTAAAAACTCTGCTTCGG,CAATGCTAAAAACTCTGGGTTGG,0,sg12
TGACATCAATTATTATACATCGG,TGACACATGTCATTATACATCTG,0,sg10
AAATGAGAAGAAGAGGCACAGGG,AAATTGTAAGAAGAGGCAGGGGA,0,sg9
GGGTGGGGGGAGTTTGCTCCTGG,AGGTAGGGGGAGTTTCCTCTTAC,0,sg8
AAATGAGAAGAAGAGGCACAGGG,AAATGAGAAAAACAGGCAGAAGG,0,sg9
AAATGAGAAGAAGAGGCACAGGG,AAATGAGAATATGGGGCAGAGCC,0,sg9
AAATGAGAAGAAGAGGCACAGGG,AAATGAGAAGAAAAAACAAAGTA,0,sg9
AAATGAGAAGAAGAGGCACAGGG,AAATGAGAAAGAGAATGACAGGA,0,sg9
GAATCCTAAAAACTCTGCTTCGG,TAAACCCTAAAACTCTGCTTAGT,0,sg12
AACACCAGTGAGTAGAGCGGAGG,GCCACCTTTGAGTAGAGCTGCGG,0,sg1
CCAGTGAGTAGAGCGGAGGCAGG,CCAGTGAGTACACAGTAGGAGGG,0,sg2
TGACATCAATTATTATACATCGG,GGGTATGAATTATTATACTTAGG,0,sg10
ATGAACACCAGTGAGTAGAGCGG,TTGAACACCAGTAACTACAACAG,0,sg6
GGGTGGGGGGAGTTTGCTCCTGG,GGGTGGGGGGAGCTATAACCAGG,0,sg8
AAATGAGAAGAAGAGGCACAGGG,AGGTGAGAAGAAGGGCCAAAGGA,0,sg9
TGACATCAATTATTATACATCGG,TGACATCAAAAATTAACCATCAC,0,sg10
AAATGAGAAGAAGAGGCACAGGG,GACAGAGAAGGAGAGGCACAGTC,0,sg9
AAATGAGAAGAAGAGGCACAGGG,AAAAGTGAGTAAGAGGCACAGCA,0,sg9
AAATGAGAAGAAGAGGCACAGGG,AAATGAGAAAGAGAGGCTAAGAT,0,sg9
GGGTGGGGGGAGTTTGCTCCTGG,GGGGTGGGGGGGTCTGCTGCTGT,0,sg8
AAATGAGAAGAAGAGGCACAGGG,AAAGCTGAAGAAGAGGAGGAGGG,0,sg9
GGGTGGGGGGAGTTTGCTCCTGG,GGGTGGGGGGAGATTCTGCCCAG,0,sg8
AAATGAGAAGAAGAGGCACAGGG,AAAGGAGCAGAAGAAGAGCAGAG,0,sg9
AAATGAGAAGAAGAGGCACAGGG,AGAAGAGAAGAAGAGAAACAGAA,0,sg9
CCTGCCTCCGCTCTACTCACTGG,CACGCCTCCGCTCTGCCCAGAGG,0,sg7
AAATGAGAAGAAGAGGCACAGGG,AAATGAGAAGCAGAGACACCCAA,0,sg9
TGACATCAATTATTATACATCGG,TTAGTTCAATTATTATATATTAG,0,sg10
TGACATCAATTATTATACATCGG,TGACACCAATTATTATTTAAGAG,0,sg10
AAATGAGAAGAAGAGGCACAGGG,AAATGAGAAGAAAAATAACACTG,0,sg9
AAATGAGAAGAAGAGGCACAGGG,AAAGGGGAAGAAGAGAGGCAGAG,0,sg9
GGGTGGGGGGAGTTTGCTCCTGG,CGCAGGGGCATGTTTGCTCCTGG,0,sg8
AAATGAGAAGAAGAGGCACAGGG,AAATGAGAACCAGAGACAGCGAG,0,sg9
GAATCCTAAAAACTCTGCTTCGG,TAATATTAAAAACTCTACTTCAT,0,sg12
AAATGAGAAGAAGAGGCACAGGG,AAATGGTATGCAGAGGCACAGAT,0,sg9
CCAGTGAGTAGAGCGGAGGCAGG,CCAGTGAGTAGCTTGGTATCAGG,0,sg2
AAATGAGAAGAAGAGGCACAGGG,AAAGGAGAAGGAGAGGCAGATGG,1,sg9
AACACCAGTGAGTAGAGCGGAGG,ACGACCAGTGAGTAGAGCCCAGT,0,sg1
CTTGCCCCACAGGGCAGTAACGG,CTTCACCCTCAGGGCAGTGAGCG,0,sg3
CTTGCCCCACAGGGCAGTAACGG,CTGGCTCCTCAGGGCAGTTTCAG,0,sg3
AATGACCACTACATCCTCAAGGG,CAAGCCCCCTACATCCTCAAGTG,0,sg5
GGGTGGGGGGAGTTTGCTCCTGG,GAGGTGGGCGAGTTTGCTTCAGG,0,sg8
CCTGCCTCCGCTCTACTCACTGG,CCTGCCTCCGAATTCCACACTTG,0,sg7
AATGACCACTACATCCTCAAGGG,AATGACCACCACAGACACACAGG,0,sg5
ATGAACACCAGTGAGTAGAGCGG,ATCAAAACCAGTGAGTTCAGCAA,0,sg6
CTTGCCCCACAGGGCAGTAACGG,TCTGCTCCACAGGGCATCAACTG,0,sg3
CCTGCCTCCGCTCTACTCACTGG,CCTGCCTCCGCTCCAGCCACTCC,0,sg7
AAATGAGAAGAAGAGGCACAGGG,GAAAAAGAAACTGAGGCACAGGG,0,sg9
ATGAACACCAGTGAGTAGAGCGG,AGGCAGTCCAGTGAGTAGGGCTG,0,sg6
AAATGAGAAGAAGAGGCACAGGG,AAAAGAGAAGAAGAGGGGGAGGA,0,sg9
ATGAACACCAGTGAGTAGAGCGG,AGAAAGACCAGTGAGGACAGAGG,0,sg6
ATGAACACCAGTGAGTAGAGCGG,CAGAGGACCAGTGAGCAGAGTGG,0,sg6
AAATGAGAAGAAGAGGCACAGGG,AGATGAGAAAATGAGGCACAGAG,0,sg9
CCAGTGAGTAGAGCGGAGGCAGG,AATGTGAGTAGAGAGGAGGCATA,0,sg2
GGGTGGGGGGAGTTTGCTCCTGG,GGGTGGGGGTGGGCTGCCCCTGC,0,sg8
CTTGCCCCACAGGGCAGTAACGG,CTTGTCTCCCAGGGCAGTGTCTG,0,sg3
GGGTGGGGGGAGTTTGCTCCTGG,GGGATGGGGGAGTTTGTCCCTAA,0,sg8
AAATGAGAAGAAGAGGCACAGGG,TACAGAGCAGAAGAGGCAGAGGT,0,sg9
GGGTGGGGGGAGTTTGCTCCTGG,GGGTGGGGGGCAGGTGCTCATGG,0,sg8
AATGACCACTACATCCTCAAGGG,AACTTCCAGTAAATCCTCAAGGT,0,sg5
GGGTGGGGGGAGTTTGCTCCTGG,GCGTGGGGGGTGTTTGCTCCCGG,1,sg8
GGGTGGGGGGAGTTTGCTCCTGG,GAGCGGTGGGAGTTTGCTGCTGT,0,sg8
ATGAACACCAGTGAGTAGAGCGG,AGGAACACCAGTGGTGAGTGCTG,0,sg6
GACACCGAAGCAGAGTTTTTAGG,GTGACAGAAGCAGAGTGTGCAGG,0,sg11
AAATGAGAAGAAGAGGCACAGGG,AAATGAGAAAGAGAGAGAGAGGG,0,sg9
AAATGAGAAGAAGAGGCACAGGG,AAGGAAGAAGAGGAGGCAAAGGA,0,sg9
GGGTGGGGGGAGTTTGCTCCTGG,GGGGGTGGGGGGTTAGGGCCTGG,0,sg8
CCAGTGAGTAGAGCGGAGGCAGG,TCAGTGAGTAGAGAGTAAGCAGA,0,sg2
AAATGAGAAGAAGAGGCACAGGG,AAATGAGAAGGCCAGACACAATG,0,sg9
AATGACCACTACATCCTCAAGGG,AATGAAAACTACATCCTCACGAA,0,sg5
AAATGAGAAGAAGAGGCACAGGG,AACAGAGAAGAAGAGGCAGAGGA,0,sg9
AACACCAGTGAGTAGAGCGGAGG,AACACCAGTGGGTGGAGGGCTGT,0,sg1
AAATGAGAAGAAGAGGCACAGGG,AAATAGGAAGAAGAGGCCATGGA,0,sg9
GGGTGGGGGGAGTTTGCTCCTGG,GGGTGGGGGAATTTGGGTCCAAG,0,sg8
AAATGAGAAGAAGAGGCACAGGG,AAATGAGAAGAAGCAGTCCAGGC,0,sg9
GGTCCTGCCGCTGCTTGTCATGG,TGTTCTGTTTCAGCTTGTCATGG,0,sg4
GGGTGGGGGGAGTTTGCTCCTGG,GGGTGTCCAGAGTTTGCTCCTTC,0,sg8
ATGAACACCAGTGAGTAGAGCGG,AGGAAACCAAGTGAGTAGGGCTG,0,sg6
CCTGCCTCCGCTCTACTCACTGG,CCTGCCTCCTCTCTGCCATCTTG,0,sg7
GAATCCTAAAAACTCTGCTTCGG,GTATCATGAAGACTCTGCTTCTC,0,sg12
AATGACCACTACATCCTCAAGGG,AGTACCTACAAGATCCTCAAGGG,0,sg5
TGACATCAATTATTATACATCGG,TTGCATCAATTAGTCTATATTGG,0,sg10
CCAGTGAGTAGAGCGGAGGCAGG,ACAGCCGGCAGAGCGGAGCCAGG,0,sg2
AAATGAGAAGAAGAGGCACAGGG,AAAGGGGAAGAAGAGCATCAGGA,0,sg9
AAATGAGAAGAAGAGGCACAGGG,ATATGAGAAGAATATTCACAGCA,0,sg9
GGTCCTGCCGCTGCTTGTCATGG,GCTGCTGCCTTTGCTTGTCATTC,0,sg4
ATGAACACCAGTGAGTAGAGCGG,ATGAGGACCAGTGAGCGGAGTGA,0,sg6
GACACCGAAGCAGAGTTTTTAGG,AACACAGAAGCAGAGGAAGTAGG,0,sg11
AAATGAGAAGAAGAGGCACAGGG,AAATGAGAAGTGGAGAGGCAGAG,0,sg9
ATGAACACCAGTGAGTAGAGCGG,ATGCACTCAATTGAGTAGAGCAA,0,sg6
AAATGAGAAGAAGAGGCACAGGG,AAATGAATGGCAGAGGCACAGGA,0,sg9
AAATGAGAAGAAGAGGCACAGGG,AGAAGATAGGAAGAGGCAGAGGA,0,sg9
AAATGAGAAGAAGAGGCACAGGG,AAATGAGAACAAGAATAACAGAA,0,sg9
GAATCCTAAAAACTCTGCTTCGG,GATCCCTTCAACCTCTGCTTCTG,0,sg12
TGACATCAATTATTATACATCGG,TGACAACAATTATTAAAGGTCAG,0,sg10
GACACCGAAGCAGAGTTTTTAGG,GATCCAGAAGCAGAGTATTTTAG,0,sg11
GGGTGGGGGGAGTTTGCTCCTGG,GGGTGGGGGGAGAGCCCTCCCCG,0,sg8
AAATGAGAAGAAGAGGCACAGGG,AAATGTCAAGAAGAGGCACATTT,0,sg9
GGGTGGGGGGAGTTTGCTCCTGG,TGGTGGGGGGAGCCTGGAGCTGG,0,sg8
GGGTGGGGGGAGTTTGCTCCTGG,AAGTGGGGGGAGTTTGATCCTTG,0,sg8
AAATGAGAAGAAGAGGCACAGGG,AAATGAGAAGAAAAGGCCAACCT,0,sg9
GGGTGGGGGGAGTTTGCTCCTGG,GGGGATGGGGAGTTTACTCCCAG,0,sg8
GAATCCTAAAAACTCTGCTTCGG,GAATCCTAAAAACTGGGATAAGT,0,sg12
GAATCCTAAAAACTCTGCTTCGG,GCCTCCTAAAAACTCTACTGCAA,0,sg12
TGACATCAATTATTATACATCGG,TGATTTCAATTATTATACTGTGG,0,sg10
GACACCGAAGCAGAGTTTTTAGG,CACTAAGAGGCAGAGTTTTTAAG,0,sg11
GAATCCTAAAAACTCTGCTTCGG,GAGACATAAAAACTCTGATTCCA,0,sg12
AATGACCACTACATCCTCAAGGG,AATGACCACTGCAGCCTCCACCT,0,sg5
AAATGAGAAGAAGAGGCACAGGG,CAGAGGGAAGGAGAGGCACAGAG,0,sg9
AAATGAGAAGAAGAGGCACAGGG,AAATGAGAAACTGAGCCACAGAT,0,sg9
CCTGCCTCCGCTCTACTCACTGG,CCTCCTTCAGCTATACTCACTCT,0,sg7
GGGTGGGGGGAGTTTGCTCCTGG,GGGTGGGGGCAGCCTAGTGCTGG,0,sg8
AAATGAGAAGAAGAGGCACAGGG,AAATGAGAACAAGAAGAACAAGT,0,sg9
GGGTGGGGGGAGTTTGCTCCTGG,TGGTGGGGGGAGTGTGGTACAGA,0,sg8
AATGACCACTACATCCTCAAGGG,TATTACAAATACATCCTCATGGT,0,sg5
AATGACCACTACATCCTCAAGGG,CAGGACCACTACAACCTAGAAGG,0,sg5
TGACATCAATTATTATACATCGG,TGAAACCAGTTATTATACACCAG,0,sg10
GGTCCTGCCGCTGCTTGTCATGG,GGTCCTGCCCCTGCCTCTGGTGG,0,sg4
CCTGCCTCCGCTCTACTCACTGG,CCCGCCGCCGCTCTACTCACCTG,0,sg7
AAATGAGAAGAAGAGGCACAGGG,AATTAGAAAGAAGAGGCACAGTA,0,sg9
GGGTGGGGGGAGTTTGCTCCTGG,GAGTGGGGGGAGGTGGCTGCCTG,0,sg8
CTTGCCCCACAGGGCAGTAACGG,TTTGGCCCACAGGGCAGGAAGTA,0,sg3
AAATGAGAAGAAGAGGCACAGGG,TACAGAGTAGAAGAGGCACTGGA,0,sg9
GACACCGAAGCAGAGTTTTTAGG,CACACCTGCGCAGAGTTTCTGGG,0,sg11
TGACATCAATTATTATACATCGG,TGACATCAAGTTTTCTACCTGGC,0,sg10
GAATCCTAAAAACTCTGCTTCGG,GCAGCCTCACCACTCTGCTTCGG,0,sg12
AAATGAGAAGAAGAGGCACAGGG,AATTTGGAAGAAGAGGAATAGGG,0,sg9
CCAGTGAGTAGAGCGGAGGCAGG,CAGGTGAGTAGAGTGGCCTCAGG,0,sg2
TGACATCAATTATTATACATCGG,AGACAGTCATTATTATACATTTG,0,sg10
AAATGAGAAGAAGAGGCACAGGG,AAATGAGAACAGGAAGGTCAGGT,0,sg9
GAATCCTAAAAACTCTGCTTCGG,GAATCCTAAAAAATAATCTTAGT,0,sg12
AAATGAGAAGAAGAGGCACAGGG,AAATGAGAAGGAAAAGTCCAGAG,0,sg9
ATGAACACCAGTGAGTAGAGCGG,ATGTAGACCAGTGAGAGAAGTGG,0,sg6
GAATCCTAAAAACTCTGCTTCGG,GGACCCCATAAACTCTGCTCTGG,0,sg12
AAATGAGAAGAAGAGGCACAGGG,AAATGAGAACAAGGAGTACAGAT,0,sg9
GGGTGGGGGGAGTTTGCTCCTGG,GGGTGGGGGGAACTGGCGCACGG,0,sg8
TGACATCAATTATTATACATCGG,TGACATCAATGACTGTGCATCTT,0,sg10
TGACATCAATTATTATACATCGG,TTACCACAATTATTATATGTGGG,0,sg10
TGACATCAATTATTATACATCGG,TTAGATCAATTATTATTCATTCA,0,sg10
CCTGCCTCCGCTCTACTCACTGG,GCTTTCTCCAGTCTACTCACTGT,0,sg7
TGACATCAATTATTATACATCGG,TGTCATCAATTATGATAGGGAGG,0,sg10
TGACATCAATTATTATACATCGG,TAACATATATTATTATACATCTC,0,sg10
CCTGCCTCCGCTCTACTCACTGG,CCTGCCTCCTCTGCACTCCCATG,0,sg7
CCAGTGAGTAGAGCGGAGGCAGG,CCAGTGAGTCGATAGAAGGTAGC,0,sg2
AAATGAGAAGAAGAGGCACAGGG,AACTCAGAAGAAGAGGGAGAAAG,0,sg9
GGGTGGGGGGAGTTTGCTCCTGG,GGTGGGGGAAAGTTTGCTCCTGA,0,sg8
AAATGAGAAGAAGAGGCACAGGG,CAGAGAGGGGCAGAGGCACAGGG,0,sg9
AAATGAGAAGAAGAGGCACAGGG,AATGCAGAAGAAGAGGTAGAGGA,0,sg9
AAATGAGAAGAAGAGGCACAGGG,AAATGAGAAGACAGCGCAGAGGA,0,sg9
GAATCCTAAAAACTCTGCTTCGG,TAAGGTTAAAAACTCAGCTTTGG,0,sg12
AAATGAGAAGAAGAGGCACAGGG,AAATGAGAAGACACAGCGCAGAG,0,sg9
GGGTGGGGGGAGTTTGCTCCTGG,GGGTGGTGGCAGCTTGATCCCCG,0,sg8
AAATGAGAAGAAGAGGCACAGGG,AAATGAGAAGAAAAAACCCTTGG,0,sg9
GAATCCTAAAAACTCTGCTTCGG,TATTACTGTAAACTCTGCTTTGG,0,sg12
AAATGAGAAGAAGAGGCACAGGG,AAATGAGAAATAGAGGCCTAATG,0,sg9
AAATGAGAAGAAGAGGCACAGGG,AAGAGTTAAAAAGAGGCACAGAG,0,sg9
GAATCCTAAAAACTCTGCTTCGG,TAATGATATGATCTCTGCTTCGG,0,sg12
GGTCCTGCCGCTGCTTGTCATGG,GGTCCTGCCGCACCTTGTCTTTC,0,sg4
GGGTGGGGGGAGTTTGCTCCTGG,GAGTGGGGGGAGGCTGTTGATGG,0,sg8
TGACATCAATTATTATACATCGG,AGACATTACTTATTATACACAGG,0,sg10
AAATGAGAAGAAGAGGCACAGGG,TAAGGAAACTAAGAGGCACAGGC,0,sg9
GGGTGGGGGGAGTTTGCTCCTGG,GGGTGGGGGCAGGGTGGTCCTTA,0,sg8
ATGAACACCAGTGAGTAGAGCGG,ATTAACACCAGTGAGTATTCCTA,0,sg6
GACACCGAAGCAGAGTTTTTAGG,GAAAAAGAAGCAGAGTATTTATA,0,sg11
GAATCCTAAAAACTCTGCTTCGG,GAAAACTGAACACTCTGCTTCTG,0,sg12
AAATGAGAAGAAGAGGCACAGGG,GAACCACATGAAGAGGCACAGAG,0,sg9
TGACATCAATTATTATACATCGG,TGAGAGCATCTCTTATACATCAG,0,sg10
AAATGAGAAGAAGAGGCACAGGG,CAAGTAGTATACGAGGCACAGGG,0,sg9
AATGACCACTACATCCTCAAGGG,AATGACCACTACAGAAACACAGG,0,sg5
TGACATCAATTATTATACATCGG,AGACATCAATTATAATTCAACGG,0,sg10
AAATGAGAAGAAGAGGCACAGGG,AAAAATAAAGAAGAGGCACAGGG,0,sg9
CTTGCCCCACAGGGCAGTAACGG,CTTGCCCCACATGGCAGGATTTC,0,sg3
AAATGAGAAGAAGAGGCACAGGG,TAGTGAGAAGAAAAGGAAAAGGA,0,sg9
CCTGCCTCCGCTCTACTCACTGG,CATCCCTGGGCTCTACTCTCTAG,0,sg7
AAATGAGAAGAAGAGGCACAGGG,AAATGAGAAGGAGGGAAAAAGGA,0,sg9
AAATGAGAAGAAGAGGCACAGGG,GAAGGAAACGTGGAGGCACAGGG,0,sg9
GAATCCTAAAAACTCTGCTTCGG,CCTTCATAAATACTCTGCTTCTG,0,sg12
AAATGAGAAGAAGAGGCACAGGG,AGCTGAAGACAAGAGGCACAGTG,0,sg9
CCAGTGAGTAGAGCGGAGGCAGG,CAAGTGTGATGGGCGGAGGCAGC,0,sg2
AATGACCACTACATCCTCAAGGG,ATTGCCCACTGAATCCTCAAGAA,0,sg5
AAATGAGAAGAAGAGGCACAGGG,ACAAGAAAACAGGAGGCACAGAG,0,sg9
GGGTGGGGGGAGTTTGCTCCTGG,GGGTGGGGTGGGGGTGATCCTGT,0,sg8
AAATGAGAAGAAGAGGCACAGGG,ATATTAGAAGAAGAGGTCCCAGG,0,sg9
AAATGAGAAGAAGAGGCACAGGG,AAATGAGAAAATGATCCACAGTA,0,sg9
GGGTGGGGGGAGTTTGCTCCTGG,GGGGTGGGGGAGAGTGCACCTCG,0,sg8
AAATGAGAAGAAGAGGCACAGGG,AAATGAGAAGAAGAATGAAAGAC,0,sg9
TGACATCAATTATTATACATCGG,GGACTTCAATTATTATATTCCTG,0,sg10
AAATGAGAAGAAGAGGCACAGGG,AGATGAGAAGAATAAGAAAAAGG,0,sg9
GGGTGGGGGGAGTTTGCTCCTGG,AGGTTGGGGGAGTTTCCCTCAGG,0,sg8
ATGAACACCAGTGAGTAGAGCGG,AAGGACACCAGTGAGTAAAACAA,0,sg6
GAATCCTAAAAACTCTGCTTCGG,GACTGCTTAAAACTCTGCTTTAG,0,sg12
AAATGAGAAGAAGAGGCACAGGG,AAATGAGAAGAGGAAGCCCCTTG,0,sg9
AAATGAGAAGAAGAGGCACAGGG,AAATGAGAAACTGAGGCTTAGAG,0,sg9
CCAGTGAGTAGAGCGGAGGCAGG,CTAGTGAGTAGAGGCCAGAAAGG,0,sg2
CCTGCCTCCGCTCTACTCACTGG,CGTGACTGAGCTCTACTCAATGG,0,sg7
GGGTGGGGGGAGTTTGCTCCTGG,GGGTGGGGGGGAGTTGCTACTCA,0,sg8
AAATGAGAAGAAGAGGCACAGGG,AGATGACAAAGTGAGGCACAGAG,0,sg9
AATGACCACTACATCCTCAAGGG,AATGACCACGAAATCACCAGAGG,0,sg5
CTTGCCCCACAGGGCAGTAACGG,CTTGCCCCAGAGTCCAGTAATAA,0,sg3
GGGTGGGGGGAGTTTGCTCCTGG,GGGTGGGGGGAGATGGGGCAGGG,0,sg8
AACACCAGTGAGTAGAGCGGAGG,GACCCAACAGAGTAGAGCAGAGG,0,sg1
AAATGAGAAGAAGAGGCACAGGG,AAGTGAGAAGAAAAGGTACAAAA,0,sg9
AAATGAGAAGAAGAGGCACAGGG,AAATGAGAAGAGGAAGAAGAAGG,0,sg9
CCAGTGAGTAGAGCGGAGGCAGG,CCGGTGGGGAGAGCGGAGGCGGG,1,sg2
GGGTGGGGGGAGTTTGCTCCTGG,GGGTGGGTGGGGGTAGATCCTGG,0,sg8
TGACATCAATTATTATACATCGG,TTAAAACAATTATTATAGAGCAG,0,sg10
AAATGAGAAGAAGAGGCACAGGG,GAATGGGAAACAGAGGCACAGGT,0,sg9
GGGTGGGGGGAGTTTGCTCCTGG,GGGTGGGGGATATTTCTTCCTGC,0,sg8
AACACCAGTGAGTAGAGCGGAGG,AAGGTCAGGGAGTAGAGCAGAAG,0,sg1
AACACCAGTGAGTAGAGCGGAGG,AACACCAGTGTGTTCATTGGAGC,0,sg1
AACACCAGTGAGTAGAGCGGAGG,AACACCAGTGTAGGCAGCAGAGG,0,sg1
AACACCAGTGAGTAGAGCGGAGG,AAATCCAGTGAGTAGAAAAGAGG,0,sg1
GAATCCTAAAAACTCTGCTTCGG,GAATCCTAATAGATTTACTTAGG,0,sg12
AAATGAGAAGAAGAGGCACAGGG,AAATGAGAAGAAAAGCTGTAGGG,0,sg9
GGGTGGGGGGAGTTTGCTCCTGG,GGGTGGGGGGTGTTTGGGACTCA,0,sg8
AAATGAGAAGAAGAGGCACAGGG,AAAAGAAAAGAAGAGGCAGAAAG,0,sg9
GGGTGGGGGGAGTTTGCTCCTGG,CAGTGTGAGGAGTTTGCTATTGG,0,sg8
AAATGAGAAGAAGAGGCACAGGG,AAACATGTGGATGAGGCACAGGG,0,sg9
GGGTGGGGGGAGTTTGCTCCTGG,GGGTGGGGGGCGTCCGCGAGTGG,0,sg8
GGTCCTGCCGCTGCTTGTCATGG,GGCCCTGCCGCTGCCTGGCCTTG,0,sg4
GAATCCTAAAAACTCTGCTTCGG,AACTTTTAAAAACTCTGTTTGGG,0,sg12
GAATCCTAAAAACTCTGCTTCGG,ACTTCCCAAATACTCTGCTTCGG,0,sg12
AAATGAGAAGAAGAGGCACAGGG,AAGAGTGAAGAAGAGGCAACAGG,0,sg9
AAATGAGAAGAAGAGGCACAGGG,AAATGAGAAGGCCAGCCACAAAG,0,sg9
GAATCCTAAAAACTCTGCTTCGG,GAATCCTAAAAACTAGTTTTTAG,0,sg12
GGGTGGGGGGAGTTTGCTCCTGG,GAGTGATTGAAGTTTGCTCCTGT,0,sg8
AAATGAGAAGAAGAGGCACAGGG,AAATGAGAATAAAAGTCACTGCA,0,sg9
CCTGCCTCCGCTCTACTCACTGG,CCTGCCTCCGCGCTGCTCTCGGG,1,sg7
ATGAACACCAGTGAGTAGAGCGG,ATGAACACCAATTAGTGGGGCTA,0,sg6
CTTGCCCCACAGGGCAGTAACGG,CTGCCCCCACAGGGCAGTGCCTG,0,sg3
AAATGAGAAGAAGAGGCACAGGG,AAAAGCGAGGAAGAGGCAAAGAA,0,sg9
AAATGAGAAGAAGAGGCACAGGG,AAATGAGAAGAGGAGGCAAATTT,0,sg9
GACACCGAAGCAGAGTTTTTAGG,CATTCCGGATCAGAGTTTTTAAG,0,sg11
GGGTGGGGGGAGTTTGCTCCTGG,GGGTGGGGGGTGTGTGCACCTGC,0,sg8
CCTGCCTCCGCTCTACTCACTGG,CCTGCCTCCATTCTCCTCCCAGA,0,sg7
AAATGAGAAGAAGAGGCACAGGG,AATTGTGAAGTAGAAGAAGAGGG,0,sg9
AAATGAGAAGAAGAGGCACAGGG,AAATGAGAAAAAAAGGAAAAGAA,0,sg9
GGGTGGGGGGAGTTTGCTCCTGG,GGGTGGGGGGACCTTGAGGGTGG,0,sg8
AAATGAGAAGAAGAGGCACAGGG,AGATAAAAAGAAGAGGCACTGGG,0,sg9
AAATGAGAAGAAGAGGCACAGGG,TCATGAGAAGAAGAAAAGCAGGG,0,sg9
AATGACCACTACATCCTCAAGGG,TTTAAAAACTACATCCTCAATGG,0,sg5
CCAGTGAGTAGAGCGGAGGCAGG,AGAGTCAGTAGAGCGGAGGTAGA,0,sg2
GACACCGAAGCAGAGTTTTTAGG,AACTCCGAGGCAGAGTTTATATA,0,sg11
GGGTGGGGGGAGTTTGCTCCTGG,GGGTGGGGGGTGCTGATTGCTGG,0,sg8
TGACATCAATTATTATACATCGG,TTACATCAATTATGTGACATCTT,0,sg10
GAATCCTAAAAACTCTGCTTCGG,GAATCCTAATTTTTCTGCTCAGG,0,sg12
AATGACCACTACATCCTCAAGGG,AATGACCACTAAGTTATCCAAGG,0,sg5
AAATGAGAAGAAGAGGCACAGGG,AAATGAGGAGCTGAGGCACAGAT,0,sg9
ATGAACACCAGTGAGTAGAGCGG,AGGAACACCAGTCAGTGGGGCAG,0,sg6
AAATGAGAAGAAGAGGCACAGGG,AAGAGACATGAAGAGGCAGTGGG,0,sg9
GGTCCTGCCGCTGCTTGTCATGG,GGCGCTGCCGCTGCTCTGCGTGG,0,sg4
AAATGAGAAGAAGAGGCACAGGG,CCCAGAGATGAAGAGGCACAGGG,0,sg9
GACACCGAAGCAGAGTTTTTAGG,GACAAATAAACTGAGTTTTTATG,0,sg11
CCAGTGAGTAGAGCGGAGGCAGG,GCAGGGTTTAGAGCGGAGCCAGG,0,sg2
AAATGAGAAGAAGAGGCACAGGG,AATTAACAAGAAGAGGCACTGAA,0,sg9
AAATGAGAAGAAGAGGCACAGGG,AAATGAGAAAACCAAGAACAAGG,0,sg9
GACACCGAAGCAGAGTTTTTAGG,GTTCCAGGAGCAGAGTTTTTAAG,0,sg11
AAATGAGAAGAAGAGGCACAGGG,ATACGGGAAGAAGAGGAATGGGG,0,sg9
AAATGAGAAGAAGAGGCACAGGG,AGAAGAGAGGCAGAGGCAGAAGG,0,sg9
AACACCAGTGAGTAGAGCGGAGG,AACACCAGTCAGGCTAGCCAAGG,0,sg1
GGGTGGGGGGAGTTTGCTCCTGG,GGGGGTGGGGGCTTCGCTCGTGG,0,sg8
AACACCAGTGAGTAGAGCGGAGG,AACACCAGTGAGTGGATGAATGG,0,sg1
AAATGAGAAGAAGAGGCACAGGG,GGAAGAGAAGAAGAGACAAAGGG,0,sg9
CCAGTGAGTAGAGCGGAGGCAGG,CCAGTGAGTAAAGGCCAGGGATG,0,sg2
AAATGAGAAGAAGAGGCACAGGG,AAATGAGAAACTGTGGCACAGAG,0,sg9
TGACATCAATTATTATACATCGG,TGACATCAATTTTTACAAATGTA,0,sg10
GAATCCTAAAAACTCTGCTTCGG,AAGTCCTAAAAACTCTCTTTGGA,0,sg12
AACACCAGTGAGTAGAGCGGAGG,AAGAGCAGTGAGTAGACCTGGGT,0,sg1
AAATGAGAAGAAGAGGCACAGGG,AGCAGAAGAGAAGAGGCAGAGGG,0,sg9
AATGACCACTACATCCTCAAGGG,ACTGTCCACTGAATCCTCAAGTA,0,sg5
AAATGAGAAGAAGAGGCACAGGG,AAATCAGAAGCGGAGGCACAGAA,0,sg9
GACACCGAAGCAGAGTTTTTAGG,GGCACAGAAGCAGAGCTATTAAA,0,sg11
CCTGCCTCCGCTCTACTCACTGG,CCTGGCTTAGCTCTACTCTCTCC,0,sg7
GGTCCTGCCGCTGCTTGTCATGG,GGAAGGGCCGCTGCTCATCATGG,0,sg4
ATGAACACCAGTGAGTAGAGCGG,ATGTAGACCAGTGAGTTTAGCAT,0,sg6
AAATGAGAAGAAGAGGCACAGGG,CAGAGAGAGAAAGAGGCACAGGT,0,sg9
AAATGAGAAGAAGAGGCACAGGG,AAAACAGAAGAAGAGAGACACAG,0,sg9
AAATGAGAAGAAGAGGCACAGGG,GAAGTTGAAGAAGAGACACAGAG,0,sg9
CTTGCCCCACAGGGCAGTAACGG,CTTCACCCACAGGGCAGTCATGG,0,sg3
AAATGAGAAGAAGAGGCACAGGG,AAAAGAGAAGAAGAGAGAGAAGA,0,sg9
AAATGAGAAGAAGAGGCACAGGG,AAAGGAGACTTAGAGGCACAGGG,0,sg9
AAATGAGAAGAAGAGGCACAGGG,AAAAGACAAAAGGAGGCACAGGC,0,sg9
AAATGAGAAGAAGAGGCACAGGG,AAAAGAAACGAAGAGGCACACTG,0,sg9
AAATGAGAAGAAGAGGCACAGGG,AAATGAGAAGGGGAAGCAAAGAT,0,sg9
CTTGCCCCACAGGGCAGTAACGG,CTTGATAAACATGGCAGTAACAG,0,sg3
CCTGCCTCCGCTCTACTCACTGG,ATTGCCTATGCTCTACTCACCAG,0,sg7
AAATGAGAAGAAGAGGCACAGGG,AGATGAGAAGAAAGAGGACAGAG,0,sg9
GGGTGGGGGGAGTTTGCTCCTGG,GGGTGGGGGGCGGTGGGTGTTGG,0,sg8
GGGTGGGGGGAGTTTGCTCCTGG,GGGTGGGGGGTACTGCCTCCTGT,0,sg8
GGGTGGGGGGAGTTTGCTCCTGG,GGGAGGGGGGAGCGGGCTCCCAG,0,sg8
AAATGAGAAGAAGAGGCACAGGG,AAATGAGAAGAGGTGGAACGGGA,0,sg9
AATGACCACTACATCCTCAAGGG,AATGTCCCCTACATCCTCACCCA,0,sg5
GGTCCTGCCGCTGCTTGTCATGG,GGTCCTGCCCCTGCAGCTCTGGG,0,sg4
AAATGAGAAGAAGAGGCACAGGG,AAATGAGAAAAAGCGGAATAAGA,0,sg9
GACACCGAAGCAGAGTTTTTAGG,GTCACCGAAGCAGGGTTGGTAAG,0,sg11
GGTCCTGCCGCTGCTTGTCATGG,GCTGCTGCTGCTGCTTGTCTCGT,0,sg4
AAATGAGAAGAAGAGGCACAGGG,ACAGGGGAAGAAGAGACACAGAG,0,sg9
GGGTGGGGGGAGTTTGCTCCTGG,GGGTGGGGGAAGGGTGCTTATGA,0,sg8
AAATGAGAAGAAGAGGCACAGGG,CTGTGAGAAGAAGGGGGACAGGG,0,sg9
AAATGAGAAGAAGAGGCACAGGG,AAACTGGAAGAAGAGGAACTTGG,0,sg9
AACACCAGTGAGTAGAGCGGAGG,CACACCAGAAATTAGAGCGGAAA,0,sg1
AAATGAGAAGAAGAGGCACAGGG,AAATGAGAAGACAAGACACAGAA,0,sg9
AATGACCACTACATCCTCAAGGG,AATCTCCAATACATCCTCCACGG,0,sg5
ATGAACACCAGTGAGTAGAGCGG,CTGAACACCAGTGGTTACAGAGG,0,sg6
GAATCCTAAAAACTCTGCTTCGG,GAATCCTAAAAACGATGTTTTAA,0,sg12
AAATGAGAAGAAGAGGCACAGGG,ATAAGGAGAGAAGAGGCACATGG,0,sg9
AAATGAGAAGAAGAGGCACAGGG,AAATGTGAAGAAGAGAAGCAGTG,0,sg9
AAATGAGAAGAAGAGGCACAGGG,AACAGCTAACACGAGGCACAGGG,0,sg9
CTTGCCCCACAGGGCAGTAACGG,CTTGGCCCACAGGGCTTTAATCC,0,sg3
GAATCCTAAAAACTCTGCTTCGG,GAATCCTAAAAATTCTGTTTAAT,0,sg12
GGGTGGGGGGAGTTTGCTCCTGG,GGTTGGGGGGAGCCTCCTCCCTG,0,sg8
ATGAACACCAGTGAGTAGAGCGG,ATGAACACCAGTGCAGAGGGTGT,0,sg6
ATGAACACCAGTGAGTAGAGCGG,CTGAAGACAAGTGAGTAGCTCTG,0,sg6
AAATGAGAAGAAGAGGCACAGGG,AAGAAAGAAGAAGAGGAGGAGGG,0,sg9
AAATGAGAAGAAGAGGCACAGGG,AAATGAGAAGAAAAAGCAGCTGA,0,sg9
GACACCGAAGCAGAGTTTTTAGG,CAGACAGATGCAGAGTTTAAAGG,0,sg11
GGGTGGGGGGAGTTTGCTCCTGG,GGGTGGGGGAAGGTCACTCCGGG,0,sg8
GGTCCTGCCGCTGCTTGTCATGG,GGTCCTGCCGCTGCTCATCATGG,1,sg4
GGGTGGGGGGAGTTTGCTCCTGG,TGATGAGGGGAGTTTGTTCAGGG,0,sg8
TGACATCAATTATTATACATCGG,TGACATCAAATATTTAAAATGTG,0,sg10
AAATGAGAAGAAGAGGCACAGGG,CAATGAATTCCAGAGGCACAGGG,0,sg9
AAATGAGAAGAAGAGGCACAGGG,AATTGAGAGGAAGAGGCAATGAT,0,sg9
AAATGAGAAGAAGAGGCACAGGG,ATAGAAGATGGAGAGGCACAGGG,0,sg9
GACACCGAAGCAGAGTTTTTAGG,TCCACCGAAGCAGTGTTTTCCAG,0,sg11
AAATGAGAAGAAGAGGCACAGGG,AAATGAGAAGGAAAATTACAGAG,0,sg9
CCAGTGAGTAGAGCGGAGGCAGG,TCAGTGAGTAGAGGTGGGGCAGG,0,sg2
CCAGTGAGTAGAGCGGAGGCAGG,CGAGTGAGTAGAAGGGTGGATGG,0,sg2
ATGAACACCAGTGAGTAGAGCGG,ACTAGCACCAGTGAGTACAGGGA,0,sg6
GACACCGAAGCAGAGTTTTTAGG,AAGAACGAAATAGAGTTTTTAGA,0,sg11
GAATCCTAAAAACTCTGCTTCGG,GCCTCCTAAAAATTTTGCTTTGT,0,sg12
AACACCAGTGAGTAGAGCGGAGG,ATGAGCAGTGAGTAGAAAGGTGG,0,sg1
GGGTGGGGGGAGTTTGCTCCTGG,GGGTGGGGGGTGCCTCCACCCGG,0,sg8
GACACCGAAGCAGAGTTTTTAGG,CACACAGAAGCAGAGATTCAAGG,0,sg11
AAATGAGAAGAAGAGGCACAGGG,AAATGAGAAGAGAATGAAGAGGA,0,sg9
AAATGAGAAGAAGAGGCACAGGG,AACAGAGAAGAAGAGCAGCATGG,0,sg9
AAATGAGAAGAAGAGGCACAGGG,AAAAGAGTAGAAAGGGCAGAGGA,0,sg9
CCAGTGAGTAGAGCGGAGGCAGG,GCAATGTGTAGAGCGGAGGGAAG,0,sg2
GGGTGGGGGGAGTTTGCTCCTGG,GGCTGGGGGGAGCTTGCTGAGGT,0,sg8
GGGTGGGGGGAGTTTGCTCCTGG,GGGGGTGGGGAGCTTGGTTTTGG,0,sg8
GACACCGAAGCAGAGTTTTTAGG,GGAACTGAAGCAGAGGCTTCAGG,0,sg11
GACACCGAAGCAGAGTTTTTAGG,GACACTTGAGCAGAGTTTTAAAT,0,sg11
AAATGAGAAGAAGAGGCACAGGG,AAGACAAAAGAAGAGGCACAGAG,0,sg9
GGGTGGGGGGAGTTTGCTCCTGG,GGGTGGGGGGGATTGGTTCCAGG,0,sg8
AAATGAGAAGAAGAGGCACAGGG,AAAATAAAAATAGAGGCACAGAG,0,sg9
CCTGCCTCCGCTCTACTCACTGG,CCCACAGCCTTTCTACTCACTGG,0,sg7
AAATGAGAAGAAGAGGCACAGGG,GACTGAGAAGAAAGGGAAGAGGG,0,sg9
AACACCAGTGAGTAGAGCGGAGG,GCAACCAGTGAGTAGGGCTGAGA,0,sg1
AAATGAGAAGAAGAGGCACAGGG,AAATGAGAAGGAAAAGGAGAGAG,0,sg9
CCAGTGAGTAGAGCGGAGGCAGG,CCAGTGAGTAGGGATGGGACATG,0,sg2
AATGACCACTACATCCTCAAGGG,AATGACCACTGAATTCACAAATG,0,sg5
GGTCCTGCCGCTGCTTGTCATGG,TTTCCTGCCGCTGGTTGATCTGG,0,sg4
ATGAACACCAGTGAGTAGAGCGG,GTTAACACCAGTCAGTAGAGTGT,0,sg6
AAATGAGAAGAAGAGGCACAGGG,AAATGAGAAAACAAGGAACAGTT,0,sg9
CCTGCCTCCGCTCTACTCACTGG,ACGGCCTCCGCTCTGATCCCTGC,0,sg7
AAATGAGAAGAAGAGGCACAGGG,CAATGGGAAGAAGAGTCCCGGAG,0,sg9
GGGTGGGGGGAGTTTGCTCCTGG,TGCTCGGGGGAGTTTGCACCAGG,0,sg8
CCAGTGAGTAGAGCGGAGGCAGG,CCAGTGAGATCTGCGGAGGCAAA,0,sg2
AAATGAGAAGAAGAGGCACAGGG,GAGGGAGAAGAAGAGGAGGAGGG,0,sg9
CTTGCCCCACAGGGCAGTAACGG,TTTGCCATAGAGGGCAGTAACAA,0,sg3
AATGACCACTACATCCTCAAGGG,AAAAAGCACTACATCCTAAACGT,0,sg5
GGGTGGGGGGAGTTTGCTCCTGG,GGCTGGGGGGAGTGGACTCCTCT,0,sg8
AAATGAGAAGAAGAGGCACAGGG,AAAATGGAAGAAGAGGAACAGAA,0,sg9
AAATGAGAAGAAGAGGCACAGGG,AAATGAGAAGGAAAAAGAGAGGG,0,sg9
GAATCCTAAAAACTCTGCTTCGG,GGATGATAAAGTCTCTGCTTCAG,0,sg12
CCTGCCTCCGCTCTACTCACTGG,CCTGCCTCCCCTCAACTCTGATG,0,sg7
AAATGAGAAGAAGAGGCACAGGG,AAATGAGAAGCAGGAGGCCAGTG,0,sg9
GGGTGGGGGGAGTTTGCTCCTGG,GGTGGGGGTGGGTTTGCTCCTGG,0,sg8
AACACCAGTGAGTAGAGCGGAGG,ATGAGCAGTGAGTAGTGGAGAGG,0,sg1
AAATGAGAAGAAGAGGCACAGGG,AAATGAGAAGGAAAGGCTGAGCA,0,sg9
AAATGAGAAGAAGAGGCACAGGG,AAATGAGAATAGGAATCTGAGGG,0,sg9
AACACCAGTGAGTAGAGCGGAGG,AAGACCAGTGAGTGAGGATGAGG,0,sg1
ATGAACACCAGTGAGTAGAGCGG,GGAAAAAGCAGTGAGTAGATCGG,0,sg6
CCTGCCTCCGCTCTACTCACTGG,CCTGCCTCCTCTCTTTACACTTC,0,sg7
GACACCGAAGCAGAGTTTTTAGG,GAAACAGAAGCAGAGGTTTCGTG,0,sg11
AAATGAGAAGAAGAGGCACAGGG,AAATGAGAAGAAAATGTAGAGAA,0,sg9
GGGTGGGGGGAGTTTGCTCCTGG,GGGTGGGCTGAGCTTGCTCCTGT,0,sg8
CCTGCCTCCGCTCTACTCACTGG,CATGCCTGAGCTCTACTCACTCG,0,sg7
CCAGTGAGTAGAGCGGAGGCAGG,CCAGTGAGTGGAAGGGACTCTGG,0,sg2
CCTGCCTCCGCTCTACTCACTGG,ATTCCCTGGCCTCTACTCACTGG,0,sg7
GACACCGAAGCAGAGTTTTTAGG,CACATTTCAGCAGAGTTTTTGGG,0,sg11
GAATCCTAAAAACTCTGCTTCGG,GAATCCTAAAAGATCTGCTTTCA,0,sg12
AATGACCACTACATCCTCAAGGG,CAAGACCACTACCTCCTTGAGGA,0,sg5
GGGTGGGGGGAGTTTGCTCCTGG,TGGGTGGGGGTCTTTCCTCCTGG,0,sg8
GGGTGGGGGGAGTTTGCTCCTGG,TGTGGGCGGGAGTTTGCTCATGC,0,sg8
TGACATCAATTATTATACATCGG,TAGCATGTATTGTTATACATCGT,0,sg10
GGGTGGGGGGAGTTTGCTCCTGG,GGGTGGGGGGTGGCACTTCCTGG,0,sg8
TGACATCAATTATTATACATCGG,TGTCCTCAATTATTAAACATTTA,0,sg10
CCAGTGAGTAGAGCGGAGGCAGG,CCAGTGAGTGGGGCGGGAGGATG,0,sg2
AAATGAGAAGAAGAGGCACAGGG,AAATGAGAAATTGAGTCTCAGTG,0,sg9
AATGACCACTACATCCTCAAGGG,AATGACCACTACAAGCAAAACAG,0,sg5
GGGTGGGGGGAGTTTGCTCCTGG,CATTGGGGGGAGTTTCCTGTTGG,0,sg8
AAATGAGAAGAAGAGGCACAGGG,AAATGAGGGGCTGAGGCACAGAG,0,sg9
AACACCAGTGAGTAGAGCGGAGG,AACACCAGTGAGAAGACAGGCAG,0,sg1
GGGTGGGGGGAGTTTGCTCCTGG,GGGTGGGGGGAGCGTGGGGATGG,0,sg8
CTTGCCCCACAGGGCAGTAACGG,CTGTCCCCACAGGGCAGTGGAGC,0,sg3
GACACCGAAGCAGAGTTTTTAGG,GGTACCGAAGCAGAAGTCTCAGG,0,sg11
GGGTGGGGGGAGTTTGCTCCTGG,TGGTGTGCTGAGTTTGCTTTTGG,0,sg8
AAATGAGAAGAAGAGGCACAGGG,GACACAGACGAAGAGGCAAAGGG,0,sg9
AATGACCACTACATCCTCAAGGG,ACTTACCATAATATCCTCAAGGT,0,sg5
AAATGAGAAGAAGAGGCACAGGG,AAATGAGAAGAAATGGCTCTTGG,0,sg9
GGGTGGGGGGAGTTTGCTCCTGG,GGGGGGAGGGGGTCTGCTCTTGG,0,sg8
CCAGTGAGTAGAGCGGAGGCAGG,CCAATGTTCAGAGCGGAGGGAAG,0,sg2
CTTGCCCCACAGGGCAGTAACGG,CAGGGCCCACAGGGCAGTGAGGG,0,sg3
AAATGAGAAGAAGAGGCACAGGG,GAGTGAGAAGAAGTGAGACAGGA,0,sg9
AAATGAGAAGAAGAGGCACAGGG,AAATCTGAAATTGAGGCACAGGG,0,sg9
CCTGCCTCCGCTCTACTCACTGG,CCTGCCTCCGCTCTCCCCAGTGC,0,sg7
AAATGAGAAGAAGAGGCACAGGG,GAAGAAGAAGAGGAAACACAGGG,0,sg9
CTTGCCCCACAGGGCAGTAACGG,CTGGGGCCCCAGGGCAGTCACGA,0,sg3
AAATGAGAAGAAGAGGCACAGGG,AAATGAGAATGATATGGACAGTG,0,sg9
AAATGAGAAGAAGAGGCACAGGG,TCATGAGAAGAAGGGGGAAAAGG,0,sg9
GGGTGGGGGGAGTTTGCTCCTGG,GTGTTGGGGGAGTTTATCCCCGG,0,sg8
GGGTGGGGGGAGTTTGCTCCTGG,CGTTGGGGGGAGTTCACTCCCTG,0,sg8
GACACCGAAGCAGAGTTTTTAGG,GAATTTGAAGCAGAGTTTTTAAA,0,sg11
AAATGAGAAGAAGAGGCACAGGG,AAATGAGAAAAGGAGGAAGAGAG,0,sg9
AATGACCACTACATCCTCAAGGG,ACAGCCCATTACATCCTCAAGAG,0,sg5
GAATCCTAAAAACTCTGCTTCGG,AAAATCTAAAAACTCTTCTTCAT,0,sg12
GGGTGGGGGGAGTTTGCTCCTGG,GGGTGGGGGGAGAGTGCTACTGG,0,sg8
CCTGCCTCCGCTCTACTCACTGG,CCTGGCACTGCTCTACTCTCTGT,0,sg7
GAATCCTAAAAACTCTGCTTCGG,CAGCCCTAGGACCTCTGCTTCGG,0,sg12
AAATGAGAAGAAGAGGCACAGGG,ACAAGAGAAGAAGAGAGACAGTG,0,sg9
AACACCAGTGAGTAGAGCGGAGG,GAGACCAGTGAGCTGGGCAGAGG,0,sg1
ATGAACACCAGTGAGTAGAGCGG,ATTAACACCAGTGTTTGGAGCCA,0,sg6
AACACCAGTGAGTAGAGCGGAGG,ATGACCAGTGAGTATTACAGAGG,0,sg1
AAATGAGAAGAAGAGGCACAGGG,AAAGAAGAAGAGGAAGCCCAGTG,0,sg9
AAATGAGAAGAAGAGGCACAGGG,ATATGAGAAGAAGAAGAAAAAGC,0,sg9
CCTGCCTCCGCTCTACTCACTGG,CCTGCCTCCGTGCTTCTCTTTGC,0,sg7
CCTGCCTCCGCTCTACTCACTGG,CCTGCCTCCACTCTTCTCTGCAG,0,sg7
TGACATCAATTATTATACATCGG,TGACATCAACAACTGTGCCTCGG,0,sg10
GGGTGGGGGGAGTTTGCTCCTGG,GGGTGGGGGGCGTCTTCTCCCAG,0,sg8
AAATGAGAAGAAGAGGCACAGGG,GAGGGAGATGGAGAGGCACAGAG,0,sg9
CTTGCCCCACAGGGCAGTAACGG,CTTGCCCCAAACAGCATTCAGGG,0,sg3
AAATGAGAAGAAGAGGCACAGGG,GGATGAGAAGAAGATGCAAAGAA,0,sg9
AACACCAGTGAGTAGAGCGGAGG,AACCCAGGTGAGTAGAGCAGAAG,0,sg1
GAATCCTAAAAACTCTGCTTCGG,ATATCCTAGAAGCTCTGCTTCTA,0,sg12
CTTGCCCCACAGGGCAGTAACGG,CAGGTCCCACAGGGCAGGAGCGC,0,sg3
AAATGAGAAGAAGAGGCACAGGG,CAATTAGATGAAGAGGCAGAGGC,0,sg9
GGTCCTGCCGCTGCTTGTCATGG,GCTGCTGCTGCTGCTTGTTATTT,0,sg4
GAATCCTAAAAACTCTGCTTCGG,GTATCCGTAATACTCTGCTTCCT,0,sg12
AAATGAGAAGAAGAGGCACAGGG,ATAGGGGAAACTGAGGCACAGGG,0,sg9
AAATGAGAAGAAGAGGCACAGGG,ATATAAAAAGAAGAGGCAGACAG,0,sg9
AACACCAGTGAGTAGAGCGGAGG,TCCACCAGTGAGGAGATAGGATG,0,sg1
CCTGCCTCCGCTCTACTCACTGG,CCTGCCTCCGCTCTCTCCTCTTG,0,sg7
AATGACCACTACATCCTCAAGGG,AATGCAGACAACATCCTCAAGGG,0,sg5
CTTGCCCCACAGGGCAGTAACGG,CTTGCCCCACAAAGCAGGACCTC,0,sg3
AAATGAGAAGAAGAGGCACAGGG,ATCTAAGAAGAAGAGACACCAGG,0,sg9
GGTCCTGCCGCTGCTTGTCATGG,GGTGCTGCTGCTGCTAGTCAGGG,1,sg4
AACACCAGTGAGTAGAGCGGAGG,AAGACCAGTGAGATCTGCGGAGG,0,sg1
TGACATCAATTATTATACATCGG,TGTCATCAATTATTTTAAATGAG,0,sg10
GGTCCTGCCGCTGCTTGTCATGG,GGTCCTGCCCGGGCTGGTCCAGG,0,sg4
AAATGAGAAGAAGAGGCACAGGG,AAATGGAAAGAAGAAGAGAAGGG,0,sg9
TGACATCAATTATTATACATCGG,AGTCTACAATTATTATGCATAGG,0,sg10
AAATGAGAAGAAGAGGCACAGGG,GTATGAGAAGAATAGTCCCAGAG,0,sg9
CTTGCCCCACAGGGCAGTAACGG,ATTGCCCCACGGGGCAGTGACGG,1,sg3
AAATGAGAAGAAGAGGCACAGGG,AAATGAGAACATGAGATACTTGG,0,sg9
GAATCCTAAAAACTCTGCTTCGG,GAATCTCACAGACTCTGCTTCAG,0,sg12
CTTGCCCCACAGGGCAGTAACGG,ATATGCCCACTGGGCAGTAACAG,0,sg3
GGTCCTGCCGCTGCTTGTCATGG,GGTCCTGTCGCTGCTTGCCATGG,1,sg4
GGGTGGGGGGAGTTTGCTCCTGG,GGGTGGGGGGCGGTGGCTGGGGG,0,sg8
AACACCAGTGAGTAGAGCGGAGG,AACATAAGTGAGTAGAAAGGAAT,0,sg1
GGGTGGGGGGAGTTTGCTCCTGG,GGGTGGGGGGATGATGGCCCCGG,0,sg8
GACACCGAAGCAGAGTTTTTAGG,CACATGGAAGCAGAGGCTTTAGA,0,sg11
CCTGCCTCCGCTCTACTCACTGG,CCTGCCTCCTCTCTACATAGTAT,0,sg7
CCAGTGAGTAGAGCGGAGGCAGG,CCAGTGAGTGCCTAGAAGGCAGG,0,sg2
AAATGAGAAGAAGAGGCACAGGG,AAATGAGAAGAAAAGAAAGAAGG,0,sg9
CCTGCCTCCGCTCTACTCACTGG,CCTGCCTCCTCCCTCATACCTGG,0,sg7
AAATGAGAAGAAGAGGCACAGGG,AAATTTGGAGAAGAGGCATGTGG,0,sg9
GGGTGGGGGGAGTTTGCTCCTGG,GGGTGTCTGGAGTTTGCTGCTTA,0,sg8
GAATCCTAAAAACTCTGCTTCGG,TAAGTATAGAAACTCTGCTTAGG,0,sg12
GGGTGGGGGGAGTTTGCTCCTGG,GTCTGTTGGGAGTTTGCTGGTGG,0,sg8
AAATGAGAAGAAGAGGCACAGGG,ACTTGAGAAAAGGAGGCACAGTG,0,sg9
GGGTGGGGGGAGTTTGCTCCTGG,GGGTGGGGGCAGGCTTCTCCTGG,0,sg8
AAATGAGAAGAAGAGGCACAGGG,AAATGAGAAGAAAGGAGGGAGGG,0,sg9
GGGTGGGGGGAGTTTGCTCCTGG,GTGGGTGGGGAGTTTTCTCCTGT,0,sg8
GAATCCTAAAAACTCTGCTTCGG,GATTCCTAAAAAGGATGCTTAGA,0,sg12
AAATGAGAAGAAGAGGCACAGGG,AAATGAGAAATTAGGGCACAGAG,0,sg9
AAATGAGAAGAAGAGGCACAGGG,AGATAAGAAGAAGAGGGAAAGTT,0,sg9
AAATGAGAAGAAGAGGCACAGGG,ATCTGAGGATCAGAGGCACAGAG,0,sg9
GGTCCTGCCGCTGCTTGTCATGG,CTGCCTGCCGCTGCTTGTCGGTG,0,sg4
AAATGAGAAGAAGAGGCACAGGG,ACAGGGGAAGAAGAGAAACAGAG,0,sg9
GAATCCTAAAAACTCTGCTTCGG,AAATCCTAAAAACTCAGAGCCTG,0,sg12
AAATGAGAAGAAGAGGCACAGGG,AAATGAGAACATGAGGGTTAGAG,0,sg9
GGGTGGGGGGAGTTTGCTCCTGG,GGGGGGGGTGTGTTTGCTGATCG,0,sg8
GAATCCTAAAAACTCTGCTTCGG,GAATCCTAAAATTTCTGCCACTT,0,sg12
AAATGAGAAGAAGAGGCACAGGG,AATTGTGAAGAAGAGGCTATGGC,0,sg9
GGTCCTGCCGCTGCTTGTCATGG,CTGCCTGGAGGTGCTTGTCATGG,0,sg4
CCAGTGAGTAGAGCGGAGGCAGG,CCAGTGAGTGTGGCAGAAGCAGA,0,sg2
GGGTGGGGGGAGTTTGCTCCTGG,GGGTGGGGGGGTCTTGCACCTGT,0,sg8
AAATGAGAAGAAGAGGCACAGGG,GAATGAGAAGAAGGAGCCCTCGG,0,sg9
CCTGCCTCCGCTCTACTCACTGG,CCTGCCTCCCTTCTGCTCCCTCT,0,sg7
AAATGAGAAGAAGAGGCACAGGG,AAACCAGGAAGAGAGGCACAGGT,0,sg9
AATGACCACTACATCCTCAAGGG,AATGAACATCAAATCCTCAAGGA,0,sg5
AACACCAGTGAGTAGAGCGGAGG,AACACCAGTGAGTTTTTAGTAGG,0,sg1
CCTGCCTCCGCTCTACTCACTGG,CCTGCCTCCTCCATCCTGACCGG,0,sg7
AAATGAGAAGAAGAGGCACAGGG,AAATGGGAAGAAGAGGCCCCTAT,0,sg9
AAATGAGAAGAAGAGGCACAGGG,AGTTGAGGTAAAGAGGCACAGAG,0,sg9
AATGACCACTACATCCTCAAGGG,GATGAACAAGACATCCTCAAGGA,0,sg5
AAATGAGAAGAAGAGGCACAGGG,CAAAGAAGTGAAGAGGCATAGGG,0,sg9
GGTCCTGCCGCTGCTTGTCATGG,GGTCTGGGAGCTGCTTGTCATGT,0,sg4
GGGTGGGGGGAGTTTGCTCCTGG,GGTGGGGGGGAGTTTAGCCGTGG,0,sg8
GGGTGGGGGGAGTTTGCTCCTGG,GGGTGGGGGTGGGGTGCTCCTCC,0,sg8
CTTGCCCCACAGGGCAGTAACGG,CCTGCCCCACAGTGAAGACTCGG,0,sg3
GAATCCTAAAAACTCTGCTTCGG,GAATCCTAAAAATTTTCATACAG,0,sg12
CCTGCCTCCGCTCTACTCACTGG,CCTGCCTCCTGTCCACGCACAGC,0,sg7
GGGTGGGGGGAGTTTGCTCCTGG,AGGGAGGGGGAGTTTGCAGGTGG,0,sg8
AAATGAGAAGAAGAGGCACAGGG,AATTGAGAAGAAGATACAGAGAG,0,sg9
GGGTGGGGGGAGTTTGCTCCTGG,GGGTGGGGGCAGGGGGCTTTTGG,0,sg8
CCTGCCTCCGCTCTACTCACTGG,CCAGCCTCCGCTGAGCTCTCAGG,0,sg7
AAATGAGAAGAAGAGGCACAGGG,AATCGAAAAGAAGAGGCAAAAGA,0,sg9
GGGTGGGGGGAGTTTGCTCCTGG,GGGTGGGGGGAGGCTTCTGTGGG,0,sg8
GGGTGGGGGGAGTTTGCTCCTGG,GGCTGGGGGGAGACGGCTCCCAG,0,sg8
GACACCGAAGCAGAGTTTTTAGG,GACCACAAACAAGAGTTTTTATG,0,sg11
AAATGAGAAGAAGAGGCACAGGG,GAAGAAGAAACAGAGGCACAGAG,0,sg9
GGGTGGGGGGAGTTTGCTCCTGG,GGCTGGGGGGAGTGTCTTAGTGG,0,sg8
AAATGAGAAGAAGAGGCACAGGG,ACAGGTGAAGAAGAGGGAGAGTG,0,sg9
GAATCCTAAAAACTCTGCTTCGG,GAAAAATAAAAACTCTTTTTCTG,0,sg12
GGTCCTGCCGCTGCTTGTCATGG,GGTCCTGCCTTTGCTGGTGCTTG,0,sg4
AAATGAGAAGAAGAGGCACAGGG,CTAAGAGAAGAAGAGGGAAATGG,0,sg9
AAATGAGAAGAAGAGGCACAGGG,AAATGAGAAGAAATGAGACAGTG,0,sg9
GAATCCTAAAAACTCTGCTTCGG,TAATCCTAAAAACTCTGGGAGGC,0,sg12
TGACATCAATTATTATACATCGG,TGACAGTGCTTATTATACACCAG,0,sg10
AAATGAGAAGAAGAGGCACAGGG,AATAGAGAAACTGAGGCACAGAG,0,sg9
AAATGAGAAGAAGAGGCACAGGG,ATTTGAGAAGAACAAGCAATGGG,0,sg9
AAATGAGAAGAAGAGGCACAGGG,GAAAAGCTAGAAGAGGCACAGGG,0,sg9
GACACCGAAGCAGAGTTTTTAGG,GTCACCAGAGCAGAGTTTTGAAC,0,sg11
AAATGAGAAGAAGAGGCACAGGG,AACTGAGAAGAAGTGGCTAGGTG,0,sg9
AATGACCACTACATCCTCAAGGG,AATGACCACACCTTCCTCAGAAG,0,sg5
AAATGAGAAGAAGAGGCACAGGG,GTATGAGAAATGGAGGCACAGGT,0,sg9
GAATCCTAAAAACTCTGCTTCGG,GAATCCTAAAAACTCAGAGTAAA,0,sg12
GACACCGAAGCAGAGTTTTTAGG,GACACTGCAGCAGAGTTTTGCTT,0,sg11
GGTCCTGCCGCTGCTTGTCATGG,GGTCTGGCGGCTGCTTGTTTTGG,0,sg4
AACACCAGTGAGTAGAGCGGAGG,AAGACCAGTGAGATTTGCAGAGG,0,sg1
CCAGTGAGTAGAGCGGAGGCAGG,AAAGTGAGTAGAGGGGATAAAGG,0,sg2
CTTGCCCCACAGGGCAGTAACGG,CTTGCCCCACAGGGAAGTCCTCC,0,sg3
AAATGAGAAGAAGAGGCACAGGG,TGGAGGGAAGAAGAGGCAAAGGG,0,sg9
AACACCAGTGAGTAGAGCGGAGG,AAGACCAGTGAGTTGAGGAAATG,0,sg1
TGACATCAATTATTATACATCGG,TTCCATCAATTAAAATAAATCTG,0,sg10
AAATGAGAAGAAGAGGCACAGGG,AGGAGGGAGGAAGAGGCAGAGGG,0,sg9
AAATGAGAAGAAGAGGCACAGGG,AGGTGAGAAGCTGAGGCACAGGA,0,sg9
AAATGAGAAGAAGAGGCACAGGG,AGAAGAGAAGGGAAGGGACAGGG,0,sg9
AAATGAGAAGAAGAGGCACAGGG,AAAGAAGAAGAAGAGGAAAAGAA,0,sg9
AAATGAGAAGAAGAGGCACAGGG,AAGTGAGAAGAAAATGAAAAGTG,0,sg9
GGGTGGGGGGAGTTTGCTCCTGG,GGGTGGGGGGACGGAGCACCTGC,0,sg8
GGTCCTGCCGCTGCTTGTCATGG,TGTCCTGCCGCTGCTGGAGTTGG,0,sg4
TGACATCAATTATTATACATCGG,TGACATCAATACGAATCCATTGG,0,sg10
GACACCGAAGCAGAGTTTTTAGG,GATGGAGAAGCAGAGTTTCCAGG,0,sg11
GAATCCTAAAAACTCTGCTTCGG,GAATCCTAAACACTCTACGTTCA,0,sg12
AACACCAGTGAGTAGAGCGGAGG,AATACCAGTGAGAATAAAGGAAG,0,sg1
GAATCCTAAAAACTCTGCTTCGG,AAAGATTAACAACTCTGCTTCAG,0,sg12
AATGACCACTACATCCTCAAGGG,AATGACCACTAGGGTCCCATGGG,0,sg5
TGACATCAATTATTATACATCGG,TGACATCAAATGCTCCACATGGG,0,sg10
AAATGAGAAGAAGAGGCACAGGG,AAACAAGAAGAAGAGGTGGTGGG,0,sg9
AAATGAGAAGAAGAGGCACAGGG,GAGGGAGAAGAAGAGGGAGAGAG,0,sg9
GACACCGAAGCAGAGTTTTTAGG,GTTACTGAAGCAGAGTGAGTAGG,0,sg11
AAATGAGAAGAAGAGGCACAGGG,GAAGGAGAAGTAGAAGAAGAGGG,0,sg9
CTTGCCCCACAGGGCAGTAACGG,AGTGCCCCTCAGGGCAGTGAGGC,0,sg3
AAATGAGAAGAAGAGGCACAGGG,TGCTAAGAAGAAGAGGCATATGG,0,sg9
AAATGAGAAGAAGAGGCACAGGG,AAATGAGAAGAATGAGAACATGC,0,sg9
GGTCCTGCCGCTGCTTGTCATGG,GCTGCTGCCGCTGCTGCTTATGT,0,sg4
CTTGCCCCACAGGGCAGTAACGG,CCCACCCCACAGGGCAGCAGGGG,0,sg3
GGGTGGGGGGAGTTTGCTCCTGG,TGGGTGGGGGAGTTTGCCGCTGA,0,sg8
GACACCGAAGCAGAGTTTTTAGG,CACTCTGAAGCAGAGATTTGGGG,0,sg11
AAATGAGAAGAAGAGGCACAGGG,AAATGAGAAAACGAGGTTTAGGG,0,sg9
AACACCAGTGAGTAGAGCGGAGG,GACATCAGTGAGTAGTGGGGAAT,0,sg1
AAATGAGAAGAAGAGGCACAGGG,AAATGAGAAGCAGAGAAATATTG,0,sg9
AAATGAGAAGAAGAGGCACAGGG,GGATGAGAAGAAGAGGGAAAGAG,0,sg9
AAATGAGAAGAAGAGGCACAGGG,TATGGAGAAGAAGAGGAGGAGGG,0,sg9
AAATGAGAAGAAGAGGCACAGGG,GGAGGAGGAGGAGAGGCACAGAG,0,sg9
AACACCAGTGAGTAGAGCGGAGG,AACACCAGTGTGTTGAATGCAGA,0,sg1
CCTGCCTCCGCTCTACTCACTGG,CCTGCCTCCTCTTTACAGGGTGG,0,sg7
CCAGTGAGTAGAGCGGAGGCAGG,ACAGTGAGTAGAAGGAAGGAAGG,0,sg2
AATGACCACTACATCCTCAAGGG,CATTACAGTCACATCCTCAAGGG,0,sg5
AACACCAGTGAGTAGAGCGGAGG,AAAACCAGTGAGTACAAATGATG,0,sg1
AAATGAGAAGAAGAGGCACAGGG,AACAGAGAGAGAGAGGCACAGGC,0,sg9
AAATGAGAAGAAGAGGCACAGGG,AAATGAGAAATCAAGGAACATGG,0,sg9
GGGTGGGGGGAGTTTGCTCCTGG,GGGTGGGGGGGGGCGGGTCCTGA,0,sg8
CTTGCCCCACAGGGCAGTAACGG,GCTCAGCCACAGGGCAGTACCGG,0,sg3
AAATGAGAAGAAGAGGCACAGGG,GAGAGAGAGGAAGAGGCAGAGGC,0,sg9
AAATGAGAAGAAGAGGCACAGGG,AAATGAGAAACAGAGATATAGGC,0,sg9
ATGAACACCAGTGAGTAGAGCGG,ATGCACATCAGTGAGTAGCATAG,0,sg6
AAATGAGAAGAAGAGGCACAGGG,CAAGATGAAGTAGAGGCACAGAG,0,sg9
AAATGAGAAGAAGAGGCACAGGG,AAATGAAAAGAAGAGGCAAAAAA,0,sg9
AATGACCACTACATCCTCAAGGG,CAAAACCTGGACATCCTCAAGGG,0,sg5
AAATGAGAAGAAGAGGCACAGGG,CAGTGAGAAGAAGGGGGAAAGAG,0,sg9
TGACATCAATTATTATACATCGG,TGACTTCAATTATTACTAATTGT,0,sg10
AATGACCACTACATCCTCAAGGG,AATTAAAGTTACATCCTCAAGAG,0,sg5
GGGTGGGGGGAGTTTGCTCCTGG,TCTTGGTGGGACTTTGCTCCTAG,0,sg8
CCTGCCTCCGCTCTACTCACTGG,GCCGCCTCCGCTGCACTGCCTGG,0,sg7
GACACCGAAGCAGAGTTTTTAGG,GACACTGAAGCAGAGAAATTAAA,0,sg11
ATGAACACCAGTGAGTAGAGCGG,ATGGACAGTAGAGAGTAGAGCAG,0,sg6
AAATGAGAAGAAGAGGCACAGGG,AAATGAGAATGGGAGGCACCTGG,0,sg9
CCAGTGAGTAGAGCGGAGGCAGG,CTGGTGAGTAGAAAGGAGGAGGG,0,sg2
AAATGAGAAGAAGAGGCACAGGG,AAATGAGAAGAAGAATCAATAGG,0,sg9
AAATGAGAAGAAGAGGCACAGGG,GAAGAAGAAGAAGAGCCACAGAA,0,sg9
AAATGAGAAGAAGAGGCACAGGG,TAATAAGAAGAAGAGGCAATGGG,0,sg9
GGGTGGGGGGAGTTTGCTCCTGG,TGCTGGGGTGGGGGTGCTCCTGG,0,sg8
AAATGAGAAGAAGAGGCACAGGG,GAAGGAGAAGAAGAGGAAGAGAA,0,sg9
GGGTGGGGGGAGTTTGCTCCTGG,GGGTGGGGGTATTTTATTCATGA,0,sg8
TGACATCAATTATTATACATCGG,TATCATCAACAATTATACATCAA,0,sg10
GGGTGGGGGGAGTTTGCTCCTGG,GGGTGGGGGCTGAGTGGTCCGGG,0,sg8
GGGTGGGGGGAGTTTGCTCCTGG,CTCTGTGGGGAGTTTGCTGCTGC,0,sg8
AAATGAGAAGAAGAGGCACAGGG,CAGTGAGAAGCCGAGGCACAGAC,0,sg9
GACACCGAAGCAGAGTTTTTAGG,GACTGAGAAGCAGAGTTAATATG,0,sg11
GGTCCTGCCGCTGCTTGTCATGG,GGCACTGAGGCTGCTTGTCCAGG,0,sg4
CCAGTGAGTAGAGCGGAGGCAGG,GCAGTGAGTAGAGTATAGGGAGG,0,sg2
GAATCCTAAAAACTCTGCTTCGG,GAGTCTGAGAAACTCTGCTGCAG,0,sg12
AAATGAGAAGAAGAGGCACAGGG,TAATAACAAGAAGAGGCACATTG,0,sg9
AAATGAGAAGAAGAGGCACAGGG,AGAACTGAAGAAGAGCCACAGGT,0,sg9
GAATCCTAAAAACTCTGCTTCGG,GAATCCTAAAAACTTTGAGCTGC,0,sg12
GACACCGAAGCAGAGTTTTTAGG,TACAAAGAAGCAGAGTTCTTAGA,0,sg11
AATGACCACTACATCCTCAAGGG,AATCACTTTTTTATCCTCAAGGG,0,sg5
CCTGCCTCCGCTCTACTCACTGG,CTTGCCTCCGCTCTACTGCCCAC,0,sg7
CTTGCCCCACAGGGCAGTAACGG,CTTGCCCCACAGAGGGGTATTGA,0,sg3
AAATGAGAAGAAGAGGCACAGGG,CAATGTGAAGAAGAGAGACAGAG,0,sg9
TGACATCAATTATTATACATCGG,TAATATAAATCATTATACATCCA,0,sg10
CTTGCCCCACAGGGCAGTAACGG,TCAGCCCCACAGGTCAGCAATGG,0,sg3
AAATGAGAAGAAGAGGCACAGGG,ACTTGAGAAGAATAAGCATTGGG,0,sg9
GGGTGGGGGGAGTTTGCTCCTGG,GGCTGTGGGGCTTTTGCTCCTCT,0,sg8
AAATGAGAAGAAGAGGCACAGGG,AGCCTTGAAGAAGAGGTACAGGG,0,sg9
GGGTGGGGGGAGTTTGCTCCTGG,GGGTGGGGGGTGTTTGATGTTCT,0,sg8
AAATGAGAAGAAGAGGCACAGGG,AAATGAGAACAGGAAGCAGTGGA,0,sg9
CTTGCCCCACAGGGCAGTAACGG,GTTCCCCCACAGGGCAGGACAGA,0,sg3
AAATGAGAAGAAGAGGCACAGGG,AAATGAGAAGGCAAGCCACAGGC,0,sg9
AAATGAGAAGAAGAGGCACAGGG,AAATGAGAAAAAGACCCATTTGG,0,sg9
CCTGCCTCCGCTCTACTCACTGG,CCTGCCTCCAGCCTCCTCGGTGG,0,sg7
AAATGAGAAGAAGAGGCACAGGG,AAATGAGAAGAAAGGAAGCAGGA,0,sg9
GGGTGGGGGGAGTTTGCTCCTGG,GGGTGGGGGGAGGCTGCTTCCCG,0,sg8
GAATCCTAAAAACTCTGCTTCGG,AACACATAAAAACTCTGATTAGG,0,sg12
AACACCAGTGAGTAGAGCGGAGG,AACACCAGTAAGAATTGGGGAGA,0,sg1
TGACATCAATTATTATACATCGG,TGTCATCAATTAATTTACATAAA,0,sg10
AAATGAGAAGAAGAGGCACAGGG,AAACGATCAGCAGAGGCACAGTT,0,sg9
CTTGCCCCACAGGGCAGTAACGG,CCCGCCGCACAGGGCAGTGGCTG,0,sg3
TGACATCAATTATTATACATCGG,TGAGATCAATTATTATCCTACAG,0,sg10
GGGTGGGGGGAGTTTGCTCCTGG,GGATAGGGAGAGTTTGCTAAAGG,0,sg8
CCAGTGAGTAGAGCGGAGGCAGG,CTAGTGAGTAGAGCCCAGGCATG,0,sg2
ATGAACACCAGTGAGTAGAGCGG,ATGAACACCTGTGAGTAATGACT,0,sg6
AAATGAGAAGAAGAGGCACAGGG,AAATGAGAAGATGTGGTACTTAG,0,sg9
GGGTGGGGGGAGTTTGCTCCTGG,GGGGTGGGGGTGTTAGATCCTGG,0,sg8
GAATCCTAAAAACTCTGCTTCGG,GAATCCTAATAATTTCACTTCTG,0,sg12
AAATGAGAAGAAGAGGCACAGGG,AAATGAGAAGAAATGGCCGGGCG,0,sg9
GACACCGAAGCAGAGTTTTTAGG,GAAAGCGACACAGAGTTTTTAAA,0,sg11
AAATGAGAAGAAGAGGCACAGGG,CAAGGAGAAACCGAGGCACAGAG,0,sg9
GGGTGGGGGGAGTTTGCTCCTGG,GGGTGGGGGGAGATCCCTCTGTG,0,sg8
GGTCCTGCCGCTGCTTGTCATGG,GATCCTGCTGCTGCTTGTCCCAT,0,sg4
GGGTGGGGGGAGTTTGCTCCTGG,GGGTGGGGAGCCTTTGCTCCTAA,0,sg8
AAATGAGAAGAAGAGGCACAGGG,AGCTGGGAGCATGAGGCACAGGG,0,sg9
AATGACCACTACATCCTCAAGGG,AGCGACCACTACATCGATAATGG,0,sg5
GAATCCTAAAAACTCTGCTTCGG,TCATCTTAAAAACTCTGCTTCTT,0,sg12
ATGAACACCAGTGAGTAGAGCGG,AGGAATTCCAGTGAGTAGCAGGG,0,sg6
AAATGAGAAGAAGAGGCACAGGG,ATGTGAGAAGAAGGACCACAGAG,0,sg9
AAATGAGAAGAAGAGGCACAGGG,ACAAGGGGAAAGGAGGCACAGGG,0,sg9
ATGAACACCAGTGAGTAGAGCGG,ATGAACACCAGAGGGAATAACTG,0,sg6
GACACCGAAGCAGAGTTTTTAGG,GGCAAGGGAGCAGAGTTTTTAAG,0,sg11
AAATGAGAAGAAGAGGCACAGGG,AAATGAGAATCTGATGGAGAGGG,0,sg9
GACACCGAAGCAGAGTTTTTAGG,GAAACAATAGCAGAGTTTTTATT,0,sg11
AATGACCACTACATCCTCAAGGG,AATTCCCACTACATCCCCATGCA,0,sg5
GGGTGGGGGGAGTTTGCTCCTGG,GGGTGGGGGGTGGTTACTTAAGG,0,sg8
AAATGAGAAGAAGAGGCACAGGG,CAGAGAAAAGAAGAGGCATAGGG,0,sg9
AAATGAGAAGAAGAGGCACAGGG,GACTGAGAAGAATAAGCAAAGTG,0,sg9
GAATCCTAAAAACTCTGCTTCGG,TAATACTAAAAACTCTCCATTTG,0,sg12
AAATGAGAAGAAGAGGCACAGGG,AAATGAGAATAAGAGGAAAAAGC,0,sg9
GGGTGGGGGGAGTTTGCTCCTGG,GGGTGGGGGGAATATGCAAATGT,0,sg8
AAATGAGAAGAAGAGGCACAGGG,ATATGAGAAGAAGTGGCATCTGG,0,sg9
TGACATCAATTATTATACATCGG,TAACATCAATTAAGACAGATCCG,0,sg10
AAATGAGAAGAAGAGGCACAGGG,GAATTAGAGGAAGAGGCATCTGG,0,sg9
GGGTGGGGGGAGTTTGCTCCTGG,GGGTGGGGGTGGTTTGTTTCTTT,0,sg8
TGACATCAATTATTATACATCGG,TCACAGCTTTTATTATACATAAG,0,sg10
AAATGAGAAGAAGAGGCACAGGG,AAATGAGAAGAGGCTGCAGAGGT,0,sg9
GGTCCTGCCGCTGCTTGTCATGG,TGTTCTGAAGCTGCTTGTGATGT,0,sg4
GGGTGGGGGGAGTTTGCTCCTGG,GTCTGGTGAGAGTTTGCTCCCTG,0,sg8
GGTCCTGCCGCTGCTTGTCATGG,GGTCCTGCCCCAGCTGGTAACAG,0,sg4
TGACATCAATTATTATACATCGG,TGCCATCAATTATAAAACACCTT,0,sg10
TGACATCAATTATTATACATCGG,GGCCATCAATTAATATAGATTAG,0,sg10
TGACATCAATTATTATACATCGG,TAAAATCAGAAATTATACATCAG,0,sg10
AATGACCACTACATCCTCAAGGG,AATGACCACTAAATCAAAAATTG,0,sg5
CCTGCCTCCGCTCTACTCACTGG,TCTGCCTCCATTCTACTCACTAT,0,sg7
AAATGAGAAGAAGAGGCACAGGG,AAATGAGAACAAGAGAGATGAGG,0,sg9
TGACATCAATTATTATACATCGG,TGAGGGCAAAGATTATACATCTG,0,sg10
CCTGCCTCCGCTCTACTCACTGG,CCTGCCTCCAATCTCCTCCCTCC,0,sg7
GACACCGAAGCAGAGTTTTTAGG,CACACAGAGGCAGAGTTTGGAGT,0,sg11
CCTGCCTCCGCTCTACTCACTGG,CCTGCCTCCCCTGCTCTCTCTGA,0,sg7
AAATGAGAAGAAGAGGCACAGGG,AACTGAAAATATGAGGCACAGAA,0,sg9
AAATGAGAAGAAGAGGCACAGGG,AAAAGAGAAGAAGAGAAGAAGAG,0,sg9
CCAGTGAGTAGAGCGGAGGCAGG,CCAGTGAGTTAATCGGAGACCCG,0,sg2
GAATCCTAAAAACTCTGCTTCGG,AACTCCTAAAAAGTATGATTAGG,0,sg12
AAATGAGAAGAAGAGGCACAGGG,CAATGGGGAGAAGAGGCACTGGC,0,sg9
GGTCCTGCCGCTGCTTGTCATGG,GGTCCTGCCTGAGCTTTGCATGC,0,sg4
GAATCCTAAAAACTCTGCTTCGG,AATTCCTGAATTCTCTGCTTCTG,0,sg12
GGTCCTGCCGCTGCTTGTCATGG,GCTCTTGCCGCTGCTGCTGGTGG,0,sg4
CCTGCCTCCGCTCTACTCACTGG,CCTGCCTCCCCACAATCCACTGG,0,sg7
CCTGCCTCCGCTCTACTCACTGG,CCTCCCTCCGCCCTGCACACTGG,0,sg7
AACACCAGTGAGTAGAGCGGAGG,AACACCAGTCAGAAGTGCAGATA,0,sg1
GACACCGAAGCAGAGTTTTTAGG,AAGAACCAAGCAGAGTTTCTAGA,0,sg11
GGGTGGGGGGAGTTTGCTCCTGG,CGGTGGGGGGAGGCTGCTGGTGG,0,sg8
CCTGCCTCCGCTCTACTCACTGG,CCTGCCTCCTGCCTACCCGCAGG,0,sg7
CTTGCCCCACAGGGCAGTAACGG,GTTTTTCCACAGGGCAGTAACAC,0,sg3
ATGAACACCAGTGAGTAGAGCGG,TAGCACACCAGTGAGTAGTCCGT,0,sg6
CTTGCCCCACAGGGCAGTAACGG,TTTACCCCACAGGGCCAAAGCGG,0,sg3
CTTGCCCCACAGGGCAGTAACGG,CATGCCCCCCAGGGCAGTGATAG,0,sg3
TGACATCAATTATTATACATCGG,TAACAGCAATATTTATACATCAT,0,sg10
AAATGAGAAGAAGAGGCACAGGG,AAATGAGAAGAAGATACAAAGAT,0,sg9
AAATGAGAAGAAGAGGCACAGGG,GAGTGGGAGGAAGAGGCAGAGGT,0,sg9
AAATGAGAAGAAGAGGCACAGGG,AGAAGAGAAGAAGAGAGAAAGAG,0,sg9
GGGTGGGGGGAGTTTGCTCCTGG,GGGTGGGGGCTGCGTGCCCCTCG,0,sg8
AAATGAGAAGAAGAGGCACAGGG,AGGTGGGAAGAAGAGGGATAGAG,0,sg9
CCTGCCTCCGCTCTACTCACTGG,TGAGCCTCACTTCTACTCACTGG,0,sg7
AAATGAGAAGAAGAGGCACAGGG,TAAAAAGAAGATGAGGCACAGAC,0,sg9
AAATGAGAAGAAGAGGCACAGGG,AATAAAAAAGAAGAGGCAGAGGA,0,sg9
AAATGAGAAGAAGAGGCACAGGG,CACTGAAGCGAAGAGGCACATGG,0,sg9
AACACCAGTGAGTAGAGCGGAGG,AACACCAGTCCACACAGAGGAGG,0,sg1
GGGTGGGGGGAGTTTGCTCCTGG,ACAAGGTGGAAGTTTGCTCCTGG,0,sg8
GGTCCTGCCGCTGCTTGTCATGG,CCACCTGGCGCTGCTTGTTATGT,0,sg4
AAATGAGAAGAAGAGGCACAGGG,GAAGAAGAAGAAGAGGGAAGGGG,0,sg9
AAATGAGAAGAAGAGGCACAGGG,AGATGAAATGAAGAGGCAGTGCG,0,sg9
AAATGAGAAGAAGAGGCACAGGG,AAATGAGAAGACAAGCCACAGAT,0,sg9
GACACCGAAGCAGAGTTTTTAGG,GAGACCTCAGCAGAGTTTTGGTG,0,sg11
AACACCAGTGAGTAGAGCGGAGG,CACACCAGTGAGTAGTCCGTAAG,0,sg1
TGACATCAATTATTATACATCGG,TGACATCAATTATATTACAAATC,0,sg10
AAATGAGAAGAAGAGGCACAGGG,AGGTTAGATGAAGAGGCAGAGAG,0,sg9
AAATGAGAAGAAGAGGCACAGGG,AAATGAGAAGAAGTGCCACAGTT,0,sg9
AAATGAGAAGAAGAGGCACAGGG,TTATAAAGAGAAGAGGCACTGGG,0,sg9
AAATGAGAAGAAGAGGCACAGGG,AAATGAGAAAAAGATTCTCAAGC,0,sg9
AAATGAGAAGAAGAGGCACAGGG,TACTGACATGAAGAGGCAAAGGT,0,sg9
ATGAACACCAGTGAGTAGAGCGG,ATCCACATCAGTGAGTAGAACTC,0,sg6
AATGACCACTACATCCTCAAGGG,AATGACCACTACAATTTCATGCC,0,sg5
GAATCCTAAAAACTCTGCTTCGG,TCATCTTAGAAACTCTGCTCCAG,0,sg12
CTTGCCCCACAGGGCAGTAACGG,CTCTCCCCACAGGGCAGTACCTG,0,sg3
ATGAACACCAGTGAGTAGAGCGG,ATTAAAACCAGTGAGTTGAAGAG,0,sg6
GAATCCTAAAAACTCTGCTTCGG,ATATCCTTACAGCTCTGCTTCAG,0,sg12
GGGTGGGGGGAGTTTGCTCCTGG,GGGTGGGGGGAGGATGGCCGTCG,0,sg8
AAATGAGAAGAAGAGGCACAGGG,AAATGAGAATATGACACACTGGA,0,sg9
CCAGTGAGTAGAGCGGAGGCAGG,ATAGAGAGTGCAGCGGAGGCAGC,0,sg2
GAATCCTAAAAACTCTGCTTCGG,GAATCATAAAAACTCCTTGTTGG,0,sg12
ATGAACACCAGTGAGTAGAGCGG,ATGAACACCATGGCGTAGGGAAG,0,sg6
AAATGAGAAGAAGAGGCACAGGG,CAGAGAAAAGAAGAGGCAGAGGA,0,sg9
AAATGAGAAGAAGAGGCACAGGG,AAATGAGAAGTAGATGTAAAAGA,0,sg9
AAATGAGAAGAAGAGGCACAGGG,ACCTTAGAAGAAGAGACATAGAG,0,sg9
GGGTGGGGGGAGTTTGCTCCTGG,GGGTGGGGGGAGTGGGTTTAAGG,0,sg8
AAATGAGAAGAAGAGGCACAGGG,TAATGAGAAGAAGAGAACCAGAG,0,sg9
GACACCGAAGCAGAGTTTTTAGG,GACACCGAACGTCAGATTTTTGG,0,sg11
CTTGCCCCACAGGGCAGTAACGG,CTTGCCCCACTGGGTTTTAGTGG,0,sg3
TGACATCAATTATTATACATCGG,ACTCATCAATTATTATTCATCAA,0,sg10
GACACCGAAGCAGAGTTTTTAGG,GAAAAACATGGAGAGTTTTTAGG,0,sg11
AAATGAGAAGAAGAGGCACAGGG,AAATGAGAAAAAGATTTAGAGAG,0,sg9
AAATGAGAAGAAGAGGCACAGGG,AAATGTGACTCAGAGGCACAGAG,0,sg9
AAATGAGAAGAAGAGGCACAGGG,TAATGAGCAGGTGAGGCACAGTA,0,sg9
ATGAACACCAGTGAGTAGAGCGG,ATTTAAAGCAGTGAGTAGAGTGA,0,sg6
GGGTGGGGGGAGTTTGCTCCTGG,GGGTGGGGGTGGGGTGCTGCAGG,0,sg8
TGACATCAATTATTATACATCGG,TGACATCAACTACTATAAATCAG,0,sg10
AAATGAGAAGAAGAGGCACAGGG,AAAAGAACTCATGAGGCACAGGG,0,sg9
CCAGTGAGTAGAGCGGAGGCAGG,CCAGTGAGTGGAGAAGAGTCTGC,0,sg2
AAATGAGAAGAAGAGGCACAGGG,AAATGAGAAAAGGTGACTGAGGG,0,sg9
AAATGAGAAGAAGAGGCACAGGG,AAATGAGAAGAAGAGTTAGAGAT,0,sg9
AACACCAGTGAGTAGAGCGGAGG,ATATCTAGTGAGTAGAGCCCAGG,0,sg1
GAATCCTAAAAACTCTGCTTCGG,GAAAGCTAAAAACTCTCCTTGGT,0,sg12
GGGTGGGGGGAGTTTGCTCCTGG,GGGTGGGGGGACAGTCCTCAGGG,0,sg8
AAATGAGAAGAAGAGGCACAGGG,AAAGAACAGGAAGAGGCAGAAGG,0,sg9
CTTGCCCCACAGGGCAGTAACGG,CATGCCCCACAGGACCGCAGTGG,0,sg3
GACACCGAAGCAGAGTTTTTAGG,GCCAGAGAAGCAGAGTATTTAAG,0,sg11
AAATGAGAAGAAGAGGCACAGGG,AGAGAGGAAGAAGAGAGACAGGG,0,sg9
GGGTGGGGGGAGTTTGCTCCTGG,CTGGGAGGGGTGTTTGCTCCTAG,0,sg8
AACACCAGTGAGTAGAGCGGAGG,ATCACCAGTGAGTTCAGGGCGGG,0,sg1
AAATGAGAAGAAGAGGCACAGGG,AAATGAGAATAAGAGTAGCAGTG,0,sg9
AAATGAGAAGAAGAGGCACAGGG,AAATGAGAAGGTAAGCCACAGAT,0,sg9
AAATGAGAAGAAGAGGCACAGGG,AAAGAAGAAGAGAAGGGGCAGGG,0,sg9
GGTCCTGCCGCTGCTTGTCATGG,CGTTTAGCAGCTGCTTGTCATGC,0,sg4
AAATGAGAAGAAGAGGCACAGGG,AAATGAGAAGAAGAGAAATCAGA,0,sg9
GAATCCTAAAAACTCTGCTTCGG,GAAAGCCAGAACCTCTGCTTCTG,0,sg12
CCTGCCTCCGCTCTACTCACTGG,GATGGCTCCGCTCTACTCAACTG,0,sg7
GACACCGAAGCAGAGTTTTTAGG,GAAGCAGCAGCAGAGTTTGTGGG,0,sg11
AATGACCACTACATCCTCAAGGG,GATTCCCCGCACATCCTCAAGGG,0,sg5
AAATGAGAAGAAGAGGCACAGGG,GCCTCATAAGAAGAGGCACAGAG,0,sg9
GAATCCTAAAAACTCTGCTTCGG,GAATCCTAACAATTCAGCTTGGT,0,sg12
GGTCCTGCCGCTGCTTGTCATGG,GCTGCTGCTGCTGCTTGTGATGC,0,sg4
AACACCAGTGAGTAGAGCGGAGG,AACACCAGTAAAAAGAGCGTAAT,0,sg1
TGACATCAATTATTATACATCGG,GAACATCAATTAATATTCATCCA,0,sg10
GGGTGGGGGGAGTTTGCTCCTGG,GGGTGGGGGGTGTGCGCGCATGT,0,sg8
AATGACCACTACATCCTCAAGGG,ATTAAATTCTACATCCTCATGGG,0,sg5
AAATGAGAAGAAGAGGCACAGGG,AAATGAGAAAGAAAATCCCAGGG,0,sg9
GGTCCTGCCGCTGCTTGTCATGG,GGTCCTGCCTCAGCTTCCTAAGG,0,sg4
AAATGAGAAGAAGAGGCACAGGG,AATAGTGAAGAAGAGGGAGAGGA,0,sg9
CTTGCCCCACAGGGCAGTAACGG,GCTGCCCACCAGGGCAGTGACTG,0,sg3
GGGTGGGGGGAGTTTGCTCCTGG,GGGGTGGGGGAACTTGCTTGTGG,0,sg8
AAATGAGAAGAAGAGGCACAGGG,TAATAAGAAGAAGAGAAAAAGGG,0,sg9
AAATGAGAAGAAGAGGCACAGGG,GAATGAGAAGAAAAAAGACAGTG,0,sg9
AACACCAGTGAGTAGAGCGGAGG,AAAAAAGGAGAGTAGAGCTGAGG,0,sg1
GAATCCTAAAAACTCTGCTTCGG,AATTATTAAAATCTCTGCTTCAG,0,sg12
AAATGAGAAGAAGAGGCACAGGG,AAATGAGAAAAACAGACAGTGGG,0,sg9
AAATGAGAAGAAGAGGCACAGGG,AGTAGGGAGGAAGAGGCACGGGG,0,sg9
AAATGAGAAGAAGAGGCACAGGG,GCAACAGCAGAAGAGGCACAGGA,0,sg9
CTTGCCCCACAGGGCAGTAACGG,CTCGCCCCACAGGACACACACAG,0,sg3
GAATCCTAAAAACTCTGCTTCGG,TAAGCCTAAAAACTCTGGTTCTT,0,sg12
AACACCAGTGAGTAGAGCGGAGG,ATCACCAGTGAGAAGACTGAGGG,0,sg1
GAATCCTAAAAACTCTGCTTCGG,GGAGACTAAAAACTCATTTTCGG,0,sg12
GGGTGGGGGGAGTTTGCTCCTGG,TTGAGGAGAAAGTTTGCTCCTGG,0,sg8
GGTCCTGCCGCTGCTTGTCATGG,GCTCCTGCCGCTGTGTGTGTGGG,0,sg4
CCAGTGAGTAGAGCGGAGGCAGG,CCAGGCACCAGAGCGGAGCCAGA,0,sg2
CCTGCCTCCGCTCTACTCACTGG,CCTGCCTCCCCTCTGCAAGCTGT,0,sg7
ATGAACACCAGTGAGTAGAGCGG,ATAAACAATAAAGAGTAGAGCAG,0,sg6
CTTGCCCCACAGGGCAGTAACGG,CTTGCCCCAGTGAGCAGTAAAAG,0,sg3
AAATGAGAAGAAGAGGCACAGGG,AAATGAGAATAATAGGAAAGGTG,0,sg9
GGGTGGGGGGAGTTTGCTCCTGG,GGGTGGGGGGTGTGTGGGCAGGG,0,sg8
CTTGCCCCACAGGGCAGTAACGG,AAATCCCCACAGGGCAGTAAGGC,0,sg3
GAATCCTAAAAACTCTGCTTCGG,TAAAAATAAAAACTCTGCCTGGG,0,sg12
GGGTGGGGGGAGTTTGCTCCTGG,GGGTGGGGGCATGTGGCTCCAGT,0,sg8
TGACATCAATTATTATACATCGG,TCACATCAATTATCACAGAACTG,0,sg10
AATGACCACTACATCCTCAAGGG,AGTGACAATGCCATCCTCAAGGC,0,sg5
AACACCAGTGAGTAGAGCGGAGG,AAGAAAAATGAGTAGAGCAGAGG,0,sg1
AAATGAGAAGAAGAGGCACAGGG,AAGGGACAATAAGAGGCACAGAC,0,sg9
GAATCCTAAAAACTCTGCTTCGG,AAATCCTAAAAATTCAGTATAGG,0,sg12
GGGTGGGGGGAGTTTGCTCCTGG,GGGTGGGGGGAGGGGGATTCGGG,0,sg8
GGGTGGGGGGAGTTTGCTCCTGG,GGGTGGGGGTGCTGGGATCCTGG,0,sg8
AAATGAGAAGAAGAGGCACAGGG,AAATGAAAGGATGAGGCACAGTC,0,sg9
AACACCAGTGAGTAGAGCGGAGG,GTCACCAGTGAGTAAAGTTCAGG,0,sg1
AAATGAGAAGAAGAGGCACAGGG,AAATAAGGGGTAGAGGCACAGAG,0,sg9
AATGACCACTACATCCTCAAGGG,AATGACCACCAGATCTTGAAATG,0,sg5
GGGTGGGGGGAGTTTGCTCCTGG,GGGGGGTGGGGGGGTGCTCCTGT,0,sg8
TGACATCAATTATTATACATCGG,TCAAATGAGAGATTATACATCGG,0,sg10
ATGAACACCAGTGAGTAGAGCGG,TACCACACCAGTGAGTAGAGCAT,0,sg6
GGGTGGGGGGAGTTTGCTCCTGG,GGGGTGGGGGTGCTTCCTCTTGG,0,sg8
GGGTGGGGGGAGTTTGCTCCTGG,GGGAGGGGGGAGTTTAGTTCTTT,0,sg8
AAATGAGAAGAAGAGGCACAGGG,TAATCAGATGAAGAGGCAAAAAG,0,sg9
ATGAACACCAGTGAGTAGAGCGG,ATTCAAAGCAGTGAGTAGAGAGA,0,sg6
GAATCCTAAAAACTCTGCTTCGG,GTAACTTAAAAACTCTGCTGCAA,0,sg12
GGGTGGGGGGAGTTTGCTCCTGG,GGGTGGGGGGTGCTTGCACCCAG,0,sg8
AAATGAGAAGAAGAGGCACAGGG,ATAAGAAAAAAAGAGGCACAGAT,0,sg9
CCTGCCTCCGCTCTACTCACTGG,CCTGCCTCCCTTCTCCCCACTCT,0,sg7
CCTGCCTCCGCTCTACTCACTGG,GATGCTGACGCTCTACTCTCTGG,0,sg7
GGGTGGGGGGAGTTTGCTCCTGG,GTGCCAGGAGGGTTTGCTCCTGG,0,sg8
TGACATCAATTATTATACATCGG,TTTCATAAATTATTATACATATC,0,sg10
AAATGAGAAGAAGAGGCACAGGG,AGACAAGAACAGGAGGCACAGAG,0,sg9
TGACATCAATTATTATACATCGG,TGACATCAATTTTGAAAATTCTG,0,sg10
AATGACCACTACATCCTCAAGGG,AATCAAAGTCACATCCTCAAGGG,0,sg5
GGGTGGGGGGAGTTTGCTCCTGG,GGGTGGGGGCAGTCTGCAAATTG,0,sg8
CCTGCCTCCGCTCTACTCACTGG,CCTGCCTCCCTGCTTGTCACTGC,0,sg7
GGGTGGGGGGAGTTTGCTCCTGG,GGGTGGGGGCAGGGTGCTCCAGA,0,sg8
CCTGCCTCCGCTCTACTCACTGG,CTTCTCTCTGCTCTACTCACTGT,0,sg7
GAATCCTAAAAACTCTGCTTCGG,GAATCCTAAAAACAGTATTTTGA,0,sg12
AAATGAGAAGAAGAGGCACAGGG,AAGTCTGAAGAAGAGACAGAAGG,0,sg9
AATGACCACTACATCCTCAAGGG,AATGACCACAAAATCCTGAAGAA,0,sg5
AAATGAGAAGAAGAGGCACAGGG,AAGGCAGTGGAAGAGGCACATGG,0,sg9
AAATGAGAAGAAGAGGCACAGGG,AAATGAGAAGATAAACCACAGAC,0,sg9
AAATGAGAAGAAGAGGCACAGGG,ATATGAGAAGAAGAGAGACATCT,0,sg9
GGGTGGGGGGAGTTTGCTCCTGG,GAGTGAGTGGAGTTTGCTGCTGC,0,sg8
AAATGAGAAGAAGAGGCACAGGG,AAATGAGAAGTGGTCTCAGAGGG,0,sg9
AAATGAGAAGAAGAGGCACAGGG,AAAGAGGAAGAAGAGAAACAGAG,0,sg9
GACACCGAAGCAGAGTTTTTAGG,GCCACAGAAGCAGAGATTGGAGT,0,sg11
AAATGAGAAGAAGAGGCACAGGG,AGAAGAGAAGAAGAGAAAGAGAG,0,sg9
CCTGCCTCCGCTCTACTCACTGG,CCTGCCTCCCCCCTAGAAGCTGG,0,sg7
GGGTGGGGGGAGTTTGCTCCTGG,GGGTGGGGGATGGTTGCTCTAGC,0,sg8
CCAGTGAGTAGAGCGGAGGCAGG,CCAGTGAGTGGTGGGGAGTAAGT,0,sg2
GGGTGGGGGGAGTTTGCTCCTGG,AAGTGTGCTGAGTTTGCTTCTGG,0,sg8
AAATGAGAAGAAGAGGCACAGGG,AAAGGAGAAGAAGAGGATTTGGA,0,sg9
GGTCCTGCCGCTGCTTGTCATGG,GCACCTGCCGCTCCTCCTCCTGG,0,sg4
AAATGAGAAGAAGAGGCACAGGG,ATGTGAAAAAATGAGGCACAGAG,0,sg9
AACACCAGTGAGTAGAGCGGAGG,GATACCAGTGAGCAGAGCTGATA,0,sg1
AAATGAGAAGAAGAGGCACAGGG,TAATGAGAAGAAGAGGAATCAAG,0,sg9
AAATGAGAAGAAGAGGCACAGGG,AACTGAGGCACAGAGGCACAGAG,0,sg9
GGGTGGGGGGAGTTTGCTCCTGG,GAGCTGGGGCAGTTTGCTCCTTA,0,sg8
AAATGAGAAGAAGAGGCACAGGG,AATTGAGAAGAAGGGGCAGAGAT,0,sg9
AATGACCACTACATCCTCAAGGG,TTTGACCACTACTTCCTCAAAGT,0,sg5
GGGTGGGGGGAGTTTGCTCCTGG,GAGAGGAGGGAGTTTGCTAGTGT,0,sg8
GACACCGAAGCAGAGTTTTTAGG,GACATTTGCGCAGAGTTTTTATG,0,sg11
ATGAACACCAGTGAGTAGAGCGG,ATGTGCACCAGTGAGGAAAGCTA,0,sg6
TGACATCAATTATTATACATCGG,AGAAAACCATTATTATACATTGT,0,sg10
GGGTGGGGGGAGTTTGCTCCTGG,GGCTGGGGGGAGATCATGCCTGG,0,sg8
AAATGAGAAGAAGAGGCACAGGG,AAATGAATAAACGAGGCACAGTG,0,sg9
AACACCAGTGAGTAGAGCGGAGG,ACAACCAGTGAGTAGAGCAGTCA,0,sg1
AAATGAGAAGAAGAGGCACAGGG,AAATGGAAAGAGGAAGCAGAGGA,0,sg9
AAATGAGAAGAAGAGGCACAGGG,AGATTAGAATAGGAGGCACAGAG,0,sg9
AAATGAGAAGAAGAGGCACAGGG,TTGGGAGAAGCTGAGGCACAGGG,0,sg9
AAATGAGAAGAAGAGGCACAGGG,TAAAGAGAAGAAGAGAAAGGGGG,0,sg9
AAATGAGAAGAAGAGGCACAGGG,CAATGAGAAACTGAGGCACAGGG,0,sg9
GGGTGGGGGGAGTTTGCTCCTGG,GGGTGAGTGGAGTTTGCTGACTG,0,sg8
AACACCAGTGAGTAGAGCGGAGG,AGCACCAGTGAGAAAGGCTGGGG,0,sg1
AAATGAGAAGAAGAGGCACAGGG,ATAGGTGTGGGAGAGGCACAGGG,0,sg9
AAATGAGAAGAAGAGGCACAGGG,AAGTGAATGGTAGAGGCACAGGC,0,sg9
AATGACCACTACATCCTCAAGGG,AATGTACACTACATCCTCTCGCA,0,sg5
GACACCGAAGCAGAGTTTTTAGG,CAAACCTAAGCAGAGTTTTTCCT,0,sg11
ATGAACACCAGTGAGTAGAGCGG,GAGAGGACCAGTGAGAAGAGGGG,0,sg6
AAATGAGAAGAAGAGGCACAGGG,TAAAGGGTAGAAGAGGCACAGAG,0,sg9
AAATGAGAAGAAGAGGCACAGGG,GATTTATAAGAAGAGGCAAAGGG,0,sg9
GGGTGGGGGGAGTTTGCTCCTGG,TGGTGGGGGGAGTGTTCTTCCTG,0,sg8
CCAGTGAGTAGAGCGGAGGCAGG,GCATAAATTGGAGCGGAGGCAGG,0,sg2
AAATGAGAAGAAGAGGCACAGGG,ACTTGGGAGGCAGAGGCACAGGA,0,sg9
AAATGAGAAGAAGAGGCACAGGG,AAAAAGGAAGAAGAAGAAGAGGG,0,sg9
AAATGAGAAGAAGAGGCACAGGG,AAATGAGAACAAGCTGCGAAGGG,0,sg9
AAATGAGAAGAAGAGGCACAGGG,ATGTGTGGGGAAGAGGCACAGGA,0,sg9
TGACATCAATTATTATACATCGG,TCAGACCAATTATTATAAATGTG,0,sg10
AAATGAGAAGAAGAGGCACAGGG,AAATGAGAAAAGGAGGTAGAGAT,0,sg9
CTTGCCCCACAGGGCAGTAACGG,CCTGCCCCACAGGACAATAGAGT,0,sg3
AAATGAGAAGAAGAGGCACAGGG,TAACAAAAATAAGAGGCACAGGT,0,sg9
GACACCGAAGCAGAGTTTTTAGG,CAGAGCCAAGATGAGTTTTTAGG,0,sg11
CTTGCCCCACAGGGCAGTAACGG,CATGGACCACAGGGCAGTGGTGG,0,sg3
GGTCCTGCCGCTGCTTGTCATGG,GGGCCGGCCGCTGCTTCCCAGGC,0,sg4
CTTGCCCCACAGGGCAGTAACGG,CGCGCACCACAGGGCAGCACGGG,0,sg3
CCTGCCTCCGCTCTACTCACTGG,CCTGCCTCCGCACACCTGTCTGC,0,sg7
GAATCCTAAAAACTCTGCTTCGG,GAAGTCCAAAAACTCTGCTCTAG,0,sg12
AAATGAGAAGAAGAGGCACAGGG,GAGAGAGAGGGAGAGGCACAGGA,0,sg9
TGACATCAATTATTATACATCGG,TGACAGAAGTTATTATACAACTG,0,sg10
AAATGAGAAGAAGAGGCACAGGG,AAATGAGAAGTTTAGACACAAAG,0,sg9
CTTGCCCCACAGGGCAGTAACGG,CTTGGCCCCCAGGGCAGTTATGT,0,sg3
AAATGAGAAGAAGAGGCACAGGG,AACTGAATAGCAGAGGCACAGTG,0,sg9
AAATGAGAAGAAGAGGCACAGGG,AAATGGGAAGAAGAGACAGGGAA,0,sg9
AAATGAGAAGAAGAGGCACAGGG,AAATGGCCAGCAGAGGCACAGAG,0,sg9
AAATGAGAAGAAGAGGCACAGGG,GAGGGAGAGGAAGAGGCAGAGAG,0,sg9
GGGTGGGGGGAGTTTGCTCCTGG,CTTTCGGGGGAGTTTGCGCCGGG,0,sg8
AAATGAGAAGAAGAGGCACAGGG,GAAAGAAAAGAAGAGGCACACAT,0,sg9
AAATGAGAAGAAGAGGCACAGGG,AAAAAAAAAGAAGAAGAGCAGGG,0,sg9
AAATGAGAAGAAGAGGCACAGGG,AAATGAGAAGAATAAGCAAAACG,0,sg9
GGGTGGGGGGAGTTTGCTCCTGG,GGGTGGGGGGGGCAGGCGCCTGT,0,sg8
CCAGTGAGTAGAGCGGAGGCAGG,CCCGTGAGTAGAAGGGGGGCAGA,0,sg2
AAATGAGAAGAAGAGGCACAGGG,AAATGAGAAGAAGATGCAAAGGA,0,sg9
ATGAACACCAGTGAGTAGAGCGG,TCAAGCCCCAGTGAGTAGAGGGG,0,sg6
TGACATCAATTATTATACATCGG,GTAGATCAGTTTTTATACATCAG,0,sg10
AAATGAGAAGAAGAGGCACAGGG,AAATGCCCAGAAGAGGCAAATAG,0,sg9
ATGAACACCAGTGAGTAGAGCGG,ATAAACACCAGTGAGTGGAAAAT,0,sg6
CCAGTGAGTAGAGCGGAGGCAGG,CAGGTGAGTAGAGCGGCGGCGGG,0,sg2
AAATGAGAAGAAGAGGCACAGGG,GAAAAGGAAAAAGAGGCACAGAG,0,sg9
AAATGAGAAGAAGAGGCACAGGG,AAAAGAACAGAAGAGGCACTGGC,0,sg9
CCAGTGAGTAGAGCGGAGGCAGG,CCAGTGAGTGGAATGCAGGCACA,0,sg2
GGGTGGGGGGAGTTTGCTCCTGG,GGGCGGGGGGGGGTTGCTGCGCG,0,sg8
AATGACCACTACATCCTCAAGGG,ATTCATCAATACATCCTCTGGGG,0,sg5
GACACCGAAGCAGAGTTTTTAGG,GAAAAGGAAGCAGAGACTTCAGG,0,sg11
AATGACCACTACATCCTCAAGGG,AAGAACCACTACATCTTCCTTGG,0,sg5
GGTCCTGCCGCTGCTTGTCATGG,GGTCCTGCCCCTGCAGGTGCTGA,0,sg4
TGACATCAATTATTATACATCGG,TGACAATTGTTTTTATACATCAG,0,sg10
GAATCCTAAAAACTCTGCTTCGG,TAATGCCATAAACTCTGCTTCCT,0,sg12
GGTCCTGCCGCTGCTTGTCATGG,GGTCATTTCGGTGCTTGTCATTT,0,sg4
AAATGAGAAGAAGAGGCACAGGG,AGATGAAAAATAGAGGCACAGAG,0,sg9
AAATGAGAAGAAGAGGCACAGGG,AAGGATGAAGAAGAGGCCCTGGG,0,sg9
GACACCGAAGCAGAGTTTTTAGG,CACTGGGGAGCAGAGTTTTTAAG,0,sg11
AAATGAGAAGAAGAGGCACAGGG,GGAGGAGAAGAAGAGGGAGAGAG,0,sg9
AATGACCACTACATCCTCAAGGG,ACCATCCACAACATCCTCAAGAG,0,sg5
CTTGCCCCACAGGGCAGTAACGG,CCTTCCCCACAGGGCTGTAAGCA,0,sg3
AAATGAGAAGAAGAGGCACAGGG,AAATGGCAAACAGAGGCACAGAT,0,sg9
CTTGCCCCACAGGGCAGTAACGG,CTTGCCCCAGGGTGCAATACCTG,0,sg3
AACACCAGTGAGTAGAGCGGAGG,AACACCAGTGAGAAGAGAGAAAG,0,sg1
GACACCGAAGCAGAGTTTTTAGG,AGCTCCGAAGCAGAGGTCCTAGG,0,sg11
AAATGAGAAGAAGAGGCACAGGG,AAATGAGAACTAGAGAGAGAGAG,0,sg9
AAATGAGAAGAAGAGGCACAGGG,AAATGAGAAGCAGGGGGCAAGTG,0,sg9
AATGACCACTACATCCTCAAGGG,GATTTCCACTTCATCCTCAAGGC,0,sg5
AAATGAGAAGAAGAGGCACAGGG,AAATAGAAAGAAGAGGCATAGTC,0,sg9
TGACATCAATTATTATACATCGG,TGATGTCATTTATTATACAACAT,0,sg10
TGACATCAATTATTATACATCGG,TAGCATGATTTATTATACTTTGG,0,sg10
AAATGAGAAGAAGAGGCACAGGG,AAATGTGAAACTGAGGCACAGGA,0,sg9
CCTGCCTCCGCTCTACTCACTGG,ACTGCCTCCGCTCTCTCCAGAGG,0,sg7
ATGAACACCAGTGAGTAGAGCGG,GGGAACACCAGTGAGAAGAAATG,0,sg6
CCTGCCTCCGCTCTACTCACTGG,CCTGCCTCCTTCATCCACACTGG,0,sg7
TGACATCAATTATTATACATCGG,TGCCCTCAATTATTACATACCTG,0,sg10
AACACCAGTGAGTAGAGCGGAGG,AACACCAGTGAGGAAAGGGCAGC,0,sg1
GGTCCTGCCGCTGCTTGTCATGG,GGTCCTGCCCTTTCAGGTCAGGG,0,sg4
CCTGCCTCCGCTCTACTCACTGG,CCTGCCTCCGCGCTCACCTCGGG,0,sg7
AAATGAGAAGAAGAGGCACAGGG,AAATGAGAAAAGGCAGGAAAGGG,0,sg9
AAATGAGAAGAAGAGGCACAGGG,AAATGAGAAGAGGAAGTAAAAGA,0,sg9
GGGTGGGGGGAGTTTGCTCCTGG,GGGTGGGGGGACGGGGCTTCTGC,0,sg8
CCAGTGAGTAGAGCGGAGGCAGG,TCAGTGAGTAGATCGGCCACGGG,0,sg2
AAATGAGAAGAAGAGGCACAGGG,AAATGGGAAGAAGAGTCAAATTT,0,sg9
TGACATCAATTATTATACATCGG,TGAGAAAAGTTATTATACAACAG,0,sg10
AAATGAGAAGAAGAGGCACAGGG,AAATGAGAACAAGAAGGAAGAGG,0,sg9
AAATGAGAAGAAGAGGCACAGGG,AAAAAAGAAGAAGAGAGACAGCA,0,sg9
AAATGAGAAGAAGAGGCACAGGG,AAAGGACAAGAAGAGGCACTTTT,0,sg9
AACACCAGTGAGTAGAGCGGAGG,GATACCAGTGAGGAGAGCAGACA,0,sg1
GACACCGAAGCAGAGTTTTTAGG,GACACCGAAGGTGAATTGTCAGG,0,sg11
AAATGAGAAGAAGAGGCACAGGG,AAAAAAGATGAAGAGGCAGTGGG,0,sg9
CCAGTGAGTAGAGCGGAGGCAGG,CCAGTGAGTTGAAGGAAGACATG,0,sg2
AAATGAGAAGAAGAGGCACAGGG,AAATGAGAAGAAAGGGAAAGGAG,0,sg9
TGACATCAATTATTATACATCGG,CAACATTAATTATTATACAAATG,0,sg10
CTTGCCCCACAGGGCAGTAACGG,CCTGTTCCACAGGGCAGTGAGGC,0,sg3
GACACCGAAGCAGAGTTTTTAGG,GAAACCGAAGCATAGTTTTTCAA,0,sg11
GGGTGGGGGGAGTTTGCTCCTGG,GGGTGGGGGGTGGTTCCTTCTTT,0,sg8
CCAGTGAGTAGAGCGGAGGCAGG,CCAGTGAGTACCTCGGCGGCCGG,0,sg2
AAATGAGAAGAAGAGGCACAGGG,ATGTGAGAAGAAAAGCAACAGAG,0,sg9
AAATGAGAAGAAGAGGCACAGGG,AAATGAGAAGAGTAGGGTAGGGG,0,sg9
AACACCAGTGAGTAGAGCGGAGG,AGCACCAGTGAGGAGAGTGCTGG,0,sg1
TGACATCAATTATTATACATCGG,TTACATCAATTATTATTCTTAAA,0,sg10
AAATGAGAAGAAGAGGCACAGGG,AAATGAGAAGAAAGGGGATATGA,0,sg9
AAATGAGAAGAAGAGGCACAGGG,AGGTGAGAAGAAGAGGCAGAGGT,0,sg9
GAATCCTAAAAACTCTGCTTCGG,GAATCCTAAAACCTAACATTTGG,0,sg12
GGGTGGGGGGAGTTTGCTCCTGG,GGGTGGGGGGCTGTTCCTCCTTC,0,sg8
AAATGAGAAGAAGAGGCACAGGG,AAATGAGAAGTAGAAGTAGTGGT,0,sg9
AAATGAGAAGAAGAGGCACAGGG,AGGCGGGACGAAGAGGCAGAGGG,0,sg9
GGGTGGGGGGAGTTTGCTCCTGG,GGGAGGGCGCGCTTTGTTCCTGG,0,sg8
AATGACCACTACATCCTCAAGGG,AAAGGACACTACATCCCCAAAGA,0,sg5
AAATGAGAAGAAGAGGCACAGGG,GCATCTGGAGAAGAGGCACAGAG,0,sg9
AAATGAGAAGAAGAGGCACAGGG,AGAAGAAGAGAAGAAGCACAGTG,0,sg9
AACACCAGTGAGTAGAGCGGAGG,AACACCAGTCAGGGTAGCTAAGG,0,sg1
ATGAACACCAGTGAGTAGAGCGG,AGGAACACCAGTAAGTCAAGAGC,0,sg6
AAATGAGAAGAAGAGGCACAGGG,AACAGATGAGAAGAGGCATAGAG,0,sg9
AAATGAGAAGAAGAGGCACAGGG,CATTGTGCAGATGAGGCACAGGG,0,sg9
TGACATCAATTATTATACATCGG,TTGAATCATTTATTATACACCGA,0,sg10
ATGAACACCAGTGAGTAGAGCGG,AAGGAAACCAGTGAGAAGGGAGG,0,sg6
AAATGAGAAGAAGAGGCACAGGG,TACTGAGAAGAAAAGGAAAAGTG,0,sg9
AAATGAGAAGAAGAGGCACAGGG,AAATGAGAAAAATAATCACAGGT,0,sg9
TGACATCAATTATTATACATCGG,GGATGTCAATTATTATATATTTG,0,sg10
AAATGAGAAGAAGAGGCACAGGG,AGAGGAGAAGAAGAGTCTGGGGG,0,sg9
GACACCGAAGCAGAGTTTTTAGG,AACACTGAAGCAGAGATTTCTAG,0,sg11
AAATGAGAAGAAGAGGCACAGGG,ACATGAGAAGAAAAGTATCAGAG,0,sg9
CCTGCCTCCGCTCTACTCACTGG,CCTACCTCTGCTCTACTCTCAAC,0,sg7
GGTCCTGCCGCTGCTTGTCATGG,GGTCCTGCCGATGAGTCTCATAC,0,sg4
GACACCGAAGCAGAGTTTTTAGG,GTCATTGAATCTGAGTTTTTACG,0,sg11
AAATGAGAAGAAGAGGCACAGGG,AAATGGGAAGAAGAGGCCGGATG,0,sg9
TGACATCAATTATTATACATCGG,TGACATCAAAGCTCATACATGGC,0,sg10
CTTGCCCCACAGGGCAGTAACGG,ATTGCCCCACAGTGGAGTCACTG,0,sg3
AAATGAGAAGAAGAGGCACAGGG,CTATGAGAAGAAGGGGGAAAAGG,0,sg9
GGGTGGGGGGAGTTTGCTCCTGG,GGGTGGGGGCTGTGTTCACCGGG,0,sg8
AAATGAGAAGAAGAGGCACAGGG,AAATGAGAAGAAACGGGACTGTA,0,sg9
AAATGAGAAGAAGAGGCACAGGG,AAATGAGAATAATAATCACAGCC,0,sg9
TGACATCAATTATTATACATCGG,TAACATTATTTATTATACAGAAG,0,sg10
AAATGAGAAGAAGAGGCACAGGG,AAATGAGAAGAGGAAGCAGAGCA,0,sg9
CCTGCCTCCGCTCTACTCACTGG,CCTGCCTCCCTTCTCCTCAGAAG,0,sg7
AATGACCACTACATCCTCAAGGG,GAAGATAAGTACATCCTCAAGGT,0,sg5
GACACCGAAGCAGAGTTTTTAGG,GACAAGGAAGCAGAGTCATTATA,0,sg11
AATGACCACTACATCCTCAAGGG,AATGCCCCATACATCCTCTGAGG,0,sg5
CCAGTGAGTAGAGCGGAGGCAGG,CCAGTGAGTAAAACTGGGGCACA,0,sg2
GGGTGGGGGGAGTTTGCTCCTGG,GGGTGGGGGCAGCCGCCTTCTGG,0,sg8
AAATGAGAAGAAGAGGCACAGGG,AAAGGGGGAGGGGAGGCACAGGT,0,sg9
GACACCGAAGCAGAGTTTTTAGG,CATTCCAAAGCAGAGTTTTTCTG,0,sg11
ATGAACACCAGTGAGTAGAGCGG,TAGGATCCCAGTGAGTAGAGCTG,0,sg6
AAATGAGAAGAAGAGGCACAGGG,ACTTGAGAAGAAGAGGGACACAA,0,sg9
ATGAACACCAGTGAGTAGAGCGG,CTTAAGTGCAGTGAGTAGAGAGG,0,sg6
AACACCAGTGAGTAGAGCGGAGG,GGCACCAGTGAGCAGGGCAGAGA,0,sg1
AAATGAGAAGAAGAGGCACAGGG,AAATGAGAATGAGCTCCACAGGC,0,sg9
GAATCCTAAAAACTCTGCTTCGG,CAATTCTAAAACCTCTGCTTCCT,0,sg12
CTTGCCCCACAGGGCAGTAACGG,CATTTCCCACAGGGCAGGATCGG,0,sg3
ATGAACACCAGTGAGTAGAGCGG,AAGAACACCAGTGCTTAAGGTGG,0,sg6
AACACCAGTGAGTAGAGCGGAGG,GGAAGCAGAGAGTAGAGCAGAGG,0,sg1
TGACATCAATTATTATACATCGG,TGAAATCAGATCTTATACATCTT,0,sg10
AAATGAGAAGAAGAGGCACAGGG,AAAAAAGAAGAAGAAGAGCAGTG,0,sg9
AATGACCACTACATCCTCAAGGG,TATGACCAAATCATCCTCAAGGA,0,sg5
GGGTGGGGGGAGTTTGCTCCTGG,GGGTGGGGGGAGTTTGGAAAGGT,0,sg8
TGACATCAATTATTATACATCGG,TGGAAACAATTATTATATACCTG,0,sg10
AAATGAGAAGAAGAGGCACAGGG,AAATGGGAAGAAGAGACGTCTGG,0,sg9
AAATGAGAAGAAGAGGCACAGGG,CAGTGAGAAGAAATGGGTCAGGG,0,sg9
AAATGAGAAGAAGAGGCACAGGG,AAATGAGAAGAGGGGGAAAATTG,0,sg9
AAATGAGAAGAAGAGGCACAGGG,AAAGGAGAAGAAGAGTAAAAGCA,0,sg9
AATGACCACTACATCCTCAAGGG,CTGGATCACTACATCCTCCAGGT,0,sg5
GGTCCTGCCGCTGCTTGTCATGG,AGACATGCAGGTGCTTGTCATTG,0,sg4
GGGTGGGGGGAGTTTGCTCCTGG,GGGTGGGGGCAGGGTGCACCTGC,0,sg8
GGGTGGGGGGAGTTTGCTCCTGG,TTGTGGGTGTGGTTTGCTCCTGG,0,sg8
AAATGAGAAGAAGAGGCACAGGG,AAGGAAGAAGAAGAGTAACAGGG,0,sg9
GGGTGGGGGGAGTTTGCTCCTGG,GGGATGGGAGAGTTTGCTTCTGT,0,sg8
GGGTGGGGGGAGTTTGCTCCTGG,TTGTGGTGGGAGTTTGCTCCTAA,0,sg8
GGGTGGGGGGAGTTTGCTCCTGG,GGGTGGGGGACATCTGCTACTGG,0,sg8
AAATGAGAAGAAGAGGCACAGGG,AAATGAGAAGCCTAACCACACGG,0,sg9
GGGTGGGGGGAGTTTGCTCCTGG,GGGTGTCCGGAGTTTGCTCGTTC,0,sg8
CCAGTGAGTAGAGCGGAGGCAGG,CTAGTGAGTAGAGCCCAGGGATG,0,sg2
AACACCAGTGAGTAGAGCGGAGG,AAAGACAGTGAGTAGACAGGAAG,0,sg1
AAATGAGAAGAAGAGGCACAGGG,AACCAGGCAGAGGAGGCACAGGG,0,sg9
CCTGCCTCCGCTCTACTCACTGG,CCTGCCTCCTCTCAAAACAGTGA,0,sg7
GGGTGGGGGGAGTTTGCTCCTGG,GGGTGGGGGGCGTTTGGGGGAGG,0,sg8
AAATGAGAAGAAGAGGCACAGGG,GGTTGAGAAGTTGAGGCACAGGT,0,sg9
GGGTGGGGGGAGTTTGCTCCTGG,GGCCCAGGGGAGTTTGCTCCCAG,0,sg8
AAATGAGAAGAAGAGGCACAGGG,AAAGGAAGAGAAGAAGAGCAGGG,0,sg9
AAATGAGAAGAAGAGGCACAGGG,AAATGAGAAGAACAAGGCTACGG,0,sg9
CCTGCCTCCGCTCTACTCACTGG,CCTGCCTCCTCTCACCCCACTCA,0,sg7
AAATGAGAAGAAGAGGCACAGGG,AGCAGAAAAGAAGAGGCACAGAG,0,sg9
TGACATCAATTATTATACATCGG,TGATCAAAATTATTATACAATGG,0,sg10
CTTGCCCCACAGGGCAGTAACGG,CTTGCCCCACACTGCACTTTCTG,0,sg3
CCAGTGAGTAGAGCGGAGGCAGG,ACAGAGGCCAGGGCGGAGGCAGG,0,sg2
GGTCCTGCCGCTGCTTGTCATGG,GGTCTTCTCGCTGCTTGTCACCA,0,sg4
AACACCAGTGAGTAGAGCGGAGG,CACCCTAGTGAGTAGAGTAGGGG,0,sg1
GACACCGAAGCAGAGTTTTTAGG,GCCCCCGAAGCAGAGCTGGTGGG,0,sg11
TGACATCAATTATTATACATCGG,TTAAAAGAAATATTATACATCAG,0,sg10
AATGACCACTACATCCTCAAGGG,AATAGCTATTACATCCTCCAGGT,0,sg5
GAATCCTAAAAACTCTGCTTCGG,AACACCAAGAAACTCTGCTTCCG,0,sg12
AAATGAGAAGAAGAGGCACAGGG,AAGACAAAAGAAGAGGCACATAG,0,sg9
AAATGAGAAGAAGAGGCACAGGG,AAAGAAGAAGAAGAGGAAGAGAC,0,sg9
GGGTGGGGGGAGTTTGCTCCTGG,CTGTGGGGGGAGTTTTGTCTGGG,0,sg8
CCTGCCTCCGCTCTACTCACTGG,GCTGGCTCCTGTCTACTCACTAT,0,sg7
AACACCAGTGAGTAGAGCGGAGG,AACACCAGTGGGAACAGCTGTGT,0,sg1
AAATGAGAAGAAGAGGCACAGGG,AGAGGCGAAGAAGAGTCCCGGGG,0,sg9
CCTGCCTCCGCTCTACTCACTGG,CCTGCCTCCTGCCTGCTCCCTGT,0,sg7
AAATGAGAAGAAGAGGCACAGGG,ACTTGAGAAGAAGATACACATTG,0,sg9
AAATGAGAAGAAGAGGCACAGGG,CGATGTGAAGAAGAGGTAGAGAG,0,sg9
GACACCGAAGCAGAGTTTTTAGG,AAAACTGAAGCAGAGTGTGTATG,0,sg11
AAATGAGAAGAAGAGGCACAGGG,ACAGGAGAAGAAGAGAGAGAGAG,0,sg9
AAATGAGAAGAAGAGGCACAGGG,AAATGAGAAGACTTGGGAGAGGG,0,sg9
GAATCCTAAAAACTCTGCTTCGG,TAAACCCTAAAACTCTGCATCTG,0,sg12
AAATGAGAAGAAGAGGCACAGGG,AAATGAGAAGAAAAGGTATGGAG,0,sg9
AAATGAGAAGAAGAGGCACAGGG,GAAGGAGAAGAAGAGGGAGAAGA,0,sg9
CTTGCCCCACAGGGCAGTAACGG,CTTGCCCCACAGGTAAGTAGACC,0,sg3
GGTCCTGCCGCTGCTTGTCATGG,GCTGCTGCTGCTGCTTGTCTTAA,0,sg4
AAATGAGAAGAAGAGGCACAGGG,GTATCCGGAGAAGAGGCACGGGG,0,sg9
AAATGAGAAGAAGAGGCACAGGG,AAATGAGAAAAAAAGCAACAGAC,0,sg9
AACACCAGTGAGTAGAGCGGAGG,AACATCAGTGAGTAGGGCAGGAA,0,sg1
AACACCAGTGAGTAGAGCGGAGG,AACAACAGTGAGTAGAAGGAAAT,0,sg1
AAATGAGAAGAAGAGGCACAGGG,CAGGGGGAAGGAGAGGCACAGTG,0,sg9
AATGACCACTACATCCTCAAGGG,ACTGGACATTACATCCTCAAAGA,0,sg5
ATGAACACCAGTGAGTAGAGCGG,AAAAACACCAGTTAGTTGGCCGG,0,sg6
AAATGAGAAGAAGAGGCACAGGG,AAATGAGAAAAGGAGGGTAAGGA,0,sg9
GGTCCTGCCGCTGCTTGTCATGG,GGTCCTGCCCTTGCTGTGCCTGG,0,sg4
GGGTGGGGGGAGTTTGCTCCTGG,GGGTTGTGCTAGTTTAATCCTGG,0,sg8
ATGAACACCAGTGAGTAGAGCGG,TGGAACTTTACTGAGTAGAGCGG,0,sg6
CTTGCCCCACAGGGCAGTAACGG,TTTGCCCCACAGTAAAGTCACTG,0,sg3
AACACCAGTGAGTAGAGCGGAGG,AACACCAGTGTGTAAAGCTAAAT,0,sg1
AAATGAGAAGAAGAGGCACAGGG,AGAAGACAAGAAGAAGAAGAGGG,0,sg9
GAATCCTAAAAACTCTGCTTCGG,GAACCCTAAAAACTCTGTCCGTG,0,sg12
CCAGTGAGTAGAGCGGAGGCAGG,CTGGTGAGTAGAGTGGAGAGAGA,0,sg2
AAATGAGAAGAAGAGGCACAGGG,ACAACAGTAGAAGAGGCACTGAG,0,sg9
GACACCGAAGCAGAGTTTTTAGG,GGCTACCAAGCTGAGTTTTTAGA,0,sg11
TGACATCAATTATTATACATCGG,TGACATCAATTGTTGCACCTCAA,0,sg10
CTTGCCCCACAGGGCAGTAACGG,CCCACCCCACAGGGCAGGACAGG,0,sg3
AAATGAGAAGAAGAGGCACAGGG,GAAGAAGAGGAAGAGGGAGAGGG,0,sg9
ATGAACACCAGTGAGTAGAGCGG,AGAAACACCAGTGGGCACAGCAG,0,sg6
GGGTGGGGGGAGTTTGCTCCTGG,GGGTGGGGGGGGCTTGCCCTGGT,0,sg8
AAATGAGAAGAAGAGGCACAGGG,AAATGAGAAGATGAGGTGAAGTG,0,sg9
CTTGCCCCACAGGGCAGTAACGG,CCTGCCCCACAGGGCTCTAAGTA,0,sg3
CCTGCCTCCGCTCTACTCACTGG,CTCCCCTACTCTCTACTCACTGC,0,sg7
GGGTGGGGGGAGTTTGCTCCTGG,TGGGGGTGGGGGTTTGGTCCTAG,0,sg8
ATGAACACCAGTGAGTAGAGCGG,ATGAAGACCAGTGAGAAACTCTG,0,sg6
AAATGAGAAGAAGAGGCACAGGG,GAGAGAGAAGAAGAGGCACTGAG,0,sg9
AACACCAGTGAGTAGAGCGGAGG,AATACCAGTGAGGGGGGCAGAGG,0,sg1
GGGTGGGGGGAGTTTGCTCCTGG,GGGTGGGGGTTGTTTGTTTTTAG,0,sg8
GGGTGGGGGGAGTTTGCTCCTGG,GGGTGGGAGGTGTGTGCTTGCGG,0,sg8
CCTGCCTCCGCTCTACTCACTGG,CCTGCCTCCGCTCCAATTTATGC,0,sg7
GGGTGGGGGGAGTTTGCTCCTGG,GGGTGGGGGTAGTTTGATGGCAG,0,sg8
GAATCCTAAAAACTCTGCTTCGG,GTATCCTAAAAATTATGCCTCCA,0,sg12
AAATGAGAAGAAGAGGCACAGGG,AAAGAAGAAGAAGAGGAAGATGC,0,sg9
CCAGTGAGTAGAGCGGAGGCAGG,CCAGTGAGTTGTGAGTAGAAAGG,0,sg2
AAATGAGAAGAAGAGGCACAGGG,AAAGGAGAAGAAGAGGAGAAGGC,0,sg9
CTTGCCCCACAGGGCAGTAACGG,ATGGCCCCACAGCGCAGCAACCA,0,sg3
GAATCCTAAAAACTCTGCTTCGG,GAATCCCACGAGCTCTGCTTCAC,0,sg12
AAATGAGAAGAAGAGGCACAGGG,ACAGGGGAAACAGAGGCACAGGG,0,sg9
AAATGAGAAGAAGAGGCACAGGG,CAATAAGCAGAAGAGGCATAGTT,0,sg9
AAATGAGAAGAAGAGGCACAGGG,AAGTAAGGATATGAGGCACAGAG,0,sg9
TGACATCAATTATTATACATCGG,AAACATCAATTATGATATTGCGG,0,sg10
AAATGAGAAGAAGAGGCACAGGG,CAAAAACAAAAAGAGGCACAGGG,0,sg9
AAATGAGAAGAAGAGGCACAGGG,AAATGAGAAAAGAAGGCTATGGG,0,sg9
AAATGAGAAGAAGAGGCACAGGG,AAGGAAGAAAAGGAGGCACAGGG,0,sg9
GAATCCTAAAAACTCTGCTTCGG,GAATCCTTTATTCTCTGCTTCCA,0,sg12
AAATGAGAAGAAGAGGCACAGGG,AAATGGGGAACTGAGGCACAGAG,0,sg9
GGTCCTGCCGCTGCTTGTCATGG,GCTCCCCCGACTGCTTGTCATGG,0,sg4
GAATCCTAAAAACTCTGCTTCGG,GAACTCTCAAAACTCTGCAAGGG,0,sg12
CCTGCCTCCGCTCTACTCACTGG,CCTGCTTCTGCTCTACTCAGTGA,0,sg7
GACACCGAAGCAGAGTTTTTAGG,CACCCAGAAGCAGAGGTCTTAGA,0,sg11
ATGAACACCAGTGAGTAGAGCGG,GTAATAAACAGTGAGTAGAGAGG,0,sg6
AATGACCACTACATCCTCAAGGG,AATGACCACTTGATCCTCGTAAG,0,sg5
CCTGCCTCCGCTCTACTCACTGG,CCTGCCTCCTTTCTAATACCAGG,0,sg7
CCAGTGAGTAGAGCGGAGGCAGG,CCAGTGAGTGGTGTGGAAAGAGG,0,sg2
ATGAACACCAGTGAGTAGAGCGG,CTGACCACCAGTGAGCCGGGTGG,0,sg6
AACACCAGTGAGTAGAGCGGAGG,AACACCAGTGGGATGAGCCCAGG,0,sg1
AAATGAGAAGAAGAGGCACAGGG,GAGTTAGAAGAAGAGAGACAGAG,0,sg9
TGACATCAATTATTATACATCGG,ACACATCAATTAAAATTTATCGG,0,sg10
AAATGAGAAGAAGAGGCACAGGG,AAATGAGAACAGAAAGGAAAGGG,0,sg9
GGTCCTGCCGCTGCTTGTCATGG,GAGTCTGACATTGCTTGTCATGG,0,sg4
AAATGAGAAGAAGAGGCACAGGG,AAAGGAGAAGAAGAGAGGGAGGA,0,sg9
AAATGAGAAGAAGAGGCACAGGG,AAATGAGAATGAGCTGCAAAAGG,0,sg9
AATGACCACTACATCCTCAAGGG,AATGACCACCACACTCTCACAGG,0,sg5
GGGTGGGGGGAGTTTGCTCCTGG,GGGTGGGGGGAACTATCTCAGGG,0,sg8
TGACATCAATTATTATACATCGG,GTACATAAGTTGTTATACATCGA,0,sg10
AAATGAGAAGAAGAGGCACAGGG,AAATGAGAAAATATGGCAAAAGG,0,sg9
CCAGTGAGTAGAGCGGAGGCAGG,GGAGAGTGGGGAGCGGAGGCAGG,0,sg2
AAATGAGAAGAAGAGGCACAGGG,AAGATAGAGGTGGAGGCACAGGG,0,sg9
GGGTGGGGGGAGTTTGCTCCTGG,GGGTGGGGGGAGTTGGTGGGAGG,0,sg8
ATGAACACCAGTGAGTAGAGCGG,ATGAACACCCGTGAATCCAGCTT,0,sg6
AAATGAGAAGAAGAGGCACAGGG,AAAGGAAAAGAAGAGGCAGATTT,0,sg9
TGACATCAATTATTATACATCGG,TGCCCTCAATTATTATAAAATGT,0,sg10
AATGACCACTACATCCTCAAGGG,AATAACAAATAGATCCTCAAGTC,0,sg5
GAATCCTAAAAACTCTGCTTCGG,AAAGCATAAAAACTCAGCTTCTC,0,sg12
TGACATCAATTATTATACATCGG,TGGAATCAATTATTATCCATATT,0,sg10
TGACATCAATTATTATACATCGG,TGACATCAATTTTTACAAATATG,0,sg10
CCTGCCTCCGCTCTACTCACTGG,CCTGCCTCCTCTGTAGTCATTAT,0,sg7
GACACCGAAGCAGAGTTTTTAGG,GACAACAGAGAAGAGTTTTTAAG,0,sg11
GGTCCTGCCGCTGCTTGTCATGG,GTTTCTTCAGCTGCTTGTCAGGT,0,sg4
CCTGCCTCCGCTCTACTCACTGG,CCTGCCTCCCCCCTACGCCCTTA,0,sg7
GGTCCTGCCGCTGCTTGTCATGG,AGTCAATCAGCTGCTTGTGATGG,0,sg4
AAATGAGAAGAAGAGGCACAGGG,AAATGAGAATTAGAGGATCAGCT,0,sg9
ATGAACACCAGTGAGTAGAGCGG,GTGAACACCAGTGTGTAAACCAA,0,sg6
CCTGCCTCCGCTCTACTCACTGG,CCTGCCTCCTCTCTTCTCTGAGA,0,sg7
AAATGAGAAGAAGAGGCACAGGG,AAATAAGAAGAAGAGGAAAGGAG,0,sg9
AAATGAGAAGAAGAGGCACAGGG,TTATGAGAAGAAGAGAGACAGAC,0,sg9
AAATGAGAAGAAGAGGCACAGGG,AAGAAAGAAGAAGAGGGATATGG,0,sg9
AAATGAGAAGAAGAGGCACAGGG,AGATGAGGAAAGGAGGCACAGGG,0,sg9
CCTGCCTCCGCTCTACTCACTGG,CCAGCTCCCACACTACTCACTGC,0,sg7
CCAGTGAGTAGAGCGGAGGCAGG,CCAGTGAGTAGTTACTAAGCAGG,0,sg2
GGGTGGGGGGAGTTTGCTCCTGG,TGAGGGAGTGAGTTTGCTCCTGT,0,sg8
GGGTGGGGGGAGTTTGCTCCTGG,GGGTGGGGGGAGTCTCTTCAGAG,0,sg8
GACACCGAAGCAGAGTTTTTAGG,GAGGCCGAAGCAGAGTCCTAAGA,0,sg11
AAATGAGAAGAAGAGGCACAGGG,ACAAGTTGATAAGAGGCACAGGG,0,sg9
CCTGCCTCCGCTCTACTCACTGG,CTTGCATCTGCTCTACTCCCAGG,0,sg7
AATGACCACTACATCCTCAAGGG,AATGACCACATCTTTCTCTGGGG,0,sg5
AAATGAGAAGAAGAGGCACAGGG,AAGTGAGAAGAAAAAGCAAAAAG,0,sg9
AAATGAGAAGAAGAGGCACAGGG,AAATGAGAAGAATATGCAAAGAA,0,sg9
AAATGAGAAGAAGAGGCACAGGG,AAATGTGAAGAAGAGGGGAAAGT,0,sg9
AAATGAGAAGAAGAGGCACAGGG,AAGGGAGAAGAAGAGAGGGAGGG,0,sg9
AAATGAGAAGAAGAGGCACAGGG,AAGTGAGGGAAGGAGGCACAGAG,0,sg9
TGACATCAATTATTATACATCGG,TGACATCAAGTATACTACAAGGC,0,sg10
AAATGAGAAGAAGAGGCACAGGG,CAATGAGAAGAACAGAGTAAGGG,0,sg9
GAATCCTAAAAACTCTGCTTCGG,CAGTCCTAAAAATTATGCTTAAG,0,sg12
GACACCGAAGCAGAGTTTTTAGG,GGCAAGGGATCAGAGTTTTTAAG,0,sg11
TGACATCAATTATTATACATCGG,TGACTTTTTTTTTTATACATCAG,0,sg10
CCAGTGAGTAGAGCGGAGGCAGG,CCAGTGAGTAGACCTAAGAAAGA,0,sg2
AAATGAGAAGAAGAGGCACAGGG,TACTGACTAGAAGAGGCAGAGTG,0,sg9
AAATGAGAAGAAGAGGCACAGGG,AAATGAGAAACAGGAGCCCAGCG,0,sg9
GGTCCTGCCGCTGCTTGTCATGG,TGCCCTGTGGCTGCTTGTCTTTG,0,sg4
GGGTGGGGGGAGTTTGCTCCTGG,GGGTGGGGGAAGTTTGCACTGAC,0,sg8
TGACATCAATTATTATACATCGG,TGAGCTGCATTATTATACTTTGG,0,sg10
GACACCGAAGCAGAGTTTTTAGG,AACAGCGAAGCAGAGTATACCGG,0,sg11
CTTGCCCCACAGGGCAGTAACGG,TTTGCCCCACAGGCCTGTCCCTG,0,sg3
ATGAACACCAGTGAGTAGAGCGG,ATGAACACCAGAGACAGGTGCAG,0,sg6
TGACATCAATTATTATACATCGG,TGACATCAACATTTATCCATCCA,0,sg10
CTTGCCCCACAGGGCAGTAACGG,GGTGAACCACAGGGCAGTAACCT,0,sg3
ATGAACACCAGTGAGTAGAGCGG,AAGGCCACCAGTGAGCAGTGCTG,0,sg6
GAATCCTAAAAACTCTGCTTCGG,CAATTCTCAAAACTCTGCATATG,0,sg12
AAATGAGAAGAAGAGGCACAGGG,CGATGAGAAGAAGAACAACAAGG,0,sg9
AAATGAGAAGAAGAGGCACAGGG,ATAAGGGAAATAGAGGCACAGAG,0,sg9
GACACCGAAGCAGAGTTTTTAGG,GCCAGAGAGGCAGAGTTTGTAGT,0,sg11
GGTCCTGCCGCTGCTTGTCATGG,GGTCCTGCCACTGCTGTTGATCC,0,sg4
CCTGCCTCCGCTCTACTCACTGG,GGTGCCTCCGCTCACCCCGCTGG,0,sg7
AACACCAGTGAGTAGAGCGGAGG,AACACCAGTAAGTAAGTGGTAGG,0,sg1
GGTCCTGCCGCTGCTTGTCATGG,GTTCCAAGTGTTGCTTGTCATGG,0,sg4
AAATGAGAAGAAGAGGCACAGGG,AAATGAGAAGATCTTGAACAGCG,0,sg9
AAATGAGAAGAAGAGGCACAGGG,AAATGAGAAGCAGAGGTGCAAGT,0,sg9
GGGTGGGGGGAGTTTGCTCCTGG,CGCATTGGGGAGTTTGCTTCTGG,0,sg8
GACACCGAAGCAGAGTTTTTAGG,GAAACCGAAGCAGGGATTTTAGT,0,sg11
ATGAACACCAGTGAGTAGAGCGG,GTGAAAACCAGTGAGGAGAGCTA,0,sg6
AAATGAGAAGAAGAGGCACAGGG,CACTGAGGTGAAGAGGCAGAGAG,0,sg9
CCAGTGAGTAGAGCGGAGGCAGG,GGCGGGACTAGAGCGGAGGCAGG,0,sg2
CTTGCCCCACAGGGCAGTAACGG,CCTGCCCCACAGTGCAGAGAGGT,0,sg3
TGACATCAATTATTATACATCGG,TGACATCAATTTTTAAAAATATT,0,sg10
AATGACCACTACATCCTCAAGGG,GGTGAACAGCCCATCCTCAAGGG,0,sg5
CCTGCCTCCGCTCTACTCACTGG,GACACCTGTGCTCTACTCACTGG,0,sg7
TGACATCAATTATTATACATCGG,TTACTTCAATTATTATATGTTAG,0,sg10
AAATGAGAAGAAGAGGCACAGGG,AAGTGAGAAGAAAAATTAGAGGG,0,sg9
CCAGTGAGTAGAGCGGAGGCAGG,CCAGTGAGTAGTATGAAGGCCTG,0,sg2
CCTGCCTCCGCTCTACTCACTGG,CCTGCCTCCTCCCTCCTTTCTGC,0,sg7
AAATGAGAAGAAGAGGCACAGGG,AAATGAGAATAAGGAAAACAGGA,0,sg9
AAATGAGAAGAAGAGGCACAGGG,AAATGAGAAAATTAGCTTCAGGG,0,sg9
AATGACCACTACATCCTCAAGGG,ATAGCTCACTGCATCCTCAAGGT,0,sg5
CTTGCCCCACAGGGCAGTAACGG,CATGCCCCACAGGACAGTACCTT,0,sg3
GGGTGGGGGGAGTTTGCTCCTGG,GGCTCAGGGTGTTTTGCTCCTGG,0,sg8
AAATGAGAAGAAGAGGCACAGGG,AAAAAAGAAGAAGAGAAAAAAGG,0,sg9
GAATCCTAAAAACTCTGCTTCGG,GAATCCTAAAGACTGGACTTTTG,0,sg12
GACACCGAAGCAGAGTTTTTAGG,GATACTGATGCAGAGTTTGGAGT,0,sg11
TGACATCAATTATTATACATCGG,GGATGTCATTTATTATACATCTG,0,sg10
AAATGAGAAGAAGAGGCACAGGG,AATTGAGAAGAACTGATACAGCG,0,sg9
GGGTGGGGGGAGTTTGCTCCTGG,AGGTGGGGGGAGTTAGTGCAGGG,0,sg8
AAATGAGAAGAAGAGGCACAGGG,AAGTGAGAAGAATGGACACTGGA,0,sg9
TGACATCAATTATTATACATCGG,AGATATCGAAAATTATACATCAG,0,sg10
GACACCGAAGCAGAGTTTTTAGG,GGCAAGGAAGCAGAGATTTGAGC,0,sg11
GGGTGGGGGGAGTTTGCTCCTGG,GGGTGGGGGGAGGTGGGTGGGGG,0,sg8
GAATCCTAAAAACTCTGCTTCGG,GACTCCTAAAAACTTAACTTTTG,0,sg12
GACACCGAAGCAGAGTTTTTAGG,GACATAGGACAAGAGTTTTTATG,0,sg11
GGGTGGGGGGAGTTTGCTCCTGG,GGGTGGGGGCACTGGTGTCCTGG,0,sg8
AAATGAGAAGAAGAGGCACAGGG,AAGGGAGAAGAAGAGGAAAGGGA,0,sg9
GGGTGGGGGGAGTTTGCTCCTGG,GGGTGGGGGGACCCTTCTCCCAG,0,sg8
TGACATCAATTATTATACATCGG,TGACATCAAATATTCTACAAAAC,0,sg10
ATGAACACCAGTGAGTAGAGCGG,ATGAACACCTGTCAGAATAGAAG,0,sg6
CCTGCCTCCGCTCTACTCACTGG,CCTGCCTCCTCTTCACTCAGCAG,0,sg7
ATGAACACCAGTGAGTAGAGCGG,ATGAACACCAGTCAAAAGGCTGG,0,sg6
TGACATCAATTATTATACATCGG,TGACATCAATTTTTATTTCTTGT,0,sg10
GGGTGGGGGGAGTTTGCTCCTGG,GGGTGGGGGGGATTTGGATTTGG,0,sg8
GGGTGGGGGGAGTTTGCTCCTGG,GTGCTGTGGGAGTTTGCTCTTGC,0,sg8
GGTCCTGCCGCTGCTTGTCATGG,GGTCCTGCCTCAGCTCCTCCTGG,0,sg4
AAATGAGAAGAAGAGGCACAGGG,AGATGTGAAGAAGAGTTGGAGGG,0,sg9
AAATGAGAAGAAGAGGCACAGGG,TAATGAGAAGAACACTTACAGAG,0,sg9
AAATGAGAAGAAGAGGCACAGGG,AAATGAGAATGAGAAGCAGAAAG,0,sg9
CCTGCCTCCGCTCTACTCACTGG,CCTGCCTCCTCGCTGGCCAGTGG,0,sg7
CCTGCCTCCGCTCTACTCACTGG,CCTGCCTCCTCCCTACACTATGC,0,sg7
AAATGAGAAGAAGAGGCACAGGG,AGGTGAGTAGTTGAGGCACAGGT,0,sg9
GAATCCTAAAAACTCTGCTTCGG,AAATTGTAAAAACTCTGCTCCTC,0,sg12
GACACCGAAGCAGAGTTTTTAGG,GACACGGAAGCAGAGTGAAGAAG,0,sg11
AATGACCACTACATCCTCAAGGG,AATGACCACCACTGCCACAATAG,0,sg5
TGACATCAATTATTATACATCGG,TTAAATCAATTATTATATATTTA,0,sg10
AAATGAGAAGAAGAGGCACAGGG,AAATGAGAAGGACAGCCATATGG,0,sg9
GGGTGGGGGGAGTTTGCTCCTGG,GGGTAGGGGGGAGTTTCTCCTGA,0,sg8
AAATGAGAAGAAGAGGCACAGGG,TGATGAGAAGAAGGGGAGCAGGG,0,sg9
GGTCCTGCCGCTGCTTGTCATGG,GGTCCTGCCGTCACTTTTCCTTG,0,sg4
AAATGAGAAGAAGAGGCACAGGG,GAAGAATCGGAAGAGGCACAGGG,0,sg9
AAATGAGAAGAAGAGGCACAGGG,ATATAGGAAGAAGAGGGAAAGAG,0,sg9
GACACCGAAGCAGAGTTTTTAGG,GAAACCCTAATAGAGTTTTTAAG,0,sg11
AAATGAGAAGAAGAGGCACAGGG,CACTTTGAGGAAGAGGCAAAGGG,0,sg9
TGACATCAATTATTATACATCGG,TTTCAACAATTATTATAAATGTG,0,sg10
GACACCGAAGCAGAGTTTTTAGG,TACACTTTAGCAGAGTTTTTAGG,0,sg11
CTTGCCCCACAGGGCAGTAACGG,CTTGCCCCAGAGCACACTGACTG,0,sg3
GGGTGGGGGGAGTTTGCTCCTGG,GGGTGGGGGATGGGTGCCCCTGG,0,sg8
AAATGAGAAGAAGAGGCACAGGG,AAATGAGGAAACGAGGCACAGAG,0,sg9
GAATCCTAAAAACTCTGCTTCGG,TCAACCTAAAGTCTCTGCTTCTG,0,sg12
AAATGAGAAGAAGAGGCACAGGG,AAGTGAGAAGAAGATTATCAGAG,0,sg9
AAATGAGAAGAAGAGGCACAGGG,AAATGAGAAGAATGAGAACAGGG,0,sg9
GAATCCTAAAAACTCTGCTTCGG,GAATCCTAAAGACGCCCCTTCAA,0,sg12
AAATGAGAAGAAGAGGCACAGGG,AAACTATATAAAGAGGCACAGAG,0,sg9
GGGTGGGGGGAGTTTGCTCCTGG,GGGTGGGGGGAGTTCGGTGGGGG,0,sg8
AAATGAGAAGAAGAGGCACAGGG,AAAGAAGAAGAGGAGGATGAGGG,0,sg9
AAATGAGAAGAAGAGGCACAGGG,AAATGAGAATCTGAGGAAGAGGG,0,sg9
CCAGTGAGTAGAGCGGAGGCAGG,CTAGTGAGTAGAGGCAAGGGACG,0,sg2
AACACCAGTGAGTAGAGCGGAGG,AACCCTAGGGAGTAGAGCTGAGG,0,sg1
AAATGAGAAGAAGAGGCACAGGG,AATAAAGAATCAGAGGCACAGGA,0,sg9
AAATGAGAAGAAGAGGCACAGGG,TATTGAGTAAATGAGGCACAGGA,0,sg9
CCAGTGAGTAGAGCGGAGGCAGG,CCAGTGAGTGGAGGAGAAGCTGC,0,sg2
GAATCCTAAAAACTCTGCTTCGG,GAAGAGTAAAAACTCTGCTTTAG,0,sg12
AAATGAGAAGAAGAGGCACAGGG,AAATGAGAAAGAAAGAAACAGTG,0,sg9
AAATGAGAAGAAGAGGCACAGGG,AAATGAGAAGAAAGGACAAGAGG,0,sg9
TGACATCAATTATTATACATCGG,TGACTGCCTTTATTATACTTCAG,0,sg10
GACACCGAAGCAGAGTTTTTAGG,AAAAACTAAGCAGAGTTTTTAAT,0,sg11
ATGAACACCAGTGAGTAGAGCGG,CTTAACAAAAGTGAGTAGAGGGG,0,sg6
AAATGAGAAGAAGAGGCACAGGG,AAACAGGCAGAAGAGGCACAAGT,0,sg9
TGACATCAATTATTATACATCGG,TGATGGCATTTATTATACAGTGG,0,sg10
AAATGAGAAGAAGAGGCACAGGG,AAGTGAGAAGAAAAGGAATAGAC,0,sg9
GGGTGGGGGGAGTTTGCTCCTGG,GGGTGGGGGGTGATTGCTGGTCG,0,sg8
AAATGAGAAGAAGAGGCACAGGG,AAGTGAGAAGAAAACTCACTGGA,0,sg9
AATGACCACTACATCCTCAAGGG,TAACCCCACTACATCCACAAGGA,0,sg5
AAATGAGAAGAAGAGGCACAGGG,AAATGAGAAGCAGTATCACTGGG,0,sg9
CTTGCCCCACAGGGCAGTAACGG,GATGTCCAACATGGCAGTAACAG,0,sg3
TGACATCAATTATTATACATCGG,TAAAATGTATTATTATACATCTC,0,sg10
GGGTGGGGGGAGTTTGCTCCTGG,GGGTGGGGGGCTTTCTCACCTGG,0,sg8
AAATGAGAAGAAGAGGCACAGGG,AAATGAGAAGAGGAGGGATGGTG,0,sg9
AACACCAGTGAGTAGAGCGGAGG,ATCTTCAGTGAGTAGTTCAGAGG,0,sg1
GGTCCTGCCGCTGCTTGTCATGG,GGTCCTGCCTGGGCTTGTAAAGG,0,sg4
AAATGAGAAGAAGAGGCACAGGG,AAAGGAAAAGCAGAGGCACAGAG,0,sg9
GAATCCTAAAAACTCTGCTTCGG,AGAAACTAAAAACTCTGCGTCTG,0,sg12
AAATGAGAAGAAGAGGCACAGGG,AAATGAGAAACACTGACACCGGG,0,sg9
CCTGCCTCCGCTCTACTCACTGG,CCTGCCTCCACGCTATTCTCCTG,0,sg7
GGGTGGGGGGAGTTTGCTCCTGG,GGGTGGGGGAAGTGTGCTGTTTA,0,sg8
AATGACCACTACATCCTCAAGGG,AGTGACAGCTACATCCTCCAGCC,0,sg5
AAATGAGAAGAAGAGGCACAGGG,GAGGAAGAAGAAGAGGAACAAGG,0,sg9
GACACCGAAGCAGAGTTTTTAGG,GATCCTGAAGCAGAGTTTATAGT,0,sg11
GGGTGGGGGGAGTTTGCTCCTGG,GGGTGGGGGGTTTTATATCCAGG,0,sg8
AAATGAGAAGAAGAGGCACAGGG,ATTTGCAGAGATGAGGCACAGGG,0,sg9
AATGACCACTACATCCTCAAGGG,AATGACCACTCGTTTTTCAAGGA,0,sg5
AAATGAGAAGAAGAGGCACAGGG,AAATGAGAAACAGACTCAGAGGG,0,sg9
AAATGAGAAGAAGAGGCACAGGG,ACGCGGGAAAAGGAGGCACAGGG,0,sg9
CTTGCCCCACAGGGCAGTAACGG,CGTGCCCCACAGGGCAGCGTCTC,0,sg3
AAATGAGAAGAAGAGGCACAGGG,ATATTGGAAGAAGAGGCTGAGAG,0,sg9
AAATGAGAAGAAGAGGCACAGGG,AAATGAGAAGAAAAAGCTCTCCG,0,sg9
CCTGCCTCCGCTCTACTCACTGG,TCTGCCTGGGCTCTACTCCCTTC,0,sg7
AATGACCACTACATCCTCAAGGG,ACTGTCCACTACATCCTCCAAGC,0,sg5
GGGTGGGGGGAGTTTGCTCCTGG,GGGTGGGGGGACGCTGCCGCTGG,0,sg8
CTTGCCCCACAGGGCAGTAACGG,CTGTCCCCACAGGGCGGGACAGG,0,sg3
AAATGAGAAGAAGAGGCACAGGG,GAAAGGGAAGAAGAGGAAGATGG,0,sg9
AAATGAGAAGAAGAGGCACAGGG,CAGTGAGAAGAAAGGGGACTGGG,0,sg9
GGGTGGGGGGAGTTTGCTCCTGG,GGGTGGGGGGAGATCGGTGCAGG,0,sg8
ATGAACACCAGTGAGTAGAGCGG,TTAAACACCAGTGAGTGTAGCAG,0,sg6
GAATCCTAAAAACTCTGCTTCGG,GAATCCTAACCACTCTGGGTCAC,0,sg12
AACACCAGTGAGTAGAGCGGAGG,AACACCAGTGATTAATACATAGG,0,sg1
TGACATCAATTATTATACATCGG,TGTAATCAATTATTACACATTAG,0,sg10
AAATGAGAAGAAGAGGCACAGGG,GAGGAAGAAGAAGAGACACAGGA,0,sg9
GACACCGAAGCAGAGTTTTTAGG,TAAAGAGAAGCAGAGTTTTGAGC,0,sg11
CTTGCCCCACAGGGCAGTAACGG,GGTGCCCCACAGGGCAGAAGCCG,0,sg3
GAATCCTAAAAACTCTGCTTCGG,CATTGCTATAAACTCTGCTTTGT,0,sg12
GAATCCTAAAAACTCTGCTTCGG,GAATCCTAAATCCTCTTCTCCCA,0,sg12
GGTCCTGCCGCTGCTTGTCATGG,GGTCCTGCCTCACCTCTTCCTGG,0,sg4
AAATGAGAAGAAGAGGCACAGGG,AAATGAGAAAGAGAGTCTCATGT,0,sg9
AAATGAGAAGAAGAGGCACAGGG,AAATGAGAAAATGGGCCAGATGG,0,sg9
CCAGTGAGTAGAGCGGAGGCAGG,ACAGGGCGTAGAGCGGAGGCTGA,0,sg2
GAATCCTAAAAACTCTGCTTCGG,GAGGCCTCAAAACTCTGCCTGGT,0,sg12
GAATCCTAAAAACTCTGCTTCGG,GAAACCTAAAAACTCTCTGTGTG,0,sg12
AATGACCACTACATCCTCAAGGG,TGTCTCCACTCCATCCTCAAGGA,0,sg5
AAATGAGAAGAAGAGGCACAGGG,AAATGAGAATCTGCGGCTCAGTG,0,sg9
AAATGAGAAGAAGAGGCACAGGG,AAATGAGAAGATGAGCCACTTAT,0,sg9
CCTGCCTCCGCTCTACTCACTGG,CCTGCCTCCCCTCCACCCAACAG,0,sg7
GGGTGGGGGGAGTTTGCTCCTGG,GGGTGGGGGAACGTTGACCCTGT,0,sg8
TGACATCAATTATTATACATCGG,TTAAATCAATTATTATAAGTATG,0,sg10
GACACCGAAGCAGAGTTTTTAGG,GTCACAAAGGCAGAGTTTTGGGG,0,sg11
CCTGCCTCCGCTCTACTCACTGG,CCTGCCTCCTGTCTACTCTCAGG,1,sg7
AAATGAGAAGAAGAGGCACAGGG,AGAGGAGAAATTGAGGCACAGGA,0,sg9
CCAGTGAGTAGAGCGGAGGCAGG,CCTGTGAGTAGATATGAGGGATG,0,sg2
AAATGAGAAGAAGAGGCACAGGG,AGATGAGAAACTGAGGCACAGAC,0,sg9
AACACCAGTGAGTAGAGCGGAGG,CACACCAGTGAGTGGAAGGGAGA,0,sg1
AAATGAGAAGAAGAGGCACAGGG,CAAAGTGAGGAGGAGGCACAGAG,0,sg9
AAATGAGAAGAAGAGGCACAGGG,AAAAAGGAAGAAGAGGGAGAGAG,0,sg9
CCTGCCTCCGCTCTACTCACTGG,CCTTTCTCCACTCTACTCACTTC,0,sg7
TGACATCAATTATTATACATCGG,CCATATCACTTATTATACTACGG,0,sg10
AACACCAGTGAGTAGAGCGGAGG,AAAACCAGTGAGACCAGCAGAGA,0,sg1
ATGAACACCAGTGAGTAGAGCGG,ATACACACCAGTGAGAAGATTGA,0,sg6
TGACATCAATTATTATACATCGG,TTCCACACATTATTATACATGGG,0,sg10
AAATGAGAAGAAGAGGCACAGGG,AAATAAGAAACCGAGGCACAGCG,0,sg9
AAATGAGAAGAAGAGGCACAGGG,AATGGAGGGAAAGAGGCACAGTG,0,sg9
AAATGAGAAGAAGAGGCACAGGG,AAATGAGAAAAACATGAACAAGA,0,sg9
AAATGAGAAGAAGAGGCACAGGG,AGACAGGATGGAGAGGCACAGGG,0,sg9
AAATGAGAAGAAGAGGCACAGGG,AAATGAGAAGAGCAAGCTCTGGA,0,sg9
TGACATCAATTATTATACATCGG,TGACATCAATTTTGATTGATTGA,0,sg10
AAATGAGAAGAAGAGGCACAGGG,AAAGGGGAAGAAGAGGATCAGCC,0,sg9
AAATGAGAAGAAGAGGCACAGGG,ATGAAAGAAAAAGAGGCACAGAG,0,sg9
AAATGAGAAGAAGAGGCACAGGG,GAGAGAGAAGAAGAGGGGCAAGG,0,sg9
TGACATCAATTATTATACATCGG,CTACAACTATTTTTATACATCTG,0,sg10
ATGAACACCAGTGAGTAGAGCGG,ATCAACACCAGTCACAGGAGAGG,0,sg6
GGGTGGGGGGAGTTTGCTCCTGG,GGGTGGGGGGAGGAAACTTCTGA,0,sg8
CCAGTGAGTAGAGCGGAGGCAGG,GCACTGGGGAGAGCGGAGGCAGG,0,sg2
GACACCGAAGCAGAGTTTTTAGG,GACATGGAAGCAGAGATTGAAGT,0,sg11
GGGTGGGGGGAGTTTGCTCCTGG,GCGCGGCGGAGGTTTGCTCCTGA,0,sg8
GGGTGGGGGGAGTTTGCTCCTGG,AAGTGGCTGAAGTTTGCTCCTAG,0,sg8
AAATGAGAAGAAGAGGCACAGGG,AAATCTGGAGAAGAGGCATGGGA,0,sg9
AACACCAGTGAGTAGAGCGGAGG,AACACCAGTGTTTAAAGAGTAGA,0,sg1
CTTGCCCCACAGGGCAGTAACGG,CTTGCCCCACTCTGCAGGAGTGG,0,sg3
GACACCGAAGCAGAGTTTTTAGG,GTTACTGCAGAAGAGTTTTTAGG,0,sg11
GGGTGGGGGGAGTTTGCTCCTGG,GGGTGAGGGCCCTTTGCTCCTCC,0,sg8
ATGAACACCAGTGAGTAGAGCGG,CTGAACACCAGTAAATGGAGCAG,0,sg6
AAATGAGAAGAAGAGGCACAGGG,AAATGAGAATTATTGTCTCAGGG,0,sg9
GGTCCTGCCGCTGCTTGTCATGG,GGCCGAGCCGCTGCTTGTGCTTG,0,sg4
TGACATCAATTATTATACATCGG,TGGATTTAATTATTATACATTTG,0,sg10
TGACATCAATTATTATACATCGG,GTATATCAATTATTATACAAAGC,0,sg10
AAATGAGAAGAAGAGGCACAGGG,ATTTGAAAAAAAGAGGCACAGTT,0,sg9
GGGTGGGGGGAGTTTGCTCCTGG,AGGTGGGGGGAGGCTGCTCCTCC,0,sg8
AAATGAGAAGAAGAGGCACAGGG,ATGGGCAAAGAAGAGGCAGAGGG,0,sg9
GAATCCTAAAAACTCTGCTTCGG,AAATTCTAAAAACTCAATTTCTG,0,sg12
AACACCAGTGAGTAGAGCGGAGG,CACACACTGGAGTAGAGCAGAGG,0,sg1
GAATCCTAAAAACTCTGCTTCGG,TCAACTTCAAAACTCTGCTTCCG,0,sg12
GACACCGAAGCAGAGTTTTTAGG,GAGGTAGAAGCAGAGTCTTTAGA,0,sg11
CCTGCCTCCGCTCTACTCACTGG,CTTTCCTTTCCTCTACTCACTGG,0,sg7
CCTGCCTCCGCTCTACTCACTGG,CCTGCCTCCCCAATTCTCACAGA,0,sg7
AAATGAGAAGAAGAGGCACAGGG,ACATGAGAAGAAGAGGAAAGGAA,0,sg9
AAATGAGAAGAAGAGGCACAGGG,AATAAAGTAGATGAGGCACAGTG,0,sg9
CCAGTGAGTAGAGCGGAGGCAGG,CCAGTGAGTATTGTGAAGGCAGA,0,sg2
GGGTGGGGGGAGTTTGCTCCTGG,GGGTGGGGGGCGGGTGCACCTCA,0,sg8
CCAGTGAGTAGAGCGGAGGCAGG,CCAGTGAGTTGAGCGGCTTCTGC,0,sg2
AAATGAGAAGAAGAGGCACAGGG,AAATGAGAATGAGACGTGGAGGG,0,sg9
GACACCGAAGCAGAGTTTTTAGG,GACAGAAAAGCAGAGTTTATGGG,0,sg11
ATGAACACCAGTGAGTAGAGCGG,CAGCACACCTGGGAGTAGAGCAG,0,sg6
TGACATCAATTATTATACATCGG,TGACACCTCTCTTTATACATCCG,0,sg10
GGGTGGGGGGAGTTTGCTCCTGG,GGGTGGGGGGATTCTGGTTGTGT,0,sg8
GAATCCTAAAAACTCTGCTTCGG,TGTTCATAAAAACTCTCCTTTGG,0,sg12
GAATCCTAAAAACTCTGCTTCGG,CTATCCTAAAAACTCTGACTCTC,0,sg12
GGGTGGGGGGAGTTTGCTCCTGG,GGGTGGGGGTCGCTTGCGCCCGC,0,sg8
AATGACCACTACATCCTCAAGGG,AATGACCACCACTGCCGGAATGG,0,sg5
TGACATCAATTATTATACATCGG,TGAAGAGAATTATTATACATCTA,0,sg10
CCTGCCTCCGCTCTACTCACTGG,CCTGCCTCCACTCTCCCCACTCT,0,sg7
TGACATCAATTATTATACATCGG,TAAGATTACTGATTATACATCAG,0,sg10
GAATCCTAAAAACTCTGCTTCGG,GCAACCCACAAACTCTGCTGCTG,0,sg12
CCAGTGAGTAGAGCGGAGGCAGG,CCAGTGAGTAGGGAGGTGGCTGC,0,sg2
AAATGAGAAGAAGAGGCACAGGG,AAAAGAGAAGAAGAGGAAAAAAA,0,sg9
AAATGAGAAGAAGAGGCACAGGG,GAATGAGAAGAACAAGAATAGGA,0,sg9
GGGTGGGGGGAGTTTGCTCCTGG,GGTGGGGGAGAGTCTCCTCCTAG,0,sg8
GGGTGGGGGGAGTTTGCTCCTGG,GGTTGGGGGGAGATGGCAGCTGG,0,sg8
TGACATCAATTATTATACATCGG,GGACATCAATTATTACATGTAAG,0,sg10
AAATGAGAAGAAGAGGCACAGGG,AAATGAGAACAGGTGGGAAAGGG,0,sg9
TGACATCAATTATTATACATCGG,TAACTTCAATTATTAGAAAACTG,0,sg10
AAATGAGAAGAAGAGGCACAGGG,GACTGAGAAGCTGAGGCACAGAG,0,sg9
AAATGAGAAGAAGAGGCACAGGG,ACAAGAGAAGAAGAGGCAAACAC,0,sg9
AAATGAGAAGAAGAGGCACAGGG,AAATGAGAAGATGAGAAAGAAAG,0,sg9
GGGTGGGGGGAGTTTGCTCCTGG,GGGGTGGGGGTGTATGCTCATGA,0,sg8
CCTGCCTCCGCTCTACTCACTGG,CCTGCCCCAGCCCTACTCACTGG,0,sg7
CCTGCCTCCGCTCTACTCACTGG,CCTGCCTCCCCTCTGCTGTCCAG,0,sg7
GACACCGAAGCAGAGTTTTTAGG,TACGCAGAAGCAGAGATCTTAGT,0,sg11
AAATGAGAAGAAGAGGCACAGGG,GATTTTGAAGAAGAGGCAAAGAG,0,sg9
AAATGAGAAGAAGAGGCACAGGG,AAATGAGAAAAAGCTGTGCTGGG,0,sg9
GAATCCTAAAAACTCTGCTTCGG,GCATCCTAAAAAGTTTTGTTGGG,0,sg12
AATGACCACTACATCCTCAAGGG,AGTGAAAACTTCATCCTCAAGCA,0,sg5
AATGACCACTACATCCTCAAGGG,AATGACCACTCCATATAGAAGGC,0,sg5
GGGTGGGGGGAGTTTGCTCCTGG,GGTGGGGGGGGGTTTGACCATGG,0,sg8
CCTGCCTCCGCTCTACTCACTGG,CCTGCCTCCTTGATGCTAACTGG,0,sg7
CTTGCCCCACAGGGCAGTAACGG,CTGGCTCCACAGGGCAGCTCCTG,0,sg3
TGACATCAATTATTATACATCGG,TTACTTCAATTATTATGCCAAGG,0,sg10
GGGTGGGGGGAGTTTGCTCCTGG,GGGTGGGGGATCTCTACTGCTGG,0,sg8
GGGTGGGGGGAGTTTGCTCCTGG,GGGTGGGGGCAGGGTGTTGCAGG,0,sg8
AAATGAGAAGAAGAGGCACAGGG,AAACCACAATGAGAGGCACAGAG,0,sg9
CCAGTGAGTAGAGCGGAGGCAGG,CAGGACAGCAGAGCGGAGGCTGG,0,sg2
AAATGAGAAGAAGAGGCACAGGG,GAAACAGAGGCAGAGGCACAGGC,0,sg9
AACACCAGTGAGTAGAGCGGAGG,ATCTACAGCGAGTAGAGCAGATG,0,sg1
AAATGAGAAGAAGAGGCACAGGG,TGATGGGAAGAAGAGGGGCAGAG,0,sg9
AACACCAGTGAGTAGAGCGGAGG,AACACCAGTGAGTCCCCATGAGG,0,sg1
GAATCCTAAAAACTCTGCTTCGG,GAATCCTAAAAACTCCATTTCCC,0,sg12
AAATGAGAAGAAGAGGCACAGGG,ATTCCAGAAGAAGAGTCACAGGG,0,sg9
ATGAACACCAGTGAGTAGAGCGG,TTGATGTCTAGTGAGTAGAGGGG,0,sg6
CCTGCCTCCGCTCTACTCACTGG,CCTGCCTCCTCTGTCTTCCCTGT,0,sg7
AAATGAGAAGAAGAGGCACAGGG,AAGGCAGAAGAAGAGGCAGATGA,0,sg9
TGACATCAATTATTATACATCGG,TACAATCATTTATTATACAGCAG,0,sg10
ATGAACACCAGTGAGTAGAGCGG,GTGAACTAGAGGGAGTAGAGCGC,0,sg6
AAATGAGAAGAAGAGGCACAGGG,AAATGAGAAAAAGAGAAAAAAAG,0,sg9
AACACCAGTGAGTAGAGCGGAGG,GACAGCAGTGAGTAGCCCAGATG,0,sg1
ATGAACACCAGTGAGTAGAGCGG,ATGAACACCAGTGTTCATAGCAG,0,sg6
TGACATCAATTATTATACATCGG,TGAGCTAAATTATTATACACCCA,0,sg10
GAATCCTAAAAACTCTGCTTCGG,GGCTCCTAAAAACACTGATTCTT,0,sg12
AAATGAGAAGAAGAGGCACAGGG,AATTGAGAAGAAATGGGACATGT,0,sg9
AAATGAGAAGAAGAGGCACAGGG,TTGTGATAAGAAGAGGCAAAGGC,0,sg9
GGGTGGGGGGAGTTTGCTCCTGG,TGGGGTGGGGAGTTTTCTCATGT,0,sg8
CTTGCCCCACAGGGCAGTAACGG,CTGGCCCCACAGGGCTTTTAAGA,0,sg3
CCTGCCTCCGCTCTACTCACTGG,CCTGCACCACCGCTACTCACTTG,0,sg7
CTTGCCCCACAGGGCAGTAACGG,CCTCTCCCACAGGGCAGTAGCAG,0,sg3
GAATCCTAAAAACTCTGCTTCGG,GAAGCAATAAAACTCTGCCTGGG,0,sg12
GGGTGGGGGGAGTTTGCTCCTGG,GGCTTGGGGGAGTTTGGGCCTAG,0,sg8
TGACATCAATTATTATACATCGG,GGACATGTGTTATTATACATTTG,0,sg10
CCTGCCTCCGCTCTACTCACTGG,CCTGCCTCCGCTTCCCCCAGTGA,0,sg7
AAATGAGAAGAAGAGGCACAGGG,AGGAGAGAAGAAGAAGAAGAGGG,0,sg9
ATGAACACCAGTGAGTAGAGCGG,GTAGACACCAGTGAGCAGAGTGG,0,sg6
AAATGAGAAGAAGAGGCACAGGG,GAAAGAGAAGAAGAGTACCAGAG,0,sg9
AATGACCACTACATCCTCAAGGG,AATGACCACTGGCTGCTCTAGGT,0,sg5
CTTGCCCCACAGGGCAGTAACGG,CCGGCCCCACAGGACAGCAGGGG,0,sg3
AAATGAGAAGAAGAGGCACAGGG,GGAGGATCAGAAGAGGCACAGAG,0,sg9
GGGTGGGGGGAGTTTGCTCCTGG,GGGTGGGGGGGGTGGGCTCAGAG,0,sg8
ATGAACACCAGTGAGTAGAGCGG,CAGAACACCAGTGAGAGTAGCTG,0,sg6
AAATGAGAAGAAGAGGCACAGGG,AAAGAAGAAGAAGAGAAAAAGAG,0,sg9
TGACATCAATTATTATACATCGG,AGCCATCAATTATTCTATATCCT,0,sg10
GAATCCTAAAAACTCTGCTTCGG,AAATCCTAAAAAATATGTTTTCG,0,sg12
GGGTGGGGGGAGTTTGCTCCTGG,GGGAGGGGGGATTCCACTCCTGT,0,sg8
ATGAACACCAGTGAGTAGAGCGG,CTGACCACCAGTGAGCTGGGTGG,0,sg6
GGGTGGGGGGAGTTTGCTCCTGG,GGGTGGGGGGAGATCTCTGCAGA,0,sg8
AAATGAGAAGAAGAGGCACAGGG,AAATTAAACCAAGAGGCACAGCC,0,sg9
ATGAACACCAGTGAGTAGAGCGG,ATGAACACCAGAGGGTAGGGATC,0,sg6
CCAGTGAGTAGAGCGGAGGCAGG,CCAGTGAGTAGAGGCATGAGAGG,0,sg2
TGACATCAATTATTATACATCGG,TGACTTGGGGTTTTATACATCGG,0,sg10
GGGTGGGGGGAGTTTGCTCCTGG,GGGTGGGGGTAATTTAATCATGG,0,sg8
GGGTGGGGGGAGTTTGCTCCTGG,GGGTGGGGGGCGCGTGTTGCAGG,0,sg8
CCTGCCTCCGCTCTACTCACTGG,CCAGGCGTGGCTCTACTCACTGG,0,sg7
AAATGAGAAGAAGAGGCACAGGG,GATTGGGAAGAAGAGGAACAGGA,0,sg9
AATGACCACTACATCCTCAAGGG,AATGCCCCTTGGATCCTCAAGGC,0,sg5
CTTGCCCCACAGGGCAGTAACGG,CCTGCCCCACAGTGAAGAAGCAG,0,sg3
AACACCAGTGAGTAGAGCGGAGG,AACACCAGTGAGTGGGAAGGAGG,0,sg1
AAATGAGAAGAAGAGGCACAGGG,AAATGAGAAGACGAATGTAAGGG,0,sg9
AAATGAGAAGAAGAGGCACAGGG,CAGTGAGACTTAGAGGCACAGGA,0,sg9
CCTGCCTCCGCTCTACTCACTGG,CCTGCCTCCTCTGTTCTCTCCAG,0,sg7
GGGTGGGGGGAGTTTGCTCCTGG,GGTTGTGTTGTGTTTGCTCCTTG,0,sg8
CTTGCCCCACAGGGCAGTAACGG,CTAACCCCACAGGGCAACAACAC,0,sg3
GAATCCTAAAAACTCTGCTTCGG,GATTGGTAAAAACTCTTCTTTGA,0,sg12
CCTGCCTCCGCTCTACTCACTGG,CCTGCCTCCCCGATCCTCGCTCG,0,sg7
ATGAACACCAGTGAGTAGAGCGG,AAGACCAGCAGTGAGTAGAGACA,0,sg6
TGACATCAATTATTATACATCGG,TGACATTGCTTCTTATACATCCT,0,sg10
GGGTGGGGGGAGTTTGCTCCTGG,GGGTGGGGGTAGTGTAATCCTTT,0,sg8
GAATCCTAAAAACTCTGCTTCGG,GAATTCTGGAGGCTCTGCTTCTG,0,sg12
AACACCAGTGAGTAGAGCGGAGG,CTCTCCAGTGAGTAGGGAAGAGG,0,sg1
AACACCAGTGAGTAGAGCGGAGG,GACACCAGTGAGTGGGGCCGGGT,0,sg1
AACACCAGTGAGTAGAGCGGAGG,AAAACCAGTGAGTGAAGCTGTGC,0,sg1
CCTGCCTCCGCTCTACTCACTGG,CCTGCCTCCACTCTCCCCTGTGG,0,sg7
CTTGCCCCACAGGGCAGTAACGG,CATCTCCCACAGGGCAGGAACAC,0,sg3
CTTGCCCCACAGGGCAGTAACGG,CCAGCCCCACAGGGCAGTAAAGC,0,sg3
CTTGCCCCACAGGGCAGTAACGG,CTTGGCACTCAGGGCAGTGACAA,0,sg3
GACACCGAAGCAGAGTTTTTAGG,AACAAAGAGGAAGAGTTTTTAAG,0,sg11
AAATGAGAAGAAGAGGCACAGGG,AAAAACTAAAAAGAGGCACAGGA,0,sg9
CCAGTGAGTAGAGCGGAGGCAGG,TCACTGGGGGAAGCGGAGGCAGG,0,sg2
AAATGAGAAGAAGAGGCACAGGG,CGGGGGGAAGAAGAGGGACAGGG,0,sg9
ATGAACACCAGTGAGTAGAGCGG,TCAAACACCAGTGAGAATAGTGG,0,sg6
TGACATCAATTATTATACATCGG,TGACATCAATTAAAATACAGTTA,0,sg10
GACACCGAAGCAGAGTTTTTAGG,TACATCTGAGCAGAGTTTTTAAA,0,sg11
AACACCAGTGAGTAGAGCGGAGG,AACACCAGTAAGGAGTGGGAAGT,0,sg1
AAATGAGAAGAAGAGGCACAGGG,GGATTATGAGAAGAAGCACAGGG,0,sg9
AAATGAGAAGAAGAGGCACAGGG,AAGAGAGAAGAAGAGAAACAGTG,0,sg9
CCTGCCTCCGCTCTACTCACTGG,CCTGCCTCCCCTCCCCTCTTTTG,0,sg7
CTTGCCCCACAGGGCAGTAACGG,CTTGAACCACAGGGCTGGAAAAG,0,sg3
GGTCCTGCCGCTGCTTGTCATGG,GGTCCTGCCTCCCCTAGCCAAGG,0,sg4
ATGAACACCAGTGAGTAGAGCGG,ATGAACTCCAGGGAGAAGAGAGG,1,sg6
TGACATCAATTATTATACATCGG,TAACATCAATTATTATTACATGG,0,sg10
AATGACCACTACATCCTCAAGGG,AAAGACACCTTTATCCTCAAGGA,0,sg5
AACACCAGTGAGTAGAGCGGAGG,GTGGCCAGAGAGTAGAGCTGAGG,0,sg1
CCAGTGAGTAGAGCGGAGGCAGG,CACGTGAGTAGATAGGAGGCTTG,0,sg2
AAATGAGAAGAAGAGGCACAGGG,AAATGAGAAGAAAAGCCAACTTG,0,sg9
GAATCCTAAAAACTCTGCTTCGG,GAATCCTAAAAGCTATTCTGGGA,0,sg12
TGACATCAATTATTATACATCGG,TCACATCAATTATTGTGGATGGG,0,sg10
GGGTGGGGGGAGTTTGCTCCTGG,AAGTGAGTGGAGTTTGCTCCTGC,0,sg8
CCTGCCTCCGCTCTACTCACTGG,CCAGTCTCCTCCCTACTCACTGT,0,sg7
ATGAACACCAGTGAGTAGAGCGG,CTGAAGACCAGTGAGAAGAGGGC,0,sg6
GGTCCTGCCGCTGCTTGTCATGG,GGTCCTGCCACTGCCTGCAAGGT,0,sg4
CTTGCCCCACAGGGCAGTAACGG,CTTGCCCCACATTTCATTATCTG,0,sg3
AAATGAGAAGAAGAGGCACAGGG,AAGTGAGAAGAAAAGAAACTTGG,0,sg9
TGACATCAATTATTATACATCGG,TGACACCAATTATTATAAAATTG,0,sg10
GGGTGGGGGGAGTTTGCTCCTGG,GGGTGGGGGCATTTTACACCAGT,0,sg8
AAATGAGAAGAAGAGGCACAGGG,AAATGAGAAAACCAGACTCAGAG,0,sg9
GACACCGAAGCAGAGTTTTTAGG,TAAAATGAAGCAGAGTTTGGAGG,0,sg11
CCAGTGAGTAGAGCGGAGGCAGG,GCAGCGGGAAGAGCGGAGCGAGG,0,sg2
AAATGAGAAGAAGAGGCACAGGG,CAGTGAGAAGAAGAAAAACAGGG,0,sg9
CCTGCCTCCGCTCTACTCACTGG,CCTGCCTCCCATTTTCTGACTGT,0,sg7
TGACATCAATTATTATACATCGG,TAGCATCATTTATTATACATATA,0,sg10
AAATGAGAAGAAGAGGCACAGGG,AAATGAGAAATAAAAGCACATGA,0,sg9
CCAGTGAGTAGAGCGGAGGCAGG,TGAGTGAGTAGAGACCAGGCTGG,0,sg2
TGACATCAATTATTATACATCGG,AGACATTAGACATTATACATCAG,0,sg10
CCTGCCTCCGCTCTACTCACTGG,CCTGCCTCCTTCCTACCTACTGA,0,sg7
GAATCCTAAAAACTCTGCTTCGG,GGAGCCCAAGAACTCTGCTTCAC,0,sg12
GACACCGAAGCAGAGTTTTTAGG,CCCTCAGACGCAGAGTTTTTAGT,0,sg11
TGACATCAATTATTATACATCGG,AGAATCCAATTATTATACATCTA,0,sg10
ATGAACACCAGTGAGTAGAGCGG,CTCAAAAACAGTGAGTAGAGCTA,0,sg6
AAATGAGAAGAAGAGGCACAGGG,TACCAAGAAGAAGAGACAAAGGG,0,sg9
AATGACCACTACATCCTCAAGGG,AATGACCACGACCTCCTAAAATT,0,sg5
AAATGAGAAGAAGAGGCACAGGG,AAATGAGAAGAGGAAGGAGGTGG,0,sg9
AAATGAGAAGAAGAGGCACAGGG,AAATGAGAATTAAAGGCAGAAGA,0,sg9
AAATGAGAAGAAGAGGCACAGGG,GATGGAGAAAATGAGGCACAGAG,0,sg9
AATGACCACTACATCCTCAAGGG,AGTTACAATTACATCCTCAAAAG,0,sg5
AAATGAGAAGAAGAGGCACAGGG,AAATGAGAATTTGAGGAACAAGT,0,sg9
AAATGAGAAGAAGAGGCACAGGG,AGATTGGGAGAAGAGGCACAGCC,0,sg9
AAATGAGAAGAAGAGGCACAGGG,AAATGAGAAAAAGAGGTAAAAAT,0,sg9
AATGACCACTACATCCTCAAGGG,GGTCACTACCACATCCTCAAGGC,0,sg5
AACACCAGTGAGTAGAGCGGAGG,AAGAACAGTGAGTAGCTCTGTGG,0,sg1
AAATGAGAAGAAGAGGCACAGGG,GGATGAGAAGAAGAGGGACTTGG,0,sg9
TGACATCAATTATTATACATCGG,TGACATCAATTATTGTATTTCCC,0,sg10
CTTGCCCCACAGGGCAGTAACGG,CCTGCCCCACAGGACTGTCATGA,0,sg3
AAATGAGAAGAAGAGGCACAGGG,GAAAGAGAAGAAGAGGAGAAGAG,0,sg9
AATGACCACTACATCCTCAAGGG,AACACACATAACATCCTCAAGGG,0,sg5
GGGTGGGGGGAGTTTGCTCCTGG,GGGTGGGGGGGAATTCATCCTGA,0,sg8
AAATGAGAAGAAGAGGCACAGGG,AAAGAAGAAGAGGAGGCAGGGGT,0,sg9
AACACCAGTGAGTAGAGCGGAGG,CACATGAGTGAGTAGAGGGAAGA,0,sg1
TGACATCAATTATTATACATCGG,TGACATCAAATATTATGCATTTT,0,sg10
AAATGAGAAGAAGAGGCACAGGG,AAAGAAGTAGAAGAGGCAGAGGG,0,sg9
GGGTGGGGGGAGTTTGCTCCTGG,TTGTGGGGGGAGGGTACTCTTGG,0,sg8
TGACATCAATTATTATACATCGG,AGACATCAATTATTATCAATTAT,0,sg10
ATGAACACCAGTGAGTAGAGCGG,AGAAACACTAGTGAGTAGAGGGG,1,sg6
GAATCCTAAAAACTCTGCTTCGG,AAATACGAACAGCTCTGCTTCAG,0,sg12
AAATGAGAAGAAGAGGCACAGGG,ATATGAGAAGAAGAAATACATGG,0,sg9
TGACATCAATTATTATACATCGG,TGACATCAATTACTAAAGTTTTG,0,sg10
GAATCCTAAAAACTCTGCTTCGG,GTCTCCTGTAAACTCTGCTTAAG,0,sg12
GGTCCTGCCGCTGCTTGTCATGG,GGTCCTGCCAGACCTTGCCATGG,0,sg4
AAATGAGAAGAAGAGGCACAGGG,AGTTTAGAAGAAGAGGAAGAGAG,0,sg9
GGGTGGGGGGAGTTTGCTCCTGG,GGGTGGGGGGAGCTGGCAGGTGG,0,sg8
GGTCCTGCCGCTGCTTGTCATGG,CTCCCTGCCGCTGCTTGTCACCC,0,sg4
AAATGAGAAGAAGAGGCACAGGG,AAATGCCCAGAAGAGGCACATCT,0,sg9
AATGACCACTACATCCTCAAGGG,ACTTTGCATTACATCCTCAAGGT,0,sg5
GGGTGGGGGGAGTTTGCTCCTGG,GGGAGAAGGGAAGTTGCTCCTAG,0,sg8
CCTGCCTCCGCTCTACTCACTGG,CCTGCCTCCTCTATACTGTCTTC,0,sg7
GAATCCTAAAAACTCTGCTTCGG,GTTTCCTAAAAATTCTCATTTGG,0,sg12
GGGTGGGGGGAGTTTGCTCCTGG,GGGTGGGGGGAGTGGGGGCCCAG,0,sg8
AAATGAGAAGAAGAGGCACAGGG,AAATGTCAAGAAGAGGCAGAAAA,0,sg9
AAATGAGAAGAAGAGGCACAGGG,AACTCTGACATAGAGGCACAGGG,0,sg9
CCTGCCTCCGCTCTACTCACTGG,CCTGCCTCCTTACTTCTCACTCC,0,sg7
ATGAACACCAGTGAGTAGAGCGG,AATAACTGCAGTGAGTAGTGGGG,0,sg6
AAATGAGAAGAAGAGGCACAGGG,GAGAGGGAAGAAGAGGCAGAAGG,0,sg9
AAATGAGAAGAAGAGGCACAGGG,GAAGCAGGGGAAGAGGCACAGAG,0,sg9
GACACCGAAGCAGAGTTTTTAGG,GACTTTGAAGCAGAGTATTAATG,0,sg11
AAATGAGAAGAAGAGGCACAGGG,AAATAAGAAGAAGAGAAAAAAGA,0,sg9
GGGTGGGGGGAGTTTGCTCCTGG,GGGTGGGGGGTATTTGTTCTTAA,0,sg8
CCAGTGAGTAGAGCGGAGGCAGG,CCAGTGAGTAGCCGGGCGGGACG,0,sg2
AAATGAGAAGAAGAGGCACAGGG,AATTAGGAAGACGAGGCACAGAG,0,sg9
AAATGAGAAGAAGAGGCACAGGG,ATATGATAGGAAGAGGCAGACAG,0,sg9
AATGACCACTACATCCTCAAGGG,ACTTACCACTACATCAACAAGGC,0,sg5
AAATGAGAAGAAGAGGCACAGGG,AACAGAGAAGAAGAGACAGAGAG,0,sg9
AAATGAGAAGAAGAGGCACAGGG,ACAAGACCAGAAGAGGCAGAGGG,0,sg9
CCAGTGAGTAGAGCGGAGGCAGG,CTGCTCAGTAGAGCGGAGACAAG,0,sg2
AAATGAGAAGAAGAGGCACAGGG,GAGTGGGAACAGGAGGCACAGGT,0,sg9
TGACATCAATTATTATACATCGG,TGGAAACAATTATTACACACTGG,0,sg10
AAATGAGAAGAAGAGGCACAGGG,AAATGAGAAGAACTGAAACAGAG,0,sg9
AAATGAGAAGAAGAGGCACAGGG,AGATGAGAAGAAAAGACAAAAAG,0,sg9
GAATCCTAAAAACTCTGCTTCGG,GAATTCTGGAATCTCTGCTTCTT,0,sg12
GGGTGGGGGGAGTTTGCTCCTGG,GGGTTGGGGGAGTTTGGTATTGA,0,sg8
TGACATCAATTATTATACATCGG,TCACTTTAATTATTATACATAAA,0,sg10
CCTGCCTCCGCTCTACTCACTGG,CCTTATTCCCAACTACTCACTGG,0,sg7
GGGTGGGGGGAGTTTGCTCCTGG,GGTTTGGGGTGTTTTGCTCCTAG,0,sg8
AAATGAGAAGAAGAGGCACAGGG,AGAGGAGAGAATGAGGCACAGTG,0,sg9
GGGTGGGGGGAGTTTGCTCCTGG,GGGTGGGGGCAGTGGGCTCATGG,0,sg8
GGGTGGGGGGAGTTTGCTCCTGG,TGGGTGGGGGAGTATGCTTCTGT,0,sg8
GGGTGGGGGGAGTTTGCTCCTGG,GGGGTGGGGGAGTTTGCTCTCAC,0,sg8
CTTGCCCCACAGGGCAGTAACGG,CTTGCCCCACTGGGCAGGAGGGC,0,sg3
AACACCAGTGAGTAGAGCGGAGG,AACACCAGTAAGTACTGAGAAGT,0,sg1
AAATGAGAAGAAGAGGCACAGGG,CACTGGGAAGCCGAGGCACAGAG,0,sg9
AAATGAGAAGAAGAGGCACAGGG,ACATGTGAAGAAGAGGCATGAGG,0,sg9
AAATGAGAAGAAGAGGCACAGGG,AAATGAGAATAAGATGCTCTGAA,0,sg9
AAATGAGAAGAAGAGGCACAGGG,AGATAAGCAGAAGAGGCAAAGGA,0,sg9
GGGTGGGGGGAGTTTGCTCCTGG,GGGTGGGGGGTGTTGGCACATCC,0,sg8
GACACCGAAGCAGAGTTTTTAGG,GATAGCAAAAAGGAGTTTTTAGG,0,sg11
AAATGAGAAGAAGAGGCACAGGG,AAATGAGAAAATTAAGCACATGC,0,sg9
GGGTGGGGGGAGTTTGCTCCTGG,GGGTGGGGGAAAATCACCCCTGG,0,sg8
AATGACCACTACATCCTCAAGGG,CACATCCACTACATCCTCAAAGA,0,sg5
AAATGAGAAGAAGAGGCACAGGG,AAAAGAGAGGAAGAAGAAGAGAG,0,sg9
AAATGAGAAGAAGAGGCACAGGG,AAAAGAGAAGAAGAGGAGGGGGA,0,sg9
AAATGAGAAGAAGAGGCACAGGG,AACTGAGAAGAAAAAGAATAGAG,0,sg9
AATGACCACTACATCCTCAAGGG,AATGACCACACCCTCTTCACAGG,0,sg5
CTTGCCCCACAGGGCAGTAACGG,AGTGCCACACAGGGCAGTATTGA,0,sg3
GGGTGGGGGGAGTTTGCTCCTGG,GGGTGGGGGGGGCTTGCGGCAGC,0,sg8
GAATCCTAAAAACTCTGCTTCGG,GAATCCTAAAAAATCTTCAATGG,0,sg12
AAATGAGAAGAAGAGGCACAGGG,ATAAAAAAAGAAGAGGCACAGTG,0,sg9
ATGAACACCAGTGAGTAGAGCGG,ATGCAAACCAGTGAGTAGCGAGA,0,sg6
CCTGCCTCCGCTCTACTCACTGG,TCTGTCCCCCAGCTACTCACTGG,0,sg7
AACACCAGTGAGTAGAGCGGAGG,AACCCCAGAGAGTAGAGCTTATG,0,sg1
CCTGCCTCCGCTCTACTCACTGG,CTGACCTCCGTACTACTCACTGG,0,sg7
AATGACCACTACATCCTCAAGGG,TGTGACCACTACAGCCACAAAGT,0,sg5
ATGAACACCAGTGAGTAGAGCGG,ATGCCCACCAGTGAGAAGAGGGA,0,sg6
AACACCAGTGAGTAGAGCGGAGG,AACACTAGTGAGTAGCGGGGGAA,0,sg1
CCTGCCTCCGCTCTACTCACTGG,CCTGCCTCCTCTGTAATTAGTGA,0,sg7
AAATGAGAAGAAGAGGCACAGGG,ATAAGAGAAGAAGAGGCTGAGGG,0,sg9
AATGACCACTACATCCTCAAGGG,AAAGCTACCTACATCCTCAGGGG,0,sg5
AAATGAGAAGAAGAGGCACAGGG,ATAGGCTGAGATGAGGCACAGGG,0,sg9
TGACATCAATTATTATACATCGG,TTAAATCAACAATTATACATCAA,0,sg10
AAATGAGAAGAAGAGGCACAGGG,TTCTGAGAAGAAAGGGCACAGGC,0,sg9
AAATGAGAAGAAGAGGCACAGGG,AAATGAGAACAAGTGAGTCAAGG,0,sg9
GGTCCTGCCGCTGCTTGTCATGG,GCTGCTGCTGCTGCTTGTAATAA,0,sg4
GGGTGGGGGGAGTTTGCTCCTGG,GGGTGGGGGAATTTTATCCCTAG,0,sg8
GAATCCTAAAAACTCTGCTTCGG,GTTTCATAAAAACTCTTCTTTGT,0,sg12
CTTGCCCCACAGGGCAGTAACGG,CTTGCCCCAGAGTGCATATACAG,0,sg3
AAATGAGAAGAAGAGGCACAGGG,AAATGAGAAGATGATTGGCAGGT,0,sg9
CTTGCCCCACAGGGCAGTAACGG,GTTTCCCCACAGGGCTGGGAGGG,0,sg3
GGTCCTGCCGCTGCTTGTCATGG,AGCTATACCCCTGCTTGTCATGG,0,sg4
GGTCCTGCCGCTGCTTGTCATGG,GGTCCTGCCCTAGCCTGTCATTG,0,sg4
GGGTGGGGGGAGTTTGCTCCTGG,GATTTAGGGGAGTTTGCTCATGT,0,sg8
AATGACCACTACATCCTCAAGGG,AATGACCACTCCTTTCTCAAAGC,0,sg5
GACACCGAAGCAGAGTTTTTAGG,AACCCGGAAGCAGAGGTTTCAGA,0,sg11
CCAGTGAGTAGAGCGGAGGCAGG,CTAGTGAGTAGAGGCCAGGCATG,0,sg2
CCTGCCTCCGCTCTACTCACTGG,CCTGCCTCCTCTCCACTCCTGAG,0,sg7
CCAGTGAGTAGAGCGGAGGCAGG,GAAGTGAGTAGAGTGTAGGATGG,0,sg2
ATGAACACCAGTGAGTAGAGCGG,ATTAAAACCAGTGAGTATGGCTG,0,sg6
GGTCCTGCCGCTGCTTGTCATGG,GGTCCTGCCTCAGCCTCTCAAGT,0,sg4
GACACCGAAGCAGAGTTTTTAGG,AACAACTAAGGAGAGTTTTTAAA,0,sg11
TGACATCAATTATTATACATCGG,TGAAAGTGATTTTTATACATCAG,0,sg10
GGGTGGGGGGAGTTTGCTCCTGG,GGGTGGGGGGCGGAGGCTCCTCG,0,sg8
AAATGAGAAGAAGAGGCACAGGG,TCTTCAGAGGAAGAGGCACAGGC,0,sg9
AAATGAGAAGAAGAGGCACAGGG,CAGTGAGAAGAAGAAGCACAAGA,0,sg9
AAATGAGAAGAAGAGGCACAGGG,GAGAGAGAAGATGAGGCACAGAA,0,sg9
GACACCGAAGCAGAGTTTTTAGG,GGGACAGAAGCAGAGTTTGAGGG,0,sg11
ATGAACACCAGTGAGTAGAGCGG,AAGACCACCAGTGAGGAAATGGG,0,sg6
AAATGAGAAGAAGAGGCACAGGG,AAGTGGGGATAAGAGGCACAGCT,0,sg9
AAATGAGAAGAAGAGGCACAGGG,GAGAGAGATGGAGAGGCACAGAG,0,sg9
AAATGAGAAGAAGAGGCACAGGG,AAATGAGAAGAGGATGCAGTGTA,0,sg9
TGACATCAATTATTATACATCGG,TGACATCAATTCTTTGACAAACG,0,sg10
GGGTGGGGGGAGTTTGCTCCTGG,GGGTGGGGGGAGTTGATGGCTGC,0,sg8
AAATGAGAAGAAGAGGCACAGGG,ACATGAGAACAAGAGGCACAGAA,0,sg9
ATGAACACCAGTGAGTAGAGCGG,ATGAACACCAGTTATATTAGCAG,0,sg6
AAATGAGAAGAAGAGGCACAGGG,AACCCACAGGAAGAGGCAGAGGG,0,sg9
AAATGAGAAGAAGAGGCACAGGG,AAATGAGAAATACAGGCAGTGAG,0,sg9
GGGTGGGGGGAGTTTGCTCCTGG,GGTTGGGTGGGTTTTGCTCCTTA,0,sg8
AAATGAGAAGAAGAGGCACAGGG,AAGTGGGAAGAAGAGATATAGGA,0,sg9
AAATGAGAAGAAGAGGCACAGGG,AAGGAAGAGGAAGAGGCAGAGGA,0,sg9
AAATGAGAAGAAGAGGCACAGGG,AAATGAGAAGAAGAAGAAAAAAA,0,sg9
GGTCCTGCCGCTGCTTGTCATGG,GGTCCTGCCTATGCTTTTCACAT,0,sg4
AATGACCACTACATCCTCAAGGG,ATTGACCACTACTTATTCACAGG,0,sg5
GGGTGGGGGGAGTTTGCTCCTGG,GGGTGGGGGGTGTCGGTGCCCGG,0,sg8
GGTCCTGCCGCTGCTTGTCATGG,GGTCCTGCCGCTGCTCCCCGGAG,0,sg4
GGGTGGGGGGAGTTTGCTCCTGG,GGGTGGGGGGCGCTTGCCCTTAG,0,sg8
AAATGAGAAGAAGAGGCACAGGG,AAATGAGAAGAAATGACCTGGGG,0,sg9
GGTCCTGCCGCTGCTTGTCATGG,GGTCCTGCCCCCGCCTCTGAGGG,0,sg4
GGTCCTGCCGCTGCTTGTCATGG,ACTCTTGTCGCTGCTTGTCCTGC,0,sg4
GGGTGGGGGGAGTTTGCTCCTGG,GAGGGGTGGGGGTTGGCTTCTGG,0,sg8
CCAGTGAGTAGAGCGGAGGCAGG,CCAGTGAGTAGAGGGGAGTGGGC,0,sg2
GGGTGGGGGGAGTTTGCTCCTGG,GGGTGGGGGTAGTGTCTTCCAGG,0,sg8
AAATGAGAAGAAGAGGCACAGGG,AAATGAGAAAAAGATGCCCCTTG,0,sg9
AATGACCACTACATCCTCAAGGG,ATGGATCACTACATCCTCAACCT,0,sg5
CCTGCCTCCGCTCTACTCACTGG,CCTTTATCCCCTCTACTCACTTT,0,sg7
AATGACCACTACATCCTCAAGGG,AATGACCACTACATACTAGAAAC,0,sg5
AAATGAGAAGAAGAGGCACAGGG,ATTTTGGAGGGAGAGGCACAGGG,0,sg9
GGTCCTGCCGCTGCTTGTCATGG,GGCCATGCTGCTGCTTGTCTAGG,0,sg4
CCTGCCTCCGCTCTACTCACTGG,CCTGCCTCCACTCCACACACCCT,0,sg7
GGGTGGGGGGAGTTTGCTCCTGG,GGGTGGGGGGACTGGGGTCTAGG,0,sg8
ATGAACACCAGTGAGTAGAGCGG,ATGAACACCAGTGAGCAGCTGCT,0,sg6
AAATGAGAAGAAGAGGCACAGGG,CACACAGGAGAAGAGGCACAGGT,0,sg9
AAATGAGAAGAAGAGGCACAGGG,AACTGAGAAGAAGACCCACAACT,0,sg9
AAATGAGAAGAAGAGGCACAGGG,AAATGAGAAGAAGAGATACCCAA,0,sg9
GGGTGGGGGGAGTTTGCTCCTGG,TGGATGGGGGAGTTTGTTCCTTT,0,sg8
AAATGAGAAGAAGAGGCACAGGG,AAATGAGAAGAAGCCAAATAGGA,0,sg9
AAATGAGAAGAAGAGGCACAGGG,AAAAGGGAAGAAGAGAGAAAGGG,0,sg9
GACACCGAAGCAGAGTTTTTAGG,GGGACTCACGGAGAGTTTTTAGG,0,sg11
GGTCCTGCCGCTGCTTGTCATGG,TGTCCTGCCGCTATGGGTCGTGG,0,sg4
AATGACCACTACATCCTCAAGGG,CATTAAAATCACATCCTCAAGGG,0,sg5
GAATCCTAAAAACTCTGCTTCGG,GAAGACTCAAAACTCTGCTCCTG,0,sg12
CCTGCCTCCGCTCTACTCACTGG,CCTGCCTCCTCTCTTTTCTCTCT,0,sg7
GAATCCTAAAAACTCTGCTTCGG,GAATCCTAAAAATCCCGTTAGGG,0,sg12
GACACCGAAGCAGAGTTTTTAGG,GAAACTTAGGCAGAGTTTTTATA,0,sg11
CCTGCCTCCGCTCTACTCACTGG,CCTGCCTCCCAGGTCCTCACTGT,0,sg7
GGGTGGGGGGAGTTTGCTCCTGG,GGATGGGGGGAGTGTGGGCGAGG,0,sg8
GAATCCTAAAAACTCTGCTTCGG,GGGTACTAAAAACTCTGCTGAGG,0,sg12
AAATGAGAAGAAGAGGCACAGGG,ATGTGGGAAGAAGAGATGCAGGG,0,sg9
TGACATCAATTATTATACATCGG,TGACATCAACTAGTACACTGCAG,0,sg10
GAATCCTAAAAACTCTGCTTCGG,GAATCATAAAAACTCTTGGTCTT,0,sg12
CCAGTGAGTAGAGCGGAGGCAGG,CCAGTGAGTTGGGCAGGGGCAGG,0,sg2
GGGTGGGGGGAGTTTGCTCCTGG,GTTTGGGGGGAGGTGGTGCCTGG,0,sg8
AACACCAGTGAGTAGAGCGGAGG,GATACCAGTGAGTTGAAGGGAGT,0,sg1
CTTGCCCCACAGGGCAGTAACGG,CCTCCAATACAGGGCAGTAAAGG,0,sg3
CCTGCCTCCGCTCTACTCACTGG,GCTGCCTCCGCTCACGTCGTTGG,0,sg7
AAATGAGAAGAAGAGGCACAGGG,ACATGTCAACCAGAGGCACAGCG,0,sg9
TGACATCAATTATTATACATCGG,TGAAAATAATTATTATACAAATG,0,sg10
GAATCCTAAAAACTCTGCTTCGG,GGCTTCTCAAAACTCTGCTTAGG,0,sg12
CCAGTGAGTAGAGCGGAGGCAGG,CCAGTGAGTAATATGGAGGGAGG,0,sg2
AAATGAGAAGAAGAGGCACAGGG,ATCTGGGAAGAAGAGTAACATGG,0,sg9
AAATGAGAAGAAGAGGCACAGGG,AAATGAGAAGAAAAGGATTCCGG,0,sg9
AAATGAGAAGAAGAGGCACAGGG,AAATGAGAAGCTGCGGCTGAGAG,0,sg9
AAATGAGAAGAAGAGGCACAGGG,AGAAGAGGAGAAGAGGCACAGAC,0,sg9
AAATGAGAAGAAGAGGCACAGGG,AAATGAGAAGACAAGTCACAGAT,0,sg9
AAATGAGAAGAAGAGGCACAGGG,TTCTGGGGAGCAGAGGCACAGGG,0,sg9
AAATGAGAAGAAGAGGCACAGGG,AGCTGGGAAGAAGAGGCTCAGTT,0,sg9
AAATGAGAAGAAGAGGCACAGGG,AAACCAGATGAAGAGGCAGAGCA,0,sg9
GAATCCTAAAAACTCTGCTTCGG,CACTCCCAGAGACTCTGCTTCAG,0,sg12
AAATGAGAAGAAGAGGCACAGGG,AAATGAGAAACCGAGGCTCAGAG,0,sg9
AACACCAGTGAGTAGAGCGGAGG,AACACCAGTGAGTACAGTGCCTT,0,sg1
AAATGAGAAGAAGAGGCACAGGG,TATTGATAAAATGAGGCACAGGG,0,sg9
GACACCGAAGCAGAGTTTTTAGG,GACTGGGAAGCTGAGTTTTTATG,0,sg11
AAATGAGAAGAAGAGGCACAGGG,TGAAGAGAAGAAGAGACACTGGC,0,sg9
GGGTGGGGGGAGTTTGCTCCTGG,GGGTGGGGGGTGGAGGCTGCTGG,0,sg8
CTTGCCCCACAGGGCAGTAACGG,CCTGCCCCACAGGCTATCAACTG,0,sg3
AATGACCACTACATCCTCAAGGG,CCAGCCCACGGCATCCTCAAGGG,0,sg5
AATGACCACTACATCCTCAAGGG,AGTGAACATCACATCCTCAAGTT,0,sg5
AAATGAGAAGAAGAGGCACAGGG,AAATGAGAAAATGAGGCAAGTGT,0,sg9
GGTCCTGCCGCTGCTTGTCATGG,GATGCTGGTGCTGCTTGTCTGGG,0,sg4
GGTCCTGCCGCTGCTTGTCATGG,GGTGCTGCCGCTGCTGCTGCTGG,0,sg4
CCAGTGAGTAGAGCGGAGGCAGG,CCAGAGCACAGTGCGGAGGCAGG,0,sg2
CTTGCCCCACAGGGCAGTAACGG,CTTGCCCCAGAGGGAAGGACAGA,0,sg3
AAATGAGAAGAAGAGGCACAGGG,TTATGGGAAACTGAGGCACAGGG,0,sg9
AAATGAGAAGAAGAGGCACAGGG,GAATGAGAAGAAGCCACTCTGGG,0,sg9
CTTGCCCCACAGGGCAGTAACGG,TTCCCCCCACAGGGCAGCCCCGG,0,sg3
AAATGAGAAGAAGAGGCACAGGG,AAAGCAGAAACTGAGGCACAGCG,0,sg9
TGACATCAATTATTATACATCGG,GGACATTATTTATTATACATTTT,0,sg10
AAATGAGAAGAAGAGGCACAGGG,ACATGAGAAGAAAACAAATAGGG,0,sg9
AAATGAGAAGAAGAGGCACAGGG,ACATTAGAAGAAGAGGAACATTT,0,sg9
CTTGCCCCACAGGGCAGTAACGG,TTTGACCAACAGGGCAGTTATGT,0,sg3
AACACCAGTGAGTAGAGCGGAGG,AAAAGCAGTCTTTAGAGCGGATG,0,sg1
AAATGAGAAGAAGAGGCACAGGG,AAGAAAGAAGAAGAAGAAGAGGG,0,sg9
CTTGCCCCACAGGGCAGTAACGG,CCCACCCCACAGGGCCGTAGCTG,0,sg3
AAATGAGAAGAAGAGGCACAGGG,AAATGAGAACTAGAGACAAAGAC,0,sg9
CCTGCCTCCGCTCTACTCACTGG,CCTGCCTCCTCTCCCCTCCCAGC,0,sg7
CCTGCCTCCGCTCTACTCACTGG,CATCACTGGCCTCTACTCACTGG,0,sg7
AAATGAGAAGAAGAGGCACAGGG,AAATGAGAATTAAAGGAATGGGG,0,sg9
AACACCAGTGAGTAGAGCGGAGG,ACCACCAGTGAGGAGGTCGTTGG,0,sg1
ATGAACACCAGTGAGTAGAGCGG,ATCAGCACCAGTGAGTAGGGCTA,0,sg6
TGACATCAATTATTATACATCGG,TGACATCAATTGTTAGACATTAA,0,sg10
CTTGCCCCACAGGGCAGTAACGG,CTGGCTCCACAGGGCAGGCAGTG,0,sg3
AAATGAGAAGAAGAGGCACAGGG,GAATGCGAAGAAGAGCCACAGAC,0,sg9
AATGACCACTACATCCTCAAGGG,AATGACCACCCCGCCCTCATGGG,0,sg5
GACACCGAAGCAGAGTTTTTAGG,TGGCCCGGAGCAGAGTTTTTAAG,0,sg11
GGGTGGGGGGAGTTTGCTCCTGG,GGGTGGGGGGACTGTGCACGAGT,0,sg8
GACACCGAAGCAGAGTTTTTAGG,GAAACTGAAGCAGAGAGTTTAAC,0,sg11
TGACATCAATTATTATACATCGG,TTAAATCAATTATTAGCCATCTT,0,sg10
GGGTGGGGGGAGTTTGCTCCTGG,GGGTGGGGGATTCTGGCTGCTGG,0,sg8
AAATGAGAAGAAGAGGCACAGGG,AAGCGGGACGGAGAGGCACAGGC,0,sg9
GACACCGAAGCAGAGTTTTTAGG,TACAGGGAAGCAGAGATTCTAAG,0,sg11
AAATGAGAAGAAGAGGCACAGGG,AGGTGAGGGGACGAGGCACAGGA,0,sg9
AAATGAGAAGAAGAGGCACAGGG,GATTGAGAAGAAAAGGCATTAGG,0,sg9
GGGTGGGGGGAGTTTGCTCCTGG,GGGTGGGGGTGGGGAGATCCTGG,0,sg8
AACACCAGTGAGTAGAGCGGAGG,ATTACTAGTGAGTAGAGAGAGGG,0,sg1
GACACCGAAGCAGAGTTTTTAGG,GCCACCGAAGCAGAAAGTGTAGA,0,sg11
AATGACCACTACATCCTCAAGGG,TATGACCACTACAGCCTCACTAG,0,sg5
AAATGAGAAGAAGAGGCACAGGG,GAATAGGAAGAAGAGGGTCTGGG,0,sg9
AAATGAGAAGAAGAGGCACAGGG,AGAAGGGAAGAAGAGACACTGGG,0,sg9
AAATGAGAAGAAGAGGCACAGGG,AAATGAGAAGAGTCAGCTCAGAG,0,sg9
AAATGAGAAGAAGAGGCACAGGG,GAAAGAGAAGAAGAGGGCCATGA,0,sg9
AATGACCACTACATCCTCAAGGG,CATCTCCACCTCATCCTCAAGGC,0,sg5
ATGAACACCAGTGAGTAGAGCGG,CAGAGGCCCAGTGAGTAGAGGGG,0,sg6
GGGTGGGGGGAGTTTGCTCCTGG,GCGTGGGGGGAGTATGTGGTTGG,0,sg8
AAATGAGAAGAAGAGGCACAGGG,AAGTGAGATTCAGAGGCACAGTC,0,sg9
AAATGAGAAGAAGAGGCACAGGG,AAAAAAGAAGAAGAGACGCAGGA,0,sg9
CCTGCCTCCGCTCTACTCACTGG,CCTGCCTCCTGTGTCCTCTCTAG,0,sg7
CCAGTGAGTAGAGCGGAGGCAGG,GCAGGGAGGCAGGCGGAGGCAGG,0,sg2
GACACCGAAGCAGAGTTTTTAGG,GAAACAGTACCAGAGTTTTTATC,0,sg11
CCAGTGAGTAGAGCGGAGGCAGG,CCAGTGAGTAGAGGTTTGAGAGG,0,sg2
AAATGAGAAGAAGAGGCACAGGG,CAAAATGAGGAAGAGGCACAGGG,0,sg9
AAATGAGAAGAAGAGGCACAGGG,AAGAGGGAAGAAGAGAGAAAGGG,0,sg9
ATGAACACCAGTGAGTAGAGCGG,ATTCAGCTCAGTGAGTAGAGGGG,0,sg6
CCAGTGAGTAGAGCGGAGGCAGG,TCACCTAGAGGAGCGGAGGCAGG,0,sg2
CCTGCCTCCGCTCTACTCACTGG,CCTGCCTCCTCTCTCCAACTTGG,0,sg7
CCTGCCTCCGCTCTACTCACTGG,CCTGCCTCCCCTTCACTTTCTGC,0,sg7
GGGTGGGGGGAGTTTGCTCCTGG,GGGTGGGGGGATTTTTTTCAAGG,0,sg8
GAATCCTAAAAACTCTGCTTCGG,TAATGTTAAAATCTCTGCTTCAG,0,sg12
AAATGAGAAGAAGAGGCACAGGG,TATTGTGAAGAAGAGGCCCAGGG,0,sg9
AAATGAGAAGAAGAGGCACAGGG,CAGTTAGAGGAAGAGGCACACGC,0,sg9
AAATGAGAAGAAGAGGCACAGGG,ACAGGAGAAGAAGAGGAGCAGGC,0,sg9
GGGTGGGGGGAGTTTGCTCCTGG,GGGTGGGGGGACTGTGCTCTAGT,0,sg8
AACACCAGTGAGTAGAGCGGAGG,ATAAACAGTGAGTAGAACAGTGG,0,sg1
ATGAACACCAGTGAGTAGAGCGG,GTGAACACCAGTTAGTAGAAAAA,0,sg6
AAATGAGAAGAAGAGGCACAGGG,GAATGAGGAGCTGAGGCACAGAG,0,sg9
GAATCCTAAAAACTCTGCTTCGG,TAGTCCTTAAGACTCTGCTTCCA,0,sg12
AAATGAGAAGAAGAGGCACAGGG,GAAGGAGAAAAAGAGGCACAGGA,0,sg9
TGACATCAATTATTATACATCGG,ACACATCAATTATTTTAAATCAC,0,sg10
GACACCGAAGCAGAGTTTTTAGG,GATACAGAAGCAGAGACTTTCGT,0,sg11
CCAGTGAGTAGAGCGGAGGCAGG,CCACTTTGGAAGGCGGAGGCAGG,0,sg2
GGGTGGGGGGAGTTTGCTCCTGG,GGGTGGGGGGAGTGTTTGGCAGG,0,sg8
GACACCGAAGCAGAGTTTTTAGG,GAAAAATAAGCAGAGTTTCAAGG,0,sg11
GGTCCTGCCGCTGCTTGTCATGG,GGCCCTGCCGCTGCACGCCCAGG,0,sg4
AAATGAGAAGAAGAGGCACAGGG,AAAGGCAAAGAAGAGGCAGGGGC,0,sg9
CTTGCCCCACAGGGCAGTAACGG,CCAGCCCCACAGGGCAGGGAGAG,0,sg3
CCTGCCTCCGCTCTACTCACTGG,CAAAAGTCCCCTCTACTCACTGG,0,sg7
CCTGCCTCCGCTCTACTCACTGG,CCAGCCTCAGCTCTACTCAGTAC,0,sg7
GACACCGAAGCAGAGTTTTTAGG,GACAAAGAAGCAGAGCATGTAAG,0,sg11
GAATCCTAAAAACTCTGCTTCGG,AAATCCTAAAAATGCTGCTGATG,0,sg12
CTTGCCCCACAGGGCAGTAACGG,CTTACCCCACAGGGCAGCATTAC,0,sg3
AACACCAGTGAGTAGAGCGGAGG,GGCAGCAGTGAGTAGAGCTGATG,0,sg1
GGTCCTGCCGCTGCTTGTCATGG,GATCCTGCCGTTGCCTGTCATGG,1,sg4
GAATCCTAAAAACTCTGCTTCGG,GATGACTTGAAACTCTGCTTCAG,0,sg12
AAATGAGAAGAAGAGGCACAGGG,AAATGAGAAGGCAAGGGACAGAC,0,sg9
CCTGCCTCCGCTCTACTCACTGG,CCCCACTCCGCTCTACGCGCTGA,0,sg7
AAATGAGAAGAAGAGGCACAGGG,AAATGAGAAGAAGAGACCAGGTG,0,sg9
GACACCGAAGCAGAGTTTTTAGG,CATACCTGCACAGAGTTTTTAGG,0,sg11
AAATGAGAAGAAGAGGCACAGGG,AAATGAGAAGAAAAGAAACACTG,0,sg9
GGGTGGGGGGAGTTTGCTCCTGG,TGGTGGGGGGAGGAGGGTGCTGG,0,sg8
AAATGAGAAGAAGAGGCACAGGG,TCCTGGGGAGAAGAGGCACAGAG,0,sg9
AACACCAGTGAGTAGAGCGGAGG,AGAAACAGAGAGTAGAGCAGTGG,0,sg1
GGGTGGGGGGAGTTTGCTCCTGG,GGGTGGGGGGTGTTTGGGAATGT,0,sg8
CCAGTGAGTAGAGCGGAGGCAGG,CCAGTGAGTAGCTGGGGGACAGA,0,sg2
AAATGAGAAGAAGAGGCACAGGG,TGAAAAGAAAAGGAGGCACAGGG,0,sg9
GAATCCTAAAAACTCTGCTTCGG,CAACCCTAAAAACTCTGCTTGTT,0,sg12
GACACCGAAGCAGAGTTTTTAGG,GACCCTGAAGCAGAGATTCAAGG,0,sg11
AATGACCACTACATCCTCAAGGG,AATGACCACTTCCTTCTCAGGGA,0,sg5
AAATGAGAAGAAGAGGCACAGGG,AAATGAGAACTGAAACCACAGGG,0,sg9
ATGAACACCAGTGAGTAGAGCGG,ATAGAAAGCAGAGAGTAGAGCAG,0,sg6
AAATGAGAAGAAGAGGCACAGGG,AATAGAGAAGAAGAGCAAGAGGA,0,sg9
AAATGAGAAGAAGAGGCACAGGG,AAAAGAGAAGAAGAGAATTAGCG,0,sg9
GGGTGGGGGGAGTTTGCTCCTGG,GCATGGGGGGAGGGTGTACCTGG,0,sg8
AAATGAGAAGAAGAGGCACAGGG,AAATGAGAAGAAAAGTGACTCGC,0,sg9
TGACATCAATTATTATACATCGG,TCAAATCAATTATTATGCAAATG,0,sg10
CTTGCCCCACAGGGCAGTAACGG,AATGCCCCACAGAGCAGAAGCGT,0,sg3
AAATGAGAAGAAGAGGCACAGGG,ATAAGAGAAGAAGAGCAACTTGG,0,sg9
CCTGCCTCCGCTCTACTCACTGG,CCAGCCTGTGCTCTACTCCCTGT,0,sg7
GGGTGGGGGGAGTTTGCTCCTGG,GGGTGGGGGCAGAAAGCTCAAGG,0,sg8
GAATCCTAAAAACTCTGCTTCGG,GACTGATAAAAACTCTCCTTCAC,0,sg12
TGACATCAATTATTATACATCGG,TGACATCAAGAACTCTACAGTGG,0,sg10
TGACATCAATTATTATACATCGG,AAAGATCAATTATTATCCATTTG,0,sg10
AAATGAGAAGAAGAGGCACAGGG,AAAAGAGAAGAAGAGGAACTATA,0,sg9
AACACCAGTGAGTAGAGCGGAGG,AAGAAAAGTGAGTAGAAAGGGGG,0,sg1
TGACATCAATTATTATACATCGG,TGACATCAATTATTTGTCTTCAT,0,sg10
AAATGAGAAGAAGAGGCACAGGG,AAATGAGCACAAGCAGCACAGAG,0,sg9
AAATGAGAAGAAGAGGCACAGGG,AAATGAGCGACAGAGGCACAGAT,0,sg9
TGACATCAATTATTATACATCGG,TGATATCAAAGTTTATACATCCC,0,sg10
GGGTGGGGGGAGTTTGCTCCTGG,GTCTTGGGGGAGTTTGGGCATGG,0,sg8
AAATGAGAAGAAGAGGCACAGGG,AAATGAGAAAAACAGTCTCAGAA,0,sg9
GGTCCTGCCGCTGCTTGTCATGG,GGTCCTGCCGCTCCTTGTTATTA,0,sg4
CCTGCCTCCGCTCTACTCACTGG,CCTGACCCATCCCTACTCACTGG,0,sg7
CCAGTGAGTAGAGCGGAGGCAGG,TCAGTGGCGAGGGCGGAGGCAAG,0,sg2
ATGAACACCAGTGAGTAGAGCGG,TTGAACACCAGTTAGATGAACAG,0,sg6
GGGTGGGGGGAGTTTGCTCCTGG,GGGTGGGGGGTGTATACACCCTG,0,sg8
GGTCCTGCCGCTGCTTGTCATGG,GCTCCTGCCGCTGCTCCACAGAG,0,sg4
AATGACCACTACATCCTCAAGGG,AATGACCACAACATAATGACAGG,0,sg5
GAATCCTAAAAACTCTGCTTCGG,GAATCCTAAAAACTTGAAGTTGG,0,sg12
AATGACCACTACATCCTCAAGGG,AATGACCACTACATTTTCTACTC,0,sg5
GAATCCTAAAAACTCTGCTTCGG,GAATCCTAAATACATTTTTTCAG,0,sg12
CCTGCCTCCGCTCTACTCACTGG,GGGGGCTCCGTGCTACTCACTGG,0,sg7
TGACATCAATTATTATACATCGG,GGACATCTCTTATTATACCTCTC,0,sg10
AAATGAGAAGAAGAGGCACAGGG,AAATGAGAAAAATTGACACATGA,0,sg9
AAATGAGAAGAAGAGGCACAGGG,GATTGTGAGGCAGAGGCACAGAG,0,sg9
AAATGAGAAGAAGAGGCACAGGG,AAGGGAGAAGAAGAGGAAGAAGA,0,sg9
ATGAACACCAGTGAGTAGAGCGG,ACTAAAACCAGTGAGGAGAGGTG,0,sg6
ATGAACACCAGTGAGTAGAGCGG,ATGTACACCAGTGAGCTCAGGGA,0,sg6
TGACATCAATTATTATACATCGG,AGCAATTAATTATTATACATAGT,0,sg10
AAATGAGAAGAAGAGGCACAGGG,AAGTGGGAAGAAGAGCTACTGTG,0,sg9
CCTGCCTCCGCTCTACTCACTGG,CCTGCCTCCGCTAAATGGACCGG,0,sg7
TGACATCAATTATTATACATCGG,TGACATCAATAAATATATAATGA,0,sg10
AAATGAGAAGAAGAGGCACAGGG,AAATGAGAAGGAAGGGGAAAGGA,0,sg9
AAATGAGAAGAAGAGGCACAGGG,AAATGAGAAACATTGCCACTGGG,0,sg9
GAATCCTAAAAACTCTGCTTCGG,GAGTCCTAAAAACTACTCTTCCA,0,sg12
ATGAACACCAGTGAGTAGAGCGG,ATGAACACCAAGGAGATGAGCAC,0,sg6
AATGACCACTACATCCTCAAGGG,AATGACCACAGCATTTTCAAAAG,0,sg5
TGACATCAATTATTATACATCGG,TACCAACATGTATTATACATCTG,0,sg10
GAATCCTAAAAACTCTGCTTCGG,GCATCTGCAAAACTCTGCTTCCA,0,sg12
CTTGCCCCACAGGGCAGTAACGG,CTTGCCCCACAGGTCATTAATAG,0,sg3
ATGAACACCAGTGAGTAGAGCGG,CTCATCTCCAGCGAGTAGAGCCG,0,sg6
CCTGCCTCCGCTCTACTCACTGG,GCTGCCTCCGCTGCACTCTCTAT,0,sg7
ATGAACACCAGTGAGTAGAGCGG,ATGAACACCATAGAAGAGACTGG,0,sg6
AAATGAGAAGAAGAGGCACAGGG,GCAGGAGTAGAAGAGGCAGTGGG,0,sg9
GGGTGGGGGGAGTTTGCTCCTGG,GGGTGGGGGGGGTTTGAGAAAGG,0,sg8
AAATGAGAAGAAGAGGCACAGGG,GAGTGAGAAGAAAAAGCAGAGGG,0,sg9
GGGTGGGGGGAGTTTGCTCCTGG,GGTTGGGGGGAGGTCTCTCCTCC,0,sg8
AAATGAGAAGAAGAGGCACAGGG,GAATTAGAAGAAGAGACACACTG,0,sg9
GACACCGAAGCAGAGTTTTTAGG,GAAACTGAAGCAGAGTGTTCAGT,0,sg11
CTTGCCCCACAGGGCAGTAACGG,GCTGCACCACAGGGCAGTTATGC,0,sg3
AAATGAGAAGAAGAGGCACAGGG,AGAAGAGAAGAAGAGACAGAGAC,0,sg9
AAATGAGAAGAAGAGGCACAGGG,GAGTTGGAAGAAGAGGCAGAAGG,0,sg9
AACACCAGTGAGTAGAGCGGAGG,AATTCCATTGAGTAGAGCTCAGT,0,sg1
AAATGAGAAGAAGAGGCACAGGG,CAATGGAAGGTAGAGGCACAGGT,0,sg9
TGACATCAATTATTATACATCGG,AGACATCAATTAATACACGTAAG,0,sg10
AAATGAGAAGAAGAGGCACAGGG,ATATTAGAAGAAGAGGAAGAGAG,0,sg9
GGTCCTGCCGCTGCTTGTCATGG,CATGCTGATGCTGCTTGTCAAGG,0,sg4
GAATCCTAAAAACTCTGCTTCGG,GTGCCATGAAAACTCTGCTTTGG,0,sg12
GGGTGGGGGGAGTTTGCTCCTGG,GGGTGGGGGAGGTGTCCCTCTGG,0,sg8
TGACATCAATTATTATACATCGG,GAGCATCAATTATAATACAAAGG,0,sg10
TGACATCAATTATTATACATCGG,TAACATCAATTAATATAAATGTA,0,sg10
CCAGTGAGTAGAGCGGAGGCAGG,GCAGTGAGTAGATTGGAGGACTG,0,sg2
AACACCAGTGAGTAGAGCGGAGG,CAGACCAGTGAGTAGTGAGAATG,0,sg1
AAATGAGAAGAAGAGGCACAGGG,AAAAGTGAAGAAGAGAAAGAGGA,0,sg9
AAATGAGAAGAAGAGGCACAGGG,AACTGAGAAGAATCAGCTCAGGA,0,sg9
ATGAACACCAGTGAGTAGAGCGG,ATTAACACCAGTGTGTGGAGTCT,0,sg6
GACACCGAAGCAGAGTTTTTAGG,GAAGCCATAGCAGAGTTTTTAAT,0,sg11
GAATCCTAAAAACTCTGCTTCGG,GAATCCTAATAACAATGGTCCTG,0,sg12
AAATGAGAAGAAGAGGCACAGGG,AAATGAGAACATGAGGAATACGA,0,sg9
CTTGCCCCACAGGGCAGTAACGG,GTTGGCTCACAGGGCAGTGGCAG,0,sg3
AACACCAGTGAGTAGAGCGGAGG,CAGACCAGTGAGTATAGCAGACA,0,sg1
GGTCCTGCCGCTGCTTGTCATGG,GATACTGCCGCTGCTGGTTTGGG,0,sg4
GGTCCTGCCGCTGCTTGTCATGG,GCTGCTGCTGCTGCTTGTTAATG,0,sg4
AAATGAGAAGAAGAGGCACAGGG,AAATGAGAAGACAAGCCTCAGAC,0,sg9
GGGTGGGGGGAGTTTGCTCCTGG,GGGTGGGGGGCTGTGGTGCCTGG,0,sg8
GGGTGGGGGGAGTTTGCTCCTGG,GGGTGGGGGTTGTTCACGCCTGT,0,sg8
CTTGCCCCACAGGGCAGTAACGG,CTTGCCCCATAGGTCAGTGACTG,0,sg3
AAATGAGAAGAAGAGGCACAGGG,AGAAGAGAAGAAGAGTCATAGCT,0,sg9
CTTGCCCCACAGGGCAGTAACGG,CTGGTTCCACAGGGCACTACCTG,0,sg3
AAATGAGAAGAAGAGGCACAGGG,AAATGAGAAAAATATGGACAAGG,0,sg9
CCTGCCTCCGCTCTACTCACTGG,CCTGCCTCCACCAAAATCACTGT,0,sg7
ATGAACACCAGTGAGTAGAGCGG,AGGAAAACCAGTGAGTTGGGCTT,0,sg6
GAATCCTAAAAACTCTGCTTCGG,TCATCCTAAAAAATGTGCTTCTT,0,sg12
GAATCCTAAAAACTCTGCTTCGG,GACTCCTAAAAAATTAACTTGGG,0,sg12
GGGTGGGGGGAGTTTGCTCCTGG,GGGAGGGGGAAGTTGGCACCAGG,0,sg8
AAATGAGAAGAAGAGGCACAGGG,AAGGAAGAAGAGGAGGAAGAGGG,0,sg9
AAATGAGAAGAAGAGGCACAGGG,AGAAGAGAAGAAGAGGAAGAGGC,0,sg9
GGGTGGGGGGAGTTTGCTCCTGG,GAAAGGGTGGAATTTGCTCCTGG,0,sg8
CCAGTGAGTAGAGCGGAGGCAGG,CCAGTGAGTAACTGTGAGTCAGG,0,sg2
AAATGAGAAGAAGAGGCACAGGG,AGATGAGAACCTGAGGCACAGAA,0,sg9
AAATGAGAAGAAGAGGCACAGGG,AAGTGAGAAGAAGAGACCCAGAG,0,sg9
GGGTGGGGGGAGTTTGCTCCTGG,GGGTGGGGGTACTCAGCTCATGG,0,sg8
AAATGAGAAGAAGAGGCACAGGG,AAGAGAGAAGAAGAGAAACAGGG,0,sg9
GGGTGGGGGGAGTTTGCTCCTGG,CCGTCATGGGAGTTTGCTCTTGG,0,sg8
AAATGAGAAGAAGAGGCACAGGG,ATATAAGAAGAAGAGACTCATGC,0,sg9
GAATCCTAAAAACTCTGCTTCGG,GTCCCCTGAAATCTCTGCTTCAG,0,sg12
AAATGAGAAGAAGAGGCACAGGG,AAGTGAGAAGAAGAAACACACAC,0,sg9
TGACATCAATTATTATACATCGG,ATTAATCAATTATTATACACTGG,0,sg10
AAATGAGAAGAAGAGGCACAGGG,AAATGAGAAAAAGAGGCTCATTT,0,sg9
TGACATCAATTATTATACATCGG,TGACATCAATCTATTTATATCTG,0,sg10
TGACATCAATTATTATACATCGG,TTTCTACAATTATTATTCATTGG,0,sg10
GGTCCTGCCGCTGCTTGTCATGG,GGCCTAGCAGCTGCTTGTGAAGG,0,sg4
GGGTGGGGGGAGTTTGCTCCTGG,GGGATGGGGGAGTTTGTGGGTGG,0,sg8
GGTCCTGCCGCTGCTTGTCATGG,CGTCCAGCTGTTGCTTGTCATTC,0,sg4
CCTGCCTCCGCTCTACTCACTGG,CCTGCCTCCACTCTTCCCAGGGT,0,sg7
CCTGCCTCCGCTCTACTCACTGG,CGTCCCTGGACTCTACTCACTAG,0,sg7
AATGACCACTACATCCTCAAGGG,ATGGCTCACGACATCCTCAAGGT,0,sg5
AAATGAGAAGAAGAGGCACAGGG,AAATGAGAAAAATAGGAAAAAGT,0,sg9
CCTGCCTCCGCTCTACTCACTGG,CCTGCCTCCGCTCTAGTCCCGCC,0,sg7
AAATGAGAAGAAGAGGCACAGGG,AAAGCAGGAGAGGAGGCACAGCA,0,sg9
GGGTGGGGGGAGTTTGCTCCTGG,AGGAGAGGGGAGTTTGCTACTCC,0,sg8
AAATGAGAAGAAGAGGCACAGGG,TATGGAGGAGAAGAGGCACATTG,0,sg9
CCTGCCTCCGCTCTACTCACTGG,CCTCCTTGGGCTCTACTCACATG,0,sg7
CTTGCCCCACAGGGCAGTAACGG,ACTGGCCCACAGGGCAGAAATAG,0,sg3
CCAGTGAGTAGAGCGGAGGCAGG,CCAGTGAGTAGAGAATACGTAAG,0,sg2
GAATCCTAAAAACTCTGCTTCGG,GAAACCTAAGTCCTCTGCTTCCT,0,sg12
TGACATCAATTATTATACATCGG,TGACATCAATTTTCTTACAACTC,0,sg10
CCAGTGAGTAGAGCGGAGGCAGG,ACAGTGAGTAGAGTGGAGTCCGG,1,sg2
ATGAACACCAGTGAGTAGAGCGG,TCTTACTCCAGTGAGTAGAGAGG,0,sg6
CCAGTGAGTAGAGCGGAGGCAGG,AGAGTGAGTAGAGAAGAGGGACG,0,sg2
AATGACCACTACATCCTCAAGGG,ATTGCACCTTACATCCTCATGGG,0,sg5
AAATGAGAAGAAGAGGCACAGGG,GGATGGGCAGAAGAGGCACAGAC,0,sg9
GGGTGGGGGGAGTTTGCTCCTGG,GGGTGGGGGCAGTGGCCTCCAGG,0,sg8
AACACCAGTGAGTAGAGCGGAGG,AGCACCAGTGAGTGGCACATAGG,0,sg1
AAATGAGAAGAAGAGGCACAGGG,AAGGAGGAAGAAGAGGCACAAAG,0,sg9
TGACATCAATTATTATACATCGG,TGAGTTAATTTTTTATACATCGT,0,sg10
AAATGAGAAGAAGAGGCACAGGG,TGAGAATGAGAAGAGGCACAGGG,0,sg9
AAATGAGAAGAAGAGGCACAGGG,AAAGAGGAAGTAGAGGCACAGAG,0,sg9
CCTGCCTCCGCTCTACTCACTGG,CCTGCCTCCAGTTTACTCACTTG,0,sg7
GAATCCTAAAAACTCTGCTTCGG,TAATTCTAAAAACTCTGCCTCTT,0,sg12
GAATCCTAAAAACTCTGCTTCGG,GAATTATAAAAACTCTTTTGAGG,0,sg12
AATGACCACTACATCCTCAAGGG,ACTGCACTCTACATCCTCACAGG,0,sg5
AAATGAGAAGAAGAGGCACAGGG,ATGGAAGAAGAGGAGGCCCAGGG,0,sg9
CCAGTGAGTAGAGCGGAGGCAGG,ACTGTGAGTAGAGTGGGTTCAGG,0,sg2
AAATGAGAAGAAGAGGCACAGGG,ACATGCGAAGAAGAGAGACAGGG,0,sg9
AAATGAGAAGAAGAGGCACAGGG,AAATGAGAAAAAGATAAACAGAA,0,sg9
GGGTGGGGGGAGTTTGCTCCTGG,GGTGTGGGGGAGTTTGAAGCTGG,0,sg8
AAATGAGAAGAAGAGGCACAGGG,AAATGAGAAGAAGAAGAAATTTG,0,sg9
AAATGAGAAGAAGAGGCACAGGG,AAATGAGAATGAGGGATACAGAG,0,sg9
AACACCAGTGAGTAGAGCGGAGG,AACACCAGTGACTACAGCAAAAC,0,sg1
AAATGAGAAGAAGAGGCACAGGG,AATTGAGAAGAAAAAGCAGTGGA,0,sg9
CCTGCCTCCGCTCTACTCACTGG,CCTGCCTCCCCACTGCCAGCTGG,0,sg7
GGGTGGGGGGAGTTTGCTCCTGG,GGGTGGGGGGTGGATGCTGCTGC,0,sg8
GGGTGGGGGGAGTTTGCTCCTGG,GTTTGGTGGCTGTTTGCTCCTGC,0,sg8
CTTGCCCCACAGGGCAGTAACGG,GTTGCTCCACAGGGCAGATACAA,0,sg3
AAATGAGAAGAAGAGGCACAGGG,AAAAGGGAAGAAGAGGCAGAAGC,0,sg9
GGTCCTGCCGCTGCTTGTCATGG,GGTCCTGCCGCTGGTTTGTGTGC,0,sg4
AAATGAGAAGAAGAGGCACAGGG,AGGTAAGAAGAAGAGGAACAGAA,0,sg9
GGGTGGGGGGAGTTTGCTCCTGG,GGGTGGGGGGAACGTGCTTCTTA,0,sg8
AAATGAGAAGAAGAGGCACAGGG,AAAGGGGAGGAAGAGGCATGGGT,0,sg9
AAATGAGAAGAAGAGGCACAGGG,CACTGAGAAGAAGAGGAAAAAAG,0,sg9
AAATGAGAAGAAGAGGCACAGGG,AATGAAGAAAATGAGGCACAGAG,0,sg9
AAATGAGAAGAAGAGGCACAGGG,AAATGAGAAGAGAAGTCACAGAC,0,sg9
AATGACCACTACATCCTCAAGGG,GTTGACCAAATCATCCTCAAGGC,0,sg5
AAATGAGAAGAAGAGGCACAGGG,AAATGAGAAAATGAGGCATAAAT,0,sg9
AAATGAGAAGAAGAGGCACAGGG,AAAATTGATGCGGAGGCACAGGG,0,sg9
AAATGAGAAGAAGAGGCACAGGG,AGATGAGAAGAAGAAGAAGAGGA,0,sg9
GAATCCTAAAAACTCTGCTTCGG,GCTTCTTAAAGACTCTGCTTCTC,0,sg12
AAATGAGAAGAAGAGGCACAGGG,AAGTGGGAAACTGAGGCACAGAG,0,sg9
AACACCAGTGAGTAGAGCGGAGG,GCCACCAGTGAGTGGAGTGGCTG,0,sg1
AAATGAGAAGAAGAGGCACAGGG,TTCTCACAAGAAGAGGCAGAGGG,0,sg9
AACACCAGTGAGTAGAGCGGAGG,AAAACCAGTGAGAAGGAGGGAAG,0,sg1
CCTGCCTCCGCTCTACTCACTGG,CCAGACATGGCTCTACTCACTCG,0,sg7
GGGTGGGGGGAGTTTGCTCCTGG,GAGTGAGTGGAGTTTGCTCTTGC,0,sg8
GGGTGGGGGGAGTTTGCTCCTGG,GGGTGGGGGGTGTTGACTCCGAT,0,sg8
AAATGAGAAGAAGAGGCACAGGG,GGATGAGAAGAACGTGCCCAGGG,0,sg9
GACACCGAAGCAGAGTTTTTAGG,CCCACAGGAGCAGAGTTTTTGAG,0,sg11
TGACATCAATTATTATACATCGG,TTACATCAATTATTCCTCAGGGG,0,sg10
GGGTGGGGGGAGTTTGCTCCTGG,GTTCTGGAGAAGTTTGCTCCTGG,0,sg8
CCTGCCTCCGCTCTACTCACTGG,CCTGCCTCCTCTCACCCCACAAG,0,sg7
AAATGAGAAGAAGAGGCACAGGG,AAATGAGAAAATAAGCCACAGAA,0,sg9
AATGACCACTACATCCTCAAGGG,AATGACCACTTCTTCCTTAAAGA,0,sg5
CCTGCCTCCGCTCTACTCACTGG,CCTGCCTCCTCTCCTCTCCCTGG,0,sg7
GGGTGGGGGGAGTTTGCTCCTGG,GAGGGTGGGGAGTTTGCTACTAA,0,sg8
ATGAACACCAGTGAGTAGAGCGG,TTGAAGACCAGTGAGAAGAAAAG,0,sg6
GGGTGGGGGGAGTTTGCTCCTGG,GGGTGGGGGTAGTTTGGGGTGGG,0,sg8
TGACATCAATTATTATACATCGG,TGACATCAATTAAAAAACATAAG,0,sg10
GACACCGAAGCAGAGTTTTTAGG,ATCCCAGAAGCAGAGACTTTAGG,0,sg11
GGTCCTGCCGCTGCTTGTCATGG,GGCCTTTACTCTGCTTGTCATTG,0,sg4
AATGACCACTACATCCTCAAGGG,ATGAACCACTACATCCTAAAGAA,0,sg5
AAATGAGAAGAAGAGGCACAGGG,AAAAGAGAAGAAGAGAAGCTAGG,0,sg9
AATGACCACTACATCCTCAAGGG,TATTACCACTACATCCTAAAATG,0,sg5
AAATGAGAAGAAGAGGCACAGGG,AAAAGTGAAGAAGAGAGGGAGGG,0,sg9
CCAGTGAGTAGAGCGGAGGCAGG,GCAGTGAGTAGAGGGCAGGTCAG,0,sg2
AATGACCACTACATCCTCAAGGG,AATGACCACTAGATGCACCATGA,0,sg5
AACACCAGTGAGTAGAGCGGAGG,AACACCAGTGAGGCTGGTGGGGG,0,sg1
TGACATCAATTATTATACATCGG,TGACATCAATTTTTTTACTTATT,0,sg10
GGGTGGGGGGAGTTTGCTCCTGG,GGATGGGGGGAGTCCGCCCAGGG,0,sg8
AAATGAGAAGAAGAGGCACAGGG,GATGGAAGAGAGGAGGCACAGGG,0,sg9
AAATGAGAAGAAGAGGCACAGGG,AGCTGAGAAGAAAAGCCACAGAC,0,sg9
GGTCCTGCCGCTGCTTGTCATGG,GGTCCTGCCACTGCACTTCACTG,0,sg4
GGTCCTGCCGCTGCTTGTCATGG,GGTCCTGCCTCTTATTTTCCAGG,0,sg4
AAATGAGAAGAAGAGGCACAGGG,ATTTGATGAGCAGAGGCACAGGT,0,sg9
CCTGCCTCCGCTCTACTCACTGG,CCAGCCTCTGTTCTGTCCACTGG,0,sg7
GGGTGGGGGGAGTTTGCTCCTGG,GAGTGGGGCATCTTTGCTCCTGT,0,sg8
GGGTGGGGGGAGTTTGCTCCTGG,GGGAGGGTGGTGTGTGCTGCTAG,0,sg8
AAATGAGAAGAAGAGGCACAGGG,CATAGAGAAACTGAGGCACAGGG,0,sg9
CCTGCCTCCGCTCTACTCACTGG,CCTGCCTCCTCTTTTATCATAGG,0,sg7
GGTCCTGCCGCTGCTTGTCATGG,ACCTCTGCCGCTGCTTTGCATGG,0,sg4
AAATGAGAAGAAGAGGCACAGGG,AGATCAGAGGAAGAGGCACATAA,0,sg9
CTTGCCCCACAGGGCAGTAACGG,CCTGCCCCACAGGGCAGCCAAGG,0,sg3
CCTGCCTCCGCTCTACTCACTGG,CCTGGGTCTGACCTACTCACTGG,0,sg7
GGTCCTGCCGCTGCTTGTCATGG,GGTCCTGCCACTGCATTCCAGGC,0,sg4
AACACCAGTGAGTAGAGCGGAGG,GACACCAGTGAGGGGAGAGATGG,0,sg1
GAATCCTAAAAACTCTGCTTCGG,GCATCATAAAAACTCAGCAGCTG,0,sg12
AAATGAGAAGAAGAGGCACAGGG,AAAAAAGAAGAAGAGAAAGAGAG,0,sg9
CCTGCCTCCGCTCTACTCACTGG,CCTGCCTCCGTTTTATTTACTGT,0,sg7
AACACCAGTGAGTAGAGCGGAGG,AACACCAGTGGGATGTGAGGAAG,0,sg1
GGGTGGGGGGAGTTTGCTCCTGG,GGGCAGCAACAGTTTGCTCCTGG,0,sg8
TGACATCAATTATTATACATCGG,TAACATCAATTATTATCTCTAGT,0,sg10
CTTGCCCCACAGGGCAGTAACGG,CTGATCCCACAGGGCAGCACTGG,0,sg3
GGGTGGGGGGAGTTTGCTCCTGG,TGCTGGTAGTAGTTTGCTCCTGA,0,sg8
GGTCCTGCCGCTGCTTGTCATGG,GGTCCTGCCTCTACTGATGCTGG,0,sg4
GACACCGAAGCAGAGTTTTTAGG,GACCCTGAAGCAGAGAATCTAGC,0,sg11
AACACCAGTGAGTAGAGCGGAGG,AGGCCCAGTGAGTAGAGGGGCTG,0,sg1
AAATGAGAAGAAGAGGCACAGGG,AAATGGCAGGAAGAGGCACTGAG,0,sg9
CCTGCCTCCGCTCTACTCACTGG,TCTGTCTCCGCTCTAATCCCATG,0,sg7
AAATGAGAAGAAGAGGCACAGGG,AATGCAGAATATGAGGCACAGAG,0,sg9
CTTGCCCCACAGGGCAGTAACGG,CCTGGGCCACAGGGCAAGAATGG,0,sg3
TGACATCAATTATTATACATCGG,CTATGTCAATTATTATATATAGG,0,sg10
AATGACCACTACATCCTCAAGGG,ACTGAGCAGAATATCCTCAAGGT,0,sg5
CCTGCCTCCGCTCTACTCACTGG,CCGCCCTCTTCCCTACTCACTGC,0,sg7
GAATCCTAAAAACTCTGCTTCGG,GACTCCCAAGAGCTCTGCTTCCC,0,sg12
CCTGCCTCCGCTCTACTCACTGG,CTTCCCACCGCGCTACTCACTCC,0,sg7
GAATCCTAAAAACTCTGCTTCGG,GAAATATTAAAACTCTGCTATGG,0,sg12
AAATGAGAAGAAGAGGCACAGGG,AATTGAGAAGAAAAACGTCAGGG,0,sg9
AAATGAGAAGAAGAGGCACAGGG,AAAAAAGAAGAAGAGGAAGATGA,0,sg9
AAATGAGAAGAAGAGGCACAGGG,ACAAGAAAACTAGAGGCACAGAG,0,sg9
AAATGAGAAGAAGAGGCACAGGG,AATTTTGAAGAAGAGGAACAAGA,0,sg9
AAATGAGAAGAAGAGGCACAGGG,AAGGTACAAGCAGAGGCACAGGT,0,sg9
AATGACCACTACATCCTCAAGGG,ACTGAGCATGACATCCTCAAGGT,0,sg5
AAATGAGAAGAAGAGGCACAGGG,CAGTGGGCAAAGGAGGCACAGGG,0,sg9
AATGACCACTACATCCTCAAGGG,ACAGACTACTAGATCCTCAAGCA,0,sg5
TGACATCAATTATTATACATCGG,TGAACTCAATTATTATATCTGTG,0,sg10
AAATGAGAAGAAGAGGCACAGGG,AAATGAGAAGATCTGGCAATGCG,0,sg9
TGACATCAATTATTATACATCGG,TGAAAGCAATTATTATTTTTTGG,0,sg10
AATGACCACTACATCCTCAAGGG,AAAGACCACTACAATCTAATGGT,0,sg5
AAATGAGAAGAAGAGGCACAGGG,AAATGAGAAAACTAGGCACAAGT,0,sg9
GGGTGGGGGGAGTTTGCTCCTGG,AGATGAGGGGAGTTTGCAGCAGG,0,sg8
CCTGCCTCCGCTCTACTCACTGG,CTTCCTTCGTCTCTACTCACTGA,0,sg7
GGGTGGGGGGAGTTTGCTCCTGG,GGGTGGGCGGGGGCTCCTCCTGT,0,sg8
AAATGAGAAGAAGAGGCACAGGG,AAATGAGAAGCAAAGTCATAAGC,0,sg9
TGACATCAATTATTATACATCGG,TAAAATCAATTATTATACACCCA,0,sg10
CCTGCCTCCGCTCTACTCACTGG,CGCGCCTCCGCTCTGCGCCATGG,0,sg7
CCTGCCTCCGCTCTACTCACTGG,CCTGATTTCCCACTACTCACTGC,0,sg7
AAATGAGAAGAAGAGGCACAGGG,AAAAAAGAAGAAGAGACACCAGG,0,sg9
AAATGAGAAGAAGAGGCACAGGG,AAAGGCCACGGGGAGGCACAGGG,0,sg9
AAATGAGAAGAAGAGGCACAGGG,CAGAGACAAGAAGAGGCAGAGAG,0,sg9
AAATGAGAAGAAGAGGCACAGGG,AAAAAAGAGAAAGAGGCACAGAG,0,sg9
GAATCCTAAAAACTCTGCTTCGG,GATTCCTAAAAATGCAGCTTCTC,0,sg12
AAATGAGAAGAAGAGGCACAGGG,CTTTGAGAAGAAGAGGCACGGGA,0,sg9
AAATGAGAAGAAGAGGCACAGGG,AAGTGAGAAGAAGTGAGAAAGGG,0,sg9
AAATGAGAAGAAGAGGCACAGGG,AAATGAGAAAATGAGACACAAAA,0,sg9
GACACCGAAGCAGAGTTTTTAGG,GGCCTTGAGGCAGAGTTTTCAGG,0,sg11
CTTGCCCCACAGGGCAGTAACGG,CTAGCCCCACAGAGCAGAACAAG,0,sg3
CTTGCCCCACAGGGCAGTAACGG,GCTGCTTCACAGGGCAGTAACCC,0,sg3
ATGAACACCAGTGAGTAGAGCGG,AACAACACCAGTGGGGAGATCAG,0,sg6
GGGTGGGGGGAGTTTGCTCCTGG,GGGTGGGGGGAGTTTCCCACACT,0,sg8
AAATGAGAAGAAGAGGCACAGGG,TGAGCAGAAAAAGAGGCACAGAG,0,sg9
CTTGCCCCACAGGGCAGTAACGG,CTTGCCCCACAGGCCGGCAGAGG,0,sg3
AAATGAGAAGAAGAGGCACAGGG,TATGGGGAAGAAGAGGAAGAGGG,0,sg9
AAATGAGAAGAAGAGGCACAGGG,AAATCAGATTAGGAGGCACAGTG,0,sg9
AAATGAGAAGAAGAGGCACAGGG,AACTGAGGAACTGAGGCACAGAG,0,sg9
GGTCCTGCCGCTGCTTGTCATGG,GGATCTGCCGCTGCTCTTCATGA,0,sg4
GACACCGAAGCAGAGTTTTTAGG,GAATTAGAAGAAGAGTTTTTAAG,0,sg11
CCAGTGAGTAGAGCGGAGGCAGG,CCAGTGAGTGGAGGTGCTGCACG,0,sg2
AAATGAGAAGAAGAGGCACAGGG,AATTGAGAAGAAAATGCTAATGG,0,sg9
CTTGCCCCACAGGGCAGTAACGG,CCTGCCCCACAGAGGAGTGTAGG,0,sg3
AAATGAGAAGAAGAGGCACAGGG,GAAGGAAGAGAAGAGGCAGAGTG,0,sg9
AAATGAGAAGAAGAGGCACAGGG,AAATGAGAAAAGAAGAGACAGAG,0,sg9
AAATGAGAAGAAGAGGCACAGGG,AAATGGAGAGAAGAGGCAAAGAG,0,sg9
AAATGAGAAGAAGAGGCACAGGG,AAATTAGAAGAAGAGATCCTGAG,0,sg9
AACACCAGTGAGTAGAGCGGAGG,AACACCAGTGATCAGAGAGGTCT,0,sg1
GACACCGAAGCAGAGTTTTTAGG,TACAAAGAAGCAGAGTTCTTATA,0,sg11
AAATGAGAAGAAGAGGCACAGGG,AGATGGGGTGAAGAGGCAGAGGC,0,sg9
AAATGAGAAGAAGAGGCACAGGG,AAATGAGAATAAGCAGTACATGT,0,sg9
CCTGCCTCCGCTCTACTCACTGG,CCTGCCTCCTCCCTACTCTGCTG,0,sg7
TGACATCAATTATTATACATCGG,TGACATCAATTGATAGTCACCGT,0,sg10
CCAGTGAGTAGAGCGGAGGCAGG,CCAGTGAGTCGAGACCAGGGATG,0,sg2
GAATCCTAAAAACTCTGCTTCGG,CAAGTCTAAAAACTCTGCCTAGC,0,sg12
GAATCCTAAAAACTCTGCTTCGG,AAAACCTAAATCCTCTGCTTCAT,0,sg12
CCAGTGAGTAGAGCGGAGGCAGG,ACAGTGAGTAGATTTCAAGCAGG,0,sg2
AAATGAGAAGAAGAGGCACAGGG,AAGAAAGAAAAGGAGGCACAGAG,0,sg9
AAATGAGAAGAAGAGGCACAGGG,AAATTGGAAGAAGAGGAAGAGAA,0,sg9
GGGTGGGGGGAGTTTGCTCCTGG,GGGGAGGGGGAGTTTCCGCTTTG,0,sg8
AAATGAGAAGAAGAGGCACAGGG,AGGTGAGAAGAACAGGCCAAGGC,0,sg9
GGGTGGGGGGAGTTTGCTCCTGG,GGCTGGGGGGAGAGGGCACCCGG,0,sg8
CTTGCCCCACAGGGCAGTAACGG,CCAGCCCCACAGGGCAGCAGCAT,0,sg3
TGACATCAATTATTATACATCGG,GCACAGCAATTATTATAGAACTG,0,sg10
AATGACCACTACATCCTCAAGGG,AATGACCACTGCAATCACAGGGA,0,sg5
CCAGTGAGTAGAGCGGAGGCAGG,CTGGTCAGTAGAGCGCAGGAAAG,0,sg2
AAATGAGAAGAAGAGGCACAGGG,AAATGAGAATGAGACTTACTGGG,0,sg9
AAATGAGAAGAAGAGGCACAGGG,AGAAAGGAAGAAGAGGAACAGGA,0,sg9
AAATGAGAAGAAGAGGCACAGGG,AATGAAGAAAGTGAGGCACAGGG,0,sg9
GGTCCTGCCGCTGCTTGTCATGG,GATGCCTCAGCTGCTTGTCATGG,0,sg4
AAATGAGAAGAAGAGGCACAGGG,AAATGAGAATAAATGACAAAGTG,0,sg9
CCTGCCTCCGCTCTACTCACTGG,GCTGGCTCCCTACTACTCACTGC,0,sg7
AATGACCACTACATCCTCAAGGG,AGTGACTTTTACATCCTCACTGG,0,sg5
GACACCGAAGCAGAGTTTTTAGG,AACAAGGAAGCAGAGTTTACAGA,0,sg11
GGGTGGGGGGAGTTTGCTCCTGG,GGGTGGGGGGAGAAGGCTACTGA,0,sg8
GAATCCTAAAAACTCTGCTTCGG,GAGTAATAGAAACTCTGCTCCAG,0,sg12
AAATGAGAAGAAGAGGCACAGGG,AAATGAGAAAAAGAAGGACCATG,0,sg9
AAATGAGAAGAAGAGGCACAGGG,AAATGAGAAGTAGGGGCAAGGTA,0,sg9
AAATGAGAAGAAGAGGCACAGGG,AAGTGGGGAGAAGAGGCAAAGAG,0,sg9
AAATGAGAAGAAGAGGCACAGGG,AGAAGAGAAGAAGAGTAACAGAA,0,sg9
GACACCGAAGCAGAGTTTTTAGG,AACTCTGAAGCAGAGGTTTTGGG,0,sg11
AAATGAGAAGAAGAGGCACAGGG,CATTGACCAGAAGAGGCAAAGGA,0,sg9
AAATGAGAAGAAGAGGCACAGGG,AATTGAGAAGAAAATACAGAGAG,0,sg9
AAATGAGAAGAAGAGGCACAGGG,ACACCAGATGAAGAGGCACACAG,0,sg9
CCAGTGAGTAGAGCGGAGGCAGG,GCAGTGAGTAGAGCTGATGGTGG,0,sg2
GACACCGAAGCAGAGTTTTTAGG,GAAACAGAAGCAGAGCTTTAAGA,0,sg11
CCTGCCTCCGCTCTACTCACTGG,CATCCCTGGTCTCTACTCACTCG,0,sg7
GGGTGGGGGGAGTTTGCTCCTGG,GGGTGGGGGCAGTGTGTTGTGGG,0,sg8
CCAGTGAGTAGAGCGGAGGCAGG,TGAAGGGGTAAAGCGGAGGCAGG,0,sg2
GGTCCTGCCGCTGCTTGTCATGG,TTGCCTCCCCATGCTTGTCATGG,0,sg4
GGGTGGGGGGAGTTTGCTCCTGG,GGGTGGGGGGAGTGGGATGTGGG,0,sg8
AAATGAGAAGAAGAGGCACAGGG,TGATGAGAAGAAGATGGAGAAGG,0,sg9
CTTGCCCCACAGGGCAGTAACGG,CCTGCCCCACAGTGCAGATCCAG,0,sg3
TGACATCAATTATTATACATCGG,TGACATCAATTTTTATTTACCAC,0,sg10
GGGTGGGGGGAGTTTGCTCCTGG,GGGTGGGGGGGATTGGTTTCTGG,0,sg8
GGGTGGGGGGAGTTTGCTCCTGG,GGGTGGGGGGAGGTTTCTGCACC,0,sg8
GGGTGGGGGGAGTTTGCTCCTGG,GGCTCTGTTGATTTTGCTCCTGG,0,sg8
CCTGCCTCCGCTCTACTCACTGG,CCTGCCTCCCCTCCATTCTCTCC,0,sg7
AAATGAGAAGAAGAGGCACAGGG,ACATGACTGTGAGAGGCACAGGG,0,sg9
AAATGAGAAGAAGAGGCACAGGG,AAGTGAGAAGAAGGAAGACATGG,0,sg9
CTTGCCCCACAGGGCAGTAACGG,CCCACCCCACAGGGCGGTCCCGG,0,sg3
GGGTGGGGGGAGTTTGCTCCTGG,GGATGTAGGGCCTTTGCTCCTAG,0,sg8
GAATCCTAAAAACTCTGCTTCGG,AAACCTTAAAAACTCTGCTTCAG,0,sg12
GAATCCTAAAAACTCTGCTTCGG,GAATCCTAAAGTCTTTGATTCAG,0,sg12
GACACCGAAGCAGAGTTTTTAGG,GAAACAAAAGAAGAGTTTTTAAT,0,sg11
GGGTGGGGGGAGTTTGCTCCTGG,GTTTGTGGGGAGTTTTCTCTCGG,0,sg8
AAATGAGAAGAAGAGGCACAGGG,AAATGAGAAGAAAAGGAATGATG,0,sg9
GGGTGGGGGGAGTTTGCTCCTGG,CAAAGGGGGTTGTTTGCTCCTGG,0,sg8
CCTGCCTCCGCTCTACTCACTGG,CCTGAGTCCTAACTACTCACTGA,0,sg7
GGGTGGGGGGAGTTTGCTCCTGG,GGGTGGGGGCTGAGAGCTCCAGG,0,sg8
CTTGCCCCACAGGGCAGTAACGG,CTTGCCCCACGTAGCAGTTAGGA,0,sg3
AAATGAGAAGAAGAGGCACAGGG,AGATGAGAAGAATAGATACTGGG,0,sg9
AAATGAGAAGAAGAGGCACAGGG,AAATGTAAAGAAAAGGAAGAGGC,0,sg9
ATGAACACCAGTGAGTAGAGCGG,ACAAACATAAGTGAGTAGAAAGG,0,sg6
CCAGTGAGTAGAGCGGAGGCAGG,TCTGTGAGTAGAGCCCAGGCATC,0,sg2
ATGAACACCAGTGAGTAGAGCGG,GTGAACACCAGTGACCTGACCTG,0,sg6
TGACATCAATTATTATACATCGG,TGACTTCAATGATTATACAGTGG,1,sg10
GGGTGGGGGGAGTTTGCTCCTGG,GGGTGGGGGGAGGTTAATATTGG,0,sg8
AATGACCACTACATCCTCAAGGG,TGTGGACACTTCATCCTCAAGGA,0,sg5
AAATGAGAAGAAGAGGCACAGGG,AAGAGGCAAGAAGAGGCAGAGAG,0,sg9
TGACATCAATTATTATACATCGG,TGACATCAATTGTCATTCTGCTG,0,sg10
CCTGCCTCCGCTCTACTCACTGG,GCTGCCCCCCACCTACTCACTGA,0,sg7
CCTGCCTCCGCTCTACTCACTGG,CCTGCCTCCCATCAAGTCACTTT,0,sg7
CCAGTGAGTAGAGCGGAGGCAGG,CCAGTGAGTAGAGAGGCACAATG,0,sg2
GAATCCTAAAAACTCTGCTTCGG,AAATCCTAAAAAGAATGCTGCTG,0,sg12
GGTCCTGCCGCTGCTTGTCATGG,GAACCCGCCACTGCTTGTCATTT,0,sg4
GACACCGAAGCAGAGTTTTTAGG,GTAGTCTAATCAGAGTTTTTAGG,0,sg11
TGACATCAATTATTATACATCGG,TAACATTAGTTATTATACTTCAT,0,sg10
AACACCAGTGAGTAGAGCGGAGG,AACACCAGTAAATAAAGCATAGA,0,sg1
AAATGAGAAGAAGAGGCACAGGG,TATTGAGAAGAAAAGCCACACAG,0,sg9
AAATGAGAAGAAGAGGCACAGGG,AAAACTGAAGAAGAGACACATTG,0,sg9
AAATGAGAAGAAGAGGCACAGGG,AAAGGAGAAGAAGAGGAAAAATC,0,sg9
GGGTGGGGGGAGTTTGCTCCTGG,GACCGGGGTGACTTTGCTCCTGA,0,sg8
AAATGAGAAGAAGAGGCACAGGG,CAATTGGAAGAAGAGGCTTAGTG,0,sg9
CTTGCCCCACAGGGCAGTAACGG,CTTGAGCCACAGGGCAGGCCCTG,0,sg3
AAATGAGAAGAAGAGGCACAGGG,AAAAGGAAAGAAGAGGCAAAGAG,0,sg9
GAATCCTAAAAACTCTGCTTCGG,GAATCCTAAAAAATATATTTTAG,0,sg12
AATGACCACTACATCCTCAAGGG,ACTGAGAAATACATCCTCAACTG,0,sg5
CCTGCCTCCGCTCTACTCACTGG,CCTGCCTCCGCTTCCCTAAGTGC,0,sg7
AAATGAGAAGAAGAGGCACAGGG,TGATGGGGACTAGAGGCACAGGG,0,sg9
ATGAACACCAGTGAGTAGAGCGG,ATGAACACCACAGAGAAGTCAGG,0,sg6
GAATCCTAAAAACTCTGCTTCGG,AAATTTTAAAAACTCTTGTTCTG,0,sg12
GAATCCTAAAAACTCTGCTTCGG,AAATACTCCAAACTCTGCTTCTG,0,sg12
GGGTGGGGGGAGTTTGCTCCTGG,GGGTGGGGGCAGATGGAGACTGG,0,sg8
CCAGTGAGTAGAGCGGAGGCAGG,CCGGTGAGTAGAGGACAGGCACC,0,sg2
AAATGAGAAGAAGAGGCACAGGG,AAAAGAAAAGAAGAAGAAGAGGA,0,sg9
AAATGAGAAGAAGAGGCACAGGG,AAGTGGGAGGAAGAGGCAGACAG,0,sg9
AAATGAGAAGAAGAGGCACAGGG,AAAACAGACGAAGAGGCACAGGT,0,sg9
AAATGAGAAGAAGAGGCACAGGG,AAGAAAGAGGTGGAGGCACAGGG,0,sg9
GGTCCTGCCGCTGCTTGTCATGG,GGTCCTGCCACCTGCTGCCATGG,0,sg4
AAATGAGAAGAAGAGGCACAGGG,CGATGGGAAAATGAGGCACAGAG,0,sg9
CCAGTGAGTAGAGCGGAGGCAGG,CCAGTGAGTGGAGTTGGGGGAGG,0,sg2
AAATGAGAAGAAGAGGCACAGGG,AGATGAAGACAAGAGGCACAGAC,0,sg9
AACACCAGTGAGTAGAGCGGAGG,ATCACCAGTGAGTCCAAGGAAGG,0,sg1
CCAGTGAGTAGAGCGGAGGCAGG,CCAGTGAGTCGAGTGGACACACC,0,sg2
GAATCCTAAAAACTCTGCTTCGG,GGATCTTAAAAACTCTCCTGCCC,0,sg12
GAATCCTAAAAACTCTGCTTCGG,GAAACTTAAAAACTCGCCCTCAG,0,sg12
TGACATCAATTATTATACATCGG,TGTTATACATTATTATACATAGA,0,sg10
CCTGCCTCCGCTCTACTCACTGG,CCTGCCTCCAATTTACTAATTAG,0,sg7
GGGTGGGGGGAGTTTGCTCCTGG,TGGTGGGGGGAGCTTGCTCCCTG,0,sg8
AAATGAGAAGAAGAGGCACAGGG,GAATAAGAAGAAGAGGAAGAAGG,0,sg9
GGGTGGGGGGAGTTTGCTCCTGG,GGGTGGGGGTAGTTAACTCCAAG,0,sg8
CCTGCCTCCGCTCTACTCACTGG,TCTGCCTTAGCTCTACTCATTCA,0,sg7
CCAGTGAGTAGAGCGGAGGCAGG,AATGTGAGCCCAGCGGAGGCAGG,0,sg2
AAATGAGAAGAAGAGGCACAGGG,AGATGGGAGGAAGAGGCACAGTC,0,sg9
TGACATCAATTATTATACATCGG,GGTCCTCAATTATTATACTAAGG,0,sg10
AAATGAGAAGAAGAGGCACAGGG,AAATGAGAACAAATGGCCCAGTT,0,sg9
GGGTGGGGGGAGTTTGCTCCTGG,GGGTGGGGGGCGCAGGCTCACGG,0,sg8
CCTGCCTCCGCTCTACTCACTGG,CCTGCCTCCTGTCTGCTTCATGG,0,sg7
GGGTGGGGGGAGTTTGCTCCTGG,GTAGGGCTGGAGTTTGCTCCTAG,0,sg8
AAATGAGAAGAAGAGGCACAGGG,AAATGAGAAACTGAGGCATAGTA,0,sg9
GGGTGGGGGGAGTTTGCTCCTGG,GGGTGGGGGGAGCTGGAGGTTGG,0,sg8
CCTGCCTCCGCTCTACTCACTGG,CCTGCCTCCTCCCTTCACAGAGG,0,sg7
CCAGTGAGTAGAGCGGAGGCAGG,CCAGTGAGTAGAGCCTGTGGAGA,0,sg2
CCAGTGAGTAGAGCGGAGGCAGG,CTAGTGAGTAGAGGACAGGAATG,0,sg2
GGGTGGGGGGAGTTTGCTCCTGG,GGGTAAGGGGAGTTTTCTCGCTG,0,sg8
AAATGAGAAGAAGAGGCACAGGG,AATGGGAAAGAAGAGGCAGAGGT,0,sg9
AATGACCACTACATCCTCAAGGG,TATCTCCACTACATCCACAAGTA,0,sg5
AAATGAGAAGAAGAGGCACAGGG,AATGGGGAACCAGAGGCACAGAG,0,sg9
CTTGCCCCACAGGGCAGTAACGG,GTTGCCCCACAGAGCAGGGTGGG,0,sg3
CCTGCCTCCGCTCTACTCACTGG,CCTGCCTCCTGTCAGATCAGTGG,0,sg7
AAATGAGAAGAAGAGGCACAGGG,AGAAGCCAGGAAGAGGCACAGGG,0,sg9
GAATCCTAAAAACTCTGCTTCGG,GAAGGCGACAAACTCTGCCTCAG,0,sg12
AAATGAGAAGAAGAGGCACAGGG,AAATGAGAAGAATAAGAAATGTG,0,sg9
AAATGAGAAGAAGAGGCACAGGG,AACTTTTAAAAAGAGGCACAGGT,0,sg9
GAATCCTAAAAACTCTGCTTCGG,GAGAACTTAAAACTCTGCATCAG,0,sg12
GGGTGGGGGGAGTTTGCTCCTGG,GGGTGGGGGGTGTTTTCTGAGGG,0,sg8
GAATCCTAAAAACTCTGCTTCGG,TAATCCTAAAAATTCAGTCTCAG,0,sg12
CCTGCCTCCGCTCTACTCACTGG,CCTGCCTCCTCTTGCCTCCCTGC,0,sg7
ATGAACACCAGTGAGTAGAGCGG,AGGCACACCAGTGAGTCAGGTGG,0,sg6
TGACATCAATTATTATACATCGG,TGAAATCAGATATTATACATCTT,0,sg10
CCTGCCTCCGCTCTACTCACTGG,TGTGCCTCCGCTCGACTGGCTGC,0,sg7
AAATGAGAAGAAGAGGCACAGGG,ACATGACCCTAGGAGGCACAGGG,0,sg9
AAATGAGAAGAAGAGGCACAGGG,AGATTTGAAGAAGAGCTACAGGA,0,sg9
CCTGCCTCCGCTCTACTCACTGG,CATTCCTCACCTCTACTCACTCC,0,sg7
AAATGAGAAGAAGAGGCACAGGG,GAATGAGAAGAAAATGTAAAGTG,0,sg9
GGGTGGGGGGAGTTTGCTCCTGG,GGGTGGGGGGATTATCCTACTGG,0,sg8
GGGTGGGGGGAGTTTGCTCCTGG,TTGTTGAGTGAGTTTGCTCCTGA,0,sg8
AAATGAGAAGAAGAGGCACAGGG,ATCTGAGAAGAAGAGGCCAAGGC,0,sg9
GGGTGGGGGGAGTTTGCTCCTGG,GGGTGGGGGGAGAATGGTGCTAA,0,sg8
GGGTGGGGGGAGTTTGCTCCTGG,GCGTGTTCGGAGTTTGCTCCTTC,0,sg8
TGACATCAATTATTATACATCGG,ACACATGCATTATTATACATAGG,0,sg10
CCTGCCTCCGCTCTACTCACTGG,CCTGCCTCCACACTTTGCACTTG,0,sg7
GAATCCTAAAAACTCTGCTTCGG,GAATCCTAAAGACCTTGAATCAG,0,sg12
CTTGCCCCACAGGGCAGTAACGG,CACCCCCCACAGGGCTGTATCTG,0,sg3
GGGTGGGGGGAGTTTGCTCCTGG,GGGTGGGGGGAGATTGTCACTTT,0,sg8
AAATGAGAAGAAGAGGCACAGGG,ACAAGAAGAGAAGAGGCACACTG,0,sg9
AAATGAGAAGAAGAGGCACAGGG,AAATGAGAAGACCAGGCACAGTG,0,sg9
CCTGCCTCCGCTCTACTCACTGG,CCTCCCTCCGCTCTAGCCCTCGG,0,sg7
GACACCGAAGCAGAGTTTTTAGG,GCCACCGAAGCAGATTTTGCAGT,0,sg11
GGGTGGGGGGAGTTTGCTCCTGG,GGGGGTGGGGAGTTTTTTCTTGT,0,sg8
AAATGAGAAGAAGAGGCACAGGG,AAATGAGAATGAGAGGAAGAGGT,0,sg9
GGGTGGGGGGAGTTTGCTCCTGG,TGATGGGTGGAGTTTGCTTCTTA,0,sg8
GGGTGGGGGGAGTTTGCTCCTGG,GGGTGGGGGGAGAGGACTCAGGG,0,sg8
AACACCAGTGAGTAGAGCGGAGG,AAAAGCCATGAATAGAGCGGAGA,0,sg1
AAATGAGAAGAAGAGGCACAGGG,AAATGAGAAGAGGATGCATTGGA,0,sg9
CCTGCCTCCGCTCTACTCACTGG,CATGCTCCTGCTCTACTCCCTGG,0,sg7
GGGTGGGGGGAGTTTGCTCCTGG,GGGTCCCTGGTGTTTGCTCCTGG,0,sg8
GGGTGGGGGGAGTTTGCTCCTGG,GGGTGGGGGGACTTTTCTTGTCT,0,sg8
AATGACCACTACATCCTCAAGGG,ACAGCTCACTGCATCCTCAAGGG,0,sg5
CTTGCCCCACAGGGCAGTAACGG,CTTGCCCCACAAGGTGGCGCCGG,0,sg3
GAATCCTAAAAACTCTGCTTCGG,GAATCCTAAATACTGGTCTTTGG,0,sg12
CTTGCCCCACAGGGCAGTAACGG,TTTACCCCACAGGGCTATGATGG,0,sg3
AAATGAGAAGAAGAGGCACAGGG,AAATGAGAATAGTAGGCATAAAG,0,sg9
GAATCCTAAAAACTCTGCTTCGG,GAATCCTGAAAACCCTGCTTCGG,1,sg12
GGGTGGGGGGAGTTTGCTCCTGG,GGGTGGGGGAAAGGTGCTTCTGT,0,sg8
GAATCCTAAAAACTCTGCTTCGG,AAATCCTAAAAACTATTCTCGGC,0,sg12
AAATGAGAAGAAGAGGCACAGGG,CCATAAGAAGAAGAGGGAGAGGG,0,sg9
AACACCAGTGAGTAGAGCGGAGG,ATGGCCAGTGAGTAGAGCCGTGA,0,sg1
AACACCAGTGAGTAGAGCGGAGG,AACACCAGTGAGTTTGGACGAGG,0,sg1
AAATGAGAAGAAGAGGCACAGGG,CAAAGGGAAGAAGAGGCCCGGTG,0,sg9
AAATGAGAAGAAGAGGCACAGGG,AAATGAGAAGGTGAGTGACAAGG,0,sg9
TGACATCAATTATTATACATCGG,TGACATCAAATATGATAACTTGC,0,sg10
GGGTGGGGGGAGTTTGCTCCTGG,GGGTGGGGGTAGGTGGGACTTGG,0,sg8
GGGTGGGGGGAGTTTGCTCCTGG,GGTTGGGGGGAGTCTGCCCATTT,0,sg8
CCTGCCTCCGCTCTACTCACTGG,CCTGCCTCCACTCTGCTCTATCC,0,sg7
TGACATCAATTATTATACATCGG,TGACATCAACAATGATCCATGGA,0,sg10
GACACCGAAGCAGAGTTTTTAGG,GACATAGAAGCAGAGAATATAGC,0,sg11
AAATGAGAAGAAGAGGCACAGGG,AAATGAGAAAAAGTGCTATAGGT,0,sg9
CTTGCCCCACAGGGCAGTAACGG,CCTGCCCCACAGGGCAATAATTA,0,sg3
AAATGAGAAGAAGAGGCACAGGG,GATAGAGAAGAAGAGAAACAGAG,0,sg9
AAATGAGAAGAAGAGGCACAGGG,AAATGAGAAAAAGAGGTAGCTGG,0,sg9
AAATGAGAAGAAGAGGCACAGGG,CAATGCGTTTATGAGGCACAGGG,0,sg9
CCAGTGAGTAGAGCGGAGGCAGG,CCAGTGAGTTGAACAGAGGGGGT,0,sg2
CCTGCCTCCGCTCTACTCACTGG,CCTGCCTCCTCCCAACTCCCTTA,0,sg7
TGACATCAATTATTATACATCGG,AGACATCAATTAATATATTTAAG,0,sg10
CCTGCCTCCGCTCTACTCACTGG,AATACCTCAGACCTACTCACTGG,0,sg7
TGACATCAATTATTATACATCGG,TGACAGGTGTTATTATACAGCAG,0,sg10
AACACCAGTGAGTAGAGCGGAGG,TAGAGGAGTGAGTAGAGGGGAGA,0,sg1
AAATGAGAAGAAGAGGCACAGGG,TTATAAGAAGAAGAGGCACAGAG,0,sg9
AAATGAGAAGAAGAGGCACAGGG,GAAGAAGAAGAAGAGGAAAAGAG,0,sg9
AAATGAGAAGAAGAGGCACAGGG,AAATGAGAATGAGAGGTGGATGG,0,sg9
GACACCGAAGCAGAGTTTTTAGG,GAAACAGAAGCAGAGTCCCCAGG,0,sg11
TGACATCAATTATTATACATCGG,TGACATCAATGTATAAACAACAG,0,sg10
AAATGAGAAGAAGAGGCACAGGG,AGGTGAGAAATTGAGGCACAGGG,0,sg9
GGGTGGGGGGAGTTTGCTCCTGG,GGGTGGGGGGAGTTTATTACAAA,0,sg8
TGACATCAATTATTATACATCGG,TGACATCAACAGTTATTCAACGT,0,sg10
CCTGCCTCCGCTCTACTCACTGG,CCTGCCTCCTCTCCACAAAGTCG,0,sg7
AAATGAGAAGAAGAGGCACAGGG,ACAGGAGAAGAAGAGACACCCTG,0,sg9
GGTCCTGCCGCTGCTTGTCATGG,ATTCCTGCCGCTCCTTGTGCTTG,0,sg4
CTTGCCCCACAGGGCAGTAACGG,CTTGCCCCACAGGGTTTTTATGA,0,sg3
GACACCGAAGCAGAGTTTTTAGG,GGCACAGTTGCAGAGTTTTCAGA,0,sg11
GGGTGGGGGGAGTTTGCTCCTGG,GGGTGGGGGAAGCATCTTCATGG,0,sg8
AATGACCACTACATCCTCAAGGG,CTTGACCATGAGATCCTCAAGGA,0,sg5
AAATGAGAAGAAGAGGCACAGGG,AAATGAGCAGAAGAGGCAGAGCA,0,sg9
AACACCAGTGAGTAGAGCGGAGG,TAGAGGGGTGAGTAGAGCGGAGG,0,sg1
AAATGAGAAGAAGAGGCACAGGG,GAAGGATATGAAGAGGCACACAG,0,sg9
GGGTGGGGGGAGTTTGCTCCTGG,GGGTGGGGGGTGTGGTCTCGTGC,0,sg8
AATGACCACTACATCCTCAAGGG,CATCACCACTACATCCTTAAATT,0,sg5
GGGTGGGGGGAGTTTGCTCCTGG,GGGGGTGGCGGGTTCCCTCCTGG,0,sg8
AAATGAGAAGAAGAGGCACAGGG,AAATGAGAATAAGAGAAACTTGG,0,sg9
GGGTGGGGGGAGTTTGCTCCTGG,GGGTGGGGGGAGCGTGATCGCGG,0,sg8
CCTGCCTCCGCTCTACTCACTGG,CCTGCCTCCTCACCCCTGACAGG,0,sg7
ATGAACACCAGTGAGTAGAGCGG,CTCTACACCGCTGAGTAGAGCTG,0,sg6
TGACATCAATTATTATACATCGG,TGGCATCATTTATTATACCAAGA,0,sg10
GACACCGAAGCAGAGTTTTTAGG,TACAATGATGCAGAGTTTTCACG,0,sg11
GGGTGGGGGGAGTTTGCTCCTGG,GCGCGGCTGGAGTTTGCTGCTGC,0,sg8
AATGACCACTACATCCTCAAGGG,CATCTCCACGACATCCTCAAGTT,0,sg5
GAATCCTAAAAACTCTGCTTCGG,GAATCCTAAAATCATTGCTTTAA,0,sg12
AAATGAGAAGAAGAGGCACAGGG,AAATGAGAAACAGAGCCAAAGAA,0,sg9
GGTCCTGCCGCTGCTTGTCATGG,GGTCCTGCCACTGTTTATCAGTT,0,sg4
TGACATCAATTATTATACATCGG,TTACAGCAATTATTAATCTTCTG,0,sg10
GGGTGGGGGGAGTTTGCTCCTGG,GGGTGGGGGTGGTTGGCCCCAAG,0,sg8
AAATGAGAAGAAGAGGCACAGGG,AGAGAAGAAGAAGAGTGACAGGA,0,sg9
CCTGCCTCCGCTCTACTCACTGG,CCTGCCTCCCCACTATTCTCTTC,0,sg7
GACACCGAAGCAGAGTTTTTAGG,CAGTCCCAGGCAGAGTTTTTAGG,0,sg11
GACACCGAAGCAGAGTTTTTAGG,GACACCGAAGCTGAGATTCTGAA,0,sg11
AAATGAGAAGAAGAGGCACAGGG,AAAGCAGAAGAAGAGGCAAAAGA,0,sg9
GGGTGGGGGGAGTTTGCTCCTGG,GGCTGGGGGGAGGACTCTGCTGG,0,sg8
GGGTGGGGGGAGTTTGCTCCTGG,GGTGGGGGGCAGGTGGCCCCTGG,0,sg8
GACACCGAAGCAGAGTTTTTAGG,GAGAGCGCACAAGAGTTTTTAGA,0,sg11
AAATGAGAAGAAGAGGCACAGGG,AATAGAGAGGCACAGGAACAGGG,0,sg9
AATGACCACTACATCCTCAAGGG,AATCACATATAAATCCTCAAGAG,0,sg5
AAATGAGAAGAAGAGGCACAGGG,AGAAGAGGAAAAGAGGCACAGAT,0,sg9
AAATGAGAAGAAGAGGCACAGGG,CAATTAGAAGAAGAGGCATCCTG,0,sg9
ATGAACACCAGTGAGTAGAGCGG,GTGTGGACCCGTGAGTAGAGCAG,0,sg6
CCTGCCTCCGCTCTACTCACTGG,CCTGCCTCCTGTCTCCTCCCCTG,0,sg7
GGTCCTGCCGCTGCTTGTCATGG,AGTTCTCCCGCTGCTTGTCAGTC,0,sg4
CCTGCCTCCGCTCTACTCACTGG,GCTGCCTCCGCTGTACTGAAATG,0,sg7
GGGTGGGGGGAGTTTGCTCCTGG,TGTTGGGGGGAGATCCCTCCTGT,0,sg8
AAATGAGAAGAAGAGGCACAGGG,CAAGGAGAAGAAGAGAGATGGGG,0,sg9
AACACCAGTGAGTAGAGCGGAGG,AGAACCAGTGAGGAGGGCTGGGG,0,sg1
AAATGAGAAGAAGAGGCACAGGG,AAATGAGAAAAACAGGCTGGGTG,0,sg9
GGGTGGGGGGAGTTTGCTCCTGG,GTGTTGGGTGAGTTTGCTCAAGC,0,sg8
TGACATCAATTATTATACATCGG,TAAAATACTTTATTATACATTGG,0,sg10
GACACCGAAGCAGAGTTTTTAGG,GAAACTGAAGCAGAGAAATAAGG,0,sg11
GGGTGGGGGGAGTTTGCTCCTGG,GGGTGGGTGGGGGTTGCTTTTTG,0,sg8
AAATGAGAAGAAGAGGCACAGGG,AAATGAGAAAAAGCAGCTAATGG,0,sg9
GGGTGGGGGGAGTTTGCTCCTGG,CTCTGCTGGGAGTTTGCTCCTGG,0,sg8
TGACATCAATTATTATACATCGG,TGACATCAAATTTTACATATAAG,0,sg10
CCTGCCTCCGCTCTACTCACTGG,CCTGCACAAGCTCTACTCACTGG,0,sg7
CTTGCCCCACAGGGCAGTAACGG,TTTGCCCCACAGGGCATTGACAG,0,sg3
AAATGAGAAGAAGAGGCACAGGG,ACACATGAAGAAGAGGCAGAAGG,0,sg9
AAATGAGAAGAAGAGGCACAGGG,AGCTGGGAAGCTGAGGCACAGAG,0,sg9
TGACATCAATTATTATACATCGG,TTTCTTTAATTATTATACATGGT,0,sg10
TGACATCAATTATTATACATCGG,TGTGACCAATTATTATACAGCAG,0,sg10
TGACATCAATTATTATACATCGG,TTGCCTCAATTATTATACACAGA,0,sg10
AAATGAGAAGAAGAGGCACAGGG,AAATGAGAAAAAGAGGGTGAGAG,0,sg9
AACACCAGTGAGTAGAGCGGAGG,AAGACCAGTGAGTAGTGCAGATG,0,sg1
TGACATCAATTATTATACATCGG,TCACATCAATTATTATAGCTTGG,1,sg10
AAATGAGAAGAAGAGGCACAGGG,AAATGAGAAAAAGAGACAGAGAA,0,sg9
AAATGAGAAGAAGAGGCACAGGG,CAATGCCAAGAAGAGGCATTGTG,0,sg9
AAATGAGAAGAAGAGGCACAGGG,AAATGAGAATAAAAACCAGAGGC,0,sg9
CCAGTGAGTAGAGCGGAGGCAGG,GCAGGCAGCAGAGCGGAGGATGG,0,sg2
CCTGCCTCCGCTCTACTCACTGG,GCTGCGTTCGCTCTACTCAAATG,0,sg7
TGACATCAATTATTATACATCGG,TGACAGCAATTATTATTCTGAGC,0,sg10
AAATGAGAAGAAGAGGCACAGGG,AAATAAGCAGCTGAGGCACAGCA,0,sg9
AAATGAGAAGAAGAGGCACAGGG,TGAGGAGAAGCAGAGGCACAGAG,0,sg9
CTTGCCCCACAGGGCAGTAACGG,CTTGGCCCACAGGGCTATAAAAG,0,sg3
AAATGAGAAGAAGAGGCACAGGG,AATTTAAAAAAAGAGGCACAGAA,0,sg9
GAATCCTAAAAACTCTGCTTCGG,GACTGAGCAAACCTCTGCTTCGG,0,sg12
GACACCGAAGCAGAGTTTTTAGG,GATTCAGAAGCAGAGTTTCTCTG,0,sg11
TGACATCAATTATTATACATCGG,TTAAATTATTTATTATACATTAG,0,sg10
CCTGCCTCCGCTCTACTCACTGG,CCTGCCTCCACTCCACACACACA,0,sg7
TGACATCAATTATTATACATCGG,TAACATATATTATTATACAATGT,0,sg10
CCAGTGAGTAGAGCGGAGGCAGG,CCAGTGAGTAGGCAAGAGTAAGG,0,sg2
CCTGCCTCCGCTCTACTCACTGG,CCTGAACCTGCTCTACTCATTTG,0,sg7
AAATGAGAAGAAGAGGCACAGGG,GAATGAGAAGAAAAAGCAAAAGG,0,sg9
GGTCCTGCCGCTGCTTGTCATGG,GTTCCTCCCGCTGCTTGTCACTC,0,sg4
AAATGAGAAGAAGAGGCACAGGG,TAATGAGAAGAAGTAACAAAGGA,0,sg9
AAATGAGAAGAAGAGGCACAGGG,GGAAGACAAGAAGAGGCAAAAGG,0,sg9
AAATGAGAAGAAGAGGCACAGGG,AAATGAAGGGCTGAGGCACAGAG,0,sg9
CTTGCCCCACAGGGCAGTAACGG,CCTGCATCACAGGGCAGTGACCA,0,sg3
AAATGAGAAGAAGAGGCACAGGG,GAAAAAGAAAAAGAGGCACAGGT,0,sg9
GGGTGGGGGGAGTTTGCTCCTGG,GGGTGGGGGAGGGCTGTTCCTGA,0,sg8
GGGTGGGGGGAGTTTGCTCCTGG,GGGTGGGGGGAATTAAATCATGG,0,sg8
AAATGAGAAGAAGAGGCACAGGG,AACTGAGAAGAAACGGTAAAGGA,0,sg9
AAATGAGAAGAAGAGGCACAGGG,ATATGGGAAAGGGAGGCACAGAG,0,sg9
AAATGAGAAGAAGAGGCACAGGG,AAATATATAGATGAGGCACAGTG,0,sg9
TGACATCAATTATTATACATCGG,TGAGAGAATTTATTATACATTGA,0,sg10
AATGACCACTACATCCTCAAGGG,AATGACCACTACTTCGTTTAGTT,0,sg5
AAATGAGAAGAAGAGGCACAGGG,CACAGAGAAGAAGAGGGAGAGTG,0,sg9
ATGAACACCAGTGAGTAGAGCGG,AGCAAAAGCAGTGAGTAGAGGGA,0,sg6
TGACATCAATTATTATACATCGG,TGCCCTCAATTATTAAACACCAC,0,sg10
AAATGAGAAGAAGAGGCACAGGG,CAATGAGAAGAATCTGCACTAGG,0,sg9
CTTGCCCCACAGGGCAGTAACGG,CTTGCCCCACAGGTGGGTGAGAG,0,sg3
GGGTGGGGGGAGTTTGCTCCTGG,CGGTGGGGGGAGAGAGATGCTGG,0,sg8
CCAGTGAGTAGAGCGGAGGCAGG,CCAGTGAGTGATGAGAACGCAGG,0,sg2
AACACCAGTGAGTAGAGCGGAGG,ACCACCAGTGAGTAAAGCAAGCG,0,sg1
AATGACCACTACATCCTCAAGGG,GATCACGACGAAATCCTCAAGAG,0,sg5
AAATGAGAAGAAGAGGCACAGGG,GAGTGGGAAGAAGAGACACAGCC,0,sg9
GACACCGAAGCAGAGTTTTTAGG,GAGAAGTTAGCAGAGTTTTTAGT,0,sg11
CCTGCCTCCGCTCTACTCACTGG,CCTGCCTTGACACTACTCACTCC,0,sg7
AAATGAGAAGAAGAGGCACAGGG,AAGGGGGAAGAAGAGGAGGAGGG,0,sg9
AAATGAGAAGAAGAGGCACAGGG,ATATAAGAAGAAGAGACATCAGG,0,sg9
AAATGAGAAGAAGAGGCACAGGG,AAATGAGAAGAGGATTGAGAGGC,0,sg9
GGGTGGGGGGAGTTTGCTCCTGG,GGGTGGGGGGCTTGAGCTTCTGC,0,sg8
GGGTGGGGGGAGTTTGCTCCTGG,GGGTGGGGGGAGTTAGGGGCGGA,0,sg8
AAATGAGAAGAAGAGGCACAGGG,AAAGGTGAAGAAGAGACCCAGGG,0,sg9
GGGTGGGGGGAGTTTGCTCCTGG,GGGTGGGGGGAGAAAGCTTGTGG,0,sg8
GGGTGGGGGGAGTTTGCTCCTGG,GGGGGGAGGCAGTGTGCACCTGT,0,sg8
GACACCGAAGCAGAGTTTTTAGG,TAGGCAGAAGCAGAGTTTATAAG,0,sg11
CCTGCCTCCGCTCTACTCACTGG,CCTCCCCCAGCTCTTCTCCCTGT,0,sg7
GAATCCTAAAAACTCTGCTTCGG,TATTCCTAAAAACTGTGGTTTGC,0,sg12
GAATCCTAAAAACTCTGCTTCGG,CAATCCACAAGCCTCTGCTTCTG,0,sg12
GACACCGAAGCAGAGTTTTTAGG,GACCCAGAAGCAGAGATGTGAGG,0,sg11
GGGTGGGGGGAGTTTGCTCCTGG,GGATGCACAGTGTTTGCTCCTGG,0,sg8
CTTGCCCCACAGGGCAGTAACGG,CTGGCCCCACAGGGCTTGACCGA,0,sg3
GGGTGGGGGGAGTTTGCTCCTGG,GGGTGGGGGGCAGTGGCTCATGC,0,sg8
GACACCGAAGCAGAGTTTTTAGG,GACATTTATGTAGAGTTTTTAGT,0,sg11
AAATGAGAAGAAGAGGCACAGGG,AAGGGAGAAGAAGAGGAAGAGGA,0,sg9
TGACATCAATTATTATACATCGG,TGTCATCAATTATAATACACACC,0,sg10
AAATGAGAAGAAGAGGCACAGGG,AAATGAGAAAATGAGGAAGAGGG,0,sg9
AAATGAGAAGAAGAGGCACAGGG,TGATAAACAGAAGAGGCACAGGG,0,sg9
AAATGAGAAGAAGAGGCACAGGG,CAGGGACAGGAAGAGGCACAAGG,0,sg9
ATGAACACCAGTGAGTAGAGCGG,ATGAACACCAGTGAATACATAGG,1,sg6
TGACATCAATTATTATACATCGG,TCTCACCAATTTTTATACATCAA,0,sg10
CCAGTGAGTAGAGCGGAGGCAGG,CCAGTGAGTAGGGCTGGGGCAGG,1,sg2
GGGTGGGGGGAGTTTGCTCCTGG,GGGTGGGGGGAGCTTCTTTTTGA,0,sg8
GAATCCTAAAAACTCTGCTTCGG,GAATCCCAAATCCTCTGCTTCAG,0,sg12
CCTGCCTCCGCTCTACTCACTGG,CCTGCCTCCTGTTGACTCCCAGG,0,sg7
CCTGCCTCCGCTCTACTCACTGG,TGTGGAGCCCCTCTACTCACTGG,0,sg7
ATGAACACCAGTGAGTAGAGCGG,AGCAAAACCAGTGAGTACAGATG,0,sg6
GAATCCTAAAAACTCTGCTTCGG,AAATCCTAAAAACTCCCCTGAGC,0,sg12
AAATGAGAAGAAGAGGCACAGGG,AAATGAGAAAAACAAGCAATGGG,0,sg9
CTTGCCCCACAGGGCAGTAACGG,CCTGCCCCACAGGGCACCAGGAG,0,sg3
AAATGAGAAGAAGAGGCACAGGG,AAATGAGAATAGGTGACCCAGGT,0,sg9
AATGACCACTACATCCTCAAGGG,AATGACCACTCCTTACACAAGCT,0,sg5
CCAGTGAGTAGAGCGGAGGCAGG,CCAGCACGTGGAGCGGAGGCAGA,0,sg2
AACACCAGTGAGTAGAGCGGAGG,GAGACCAGTGAGCAGCACAGAGG,0,sg1
GGGTGGGGGGAGTTTGCTCCTGG,GGGTGGGGGGCATTCGCCACAGG,0,sg8
AAATGAGAAGAAGAGGCACAGGG,AACTGAGAAGCTGAGGCACAGAG,0,sg9
AATGACCACTACATCCTCAAGGG,AGTGACCTCTACATCCTCATAGC,0,sg5
GGGTGGGGGGAGTTTGCTCCTGG,AAGTGAATGGAGTTTGCTCCTGT,0,sg8
AAATGAGAAGAAGAGGCACAGGG,AAATGAGAATAAAAGACCAAAGG,0,sg9
GAATCCTAAAAACTCTGCTTCGG,GCATAGTGATAACTCTGCTTCTG,0,sg12
GGGTGGGGGGAGTTTGCTCCTGG,CGGTGGGGGGAGGGGGGTCCTGT,0,sg8
AAATGAGAAGAAGAGGCACAGGG,GAAGGTGAAGATGAGGCACAGGG,0,sg9
CCAGTGAGTAGAGCGGAGGCAGG,TTAATTAGCAGAGCGGAGGCTGG,0,sg2
GGGTGGGGGGAGTTTGCTCCTGG,GGGTGGGGGGAGCCCTCTTCTGT,0,sg8
TGACATCAATTATTATACATCGG,AAACATTTATTATTATACAACAG,0,sg10
GGGTGGGGGGAGTTTGCTCCTGG,GGGGGGGGGGGGGTTGTTCCTCC,0,sg8
ATGAACACCAGTGAGTAGAGCGG,GTGAGCAGCAGTGAGTAGTCTGG,0,sg6
CTTGCCCCACAGGGCAGTAACGG,CTGGAGCCGCGGGGCAGTAACTG,0,sg3
AAATGAGAAGAAGAGGCACAGGG,AAATGAGAAGAGCAGGCTCCGTT,0,sg9
GACACCGAAGCAGAGTTTTTAGG,GAAATGGAAGCAGAGTTTTCAGT,0,sg11
GAATCCTAAAAACTCTGCTTCGG,GAGACCTTAAATCTCTGCTTCCA,0,sg12
AAATGAGAAGAAGAGGCACAGGG,AAATGAGAAGGGCTTGCCCAGGG,0,sg9
GACACCGAAGCAGAGTTTTTAGG,GAGAGAGATGTAGAGTTTTTAGG,0,sg11
AAATGAGAAGAAGAGGCACAGGG,AAATGAGAAAAAAAAGAAAAGTG,0,sg9
GAATCCTAAAAACTCTGCTTCGG,TTATCCTAAAAAGTTCCCTTCGG,0,sg12
CCTGCCTCCGCTCTACTCACTGG,CCTGCCTCCACGCTCCTCCCTGG,0,sg7
AATGACCACTACATCCTCAAGGG,AATTAGCACTACATCACGAAAGG,0,sg5
GGTCCTGCCGCTGCTTGTCATGG,GCTGGTGCCGCTGCTTCTTGTGG,0,sg4
GGGTGGGGGGAGTTTGCTCCTGG,GGGTGGGGGGTGTCTCTTCATGC,0,sg8
GGTCCTGCCGCTGCTTGTCATGG,TCACTTGGCTCTGCTTGTCATGG,0,sg4
GACACCGAAGCAGAGTTTTTAGG,GACACCAATTTAGAGTTTTTATT,0,sg11
TGACATCAATTATTATACATCGG,TTACTTCAATTATTATTCATTTC,0,sg10
AAATGAGAAGAAGAGGCACAGGG,AAATGAGAAAAAGGGGCCCCTGG,0,sg9
GACACCGAAGCAGAGTTTTTAGG,GCCTCCTAAGAAGAGTTTTTATT,0,sg11
AAATGAGAAGAAGAGGCACAGGG,AAATGAGAAGTGGAGGCAGCCAG,0,sg9
TGACATCAATTATTATACATCGG,TGACATCAAATATTATAAATGTA,0,sg10
CCAGTGAGTAGAGCGGAGGCAGG,GCAGACAGGTGTGCGGAGGCAGG,0,sg2
AAATGAGAAGAAGAGGCACAGGG,AAATGAGAAGAAAATTCTCCTGG,0,sg9
AAATGAGAAGAAGAGGCACAGGG,TAAAAAAAAGAAGAGGCAGAGAG,0,sg9
TGACATCAATTATTATACATCGG,TGACATCAATGCAAATCCATCAG,0,sg10
AATGACCACTACATCCTCAAGGG,AATCACCAGTACATCCTCTGAAG,0,sg5
CCTGCCTCCGCTCTACTCACTGG,CCTGCCTCCCCCCTCCTGAGTAG,0,sg7
AAATGAGAAGAAGAGGCACAGGG,AGAAGAAAAGAAGAGGCTCACAG,0,sg9
GGGTGGGGGGAGTTTGCTCCTGG,GGGTGGGGGGAGCCCTCCCCTGC,0,sg8
AAATGAGAAGAAGAGGCACAGGG,GAAGGAGAAACAGAGGCAGGGGG,0,sg9
AAATGAGAAGAAGAGGCACAGGG,AATAAAGAAACAGAGGCACAGAG,0,sg9
AACACCAGTGAGTAGAGCGGAGG,AACAAAAGTGAGTAGAGGGGATA,0,sg1
CTTGCCCCACAGGGCAGTAACGG,GTAGCCCCACAGTGTAGTAGTGG,0,sg3
AAATGAGAAGAAGAGGCACAGGG,GATCTAGGAGAAGAGGCACAGAG,0,sg9
GACACCGAAGCAGAGTTTTTAGG,GTCAAAGAAGCAGAGTTATAGGG,0,sg11
AAATGAGAAGAAGAGGCACAGGG,AAATGAGAAAAAGAGTAACTGTC,0,sg9
AAATGAGAAGAAGAGGCACAGGG,AAAGAAGAAACCGAGGCACAGAG,0,sg9
AATGACCACTACATCCTCAAGGG,ATAGCTCACTGCATCCTCAAGTG,0,sg5
TGACATCAATTATTATACATCGG,TGAAAAAAATTATTATACATATC,0,sg10
GGGTGGGGGGAGTTTGCTCCTGG,GAGTGGCAGCATTTTGCTCCTGC,0,sg8
CTTGCCCCACAGGGCAGTAACGG,CCAGCACCACAGGGCACGCACGG,0,sg3
AAATGAGAAGAAGAGGCACAGGG,AGAAGAAGAGAAGAGACACAGGG,0,sg9
AAATGAGAAGAAGAGGCACAGGG,AAAAGGTAGGAAGAGGCAGAGGA,0,sg9
AAATGAGAAGAAGAGGCACAGGG,AAATGAGAATGAAAGGGACATGT,0,sg9
CCTGCCTCCGCTCTACTCACTGG,CCTGCCTCCTCTCTCCTTTCTCC,0,sg7
GAATCCTAAAAACTCTGCTTCGG,CAATCCTAAAAACTGAGCTTTGA,0,sg12
ATGAACACCAGTGAGTAGAGCGG,ATGAACACCTGAGCCTGGCGCGG,0,sg6
AAATGAGAAGAAGAGGCACAGGG,AAATGAGAACACCAGGCACCGTG,0,sg9
CCTGCCTCCGCTCTACTCACTGG,CCTGCCTCCTGTCCTCCCATTGG,0,sg7
CCAGTGAGTAGAGCGGAGGCAGG,CTGGTCAGGCGCGCGGAGGCAGG,0,sg2
CCTGCCTCCGCTCTACTCACTGG,CCTGCCTCCTCAGGCCTCTCTGG,0,sg7
ATGAACACCAGTGAGTAGAGCGG,ATAAAAACCAGTGAGTAGGGACA,0,sg6
AAATGAGAAGAAGAGGCACAGGG,AAGAGAGATGAAGGGACCCAGGG,0,sg9
TGACATCAATTATTATACATCGG,TCAGATAAATTATTATACAGCTA,0,sg10
CCTGCCTCCGCTCTACTCACTGG,CCTGCCTCCTCTATGCTTTCTGT,0,sg7
AACACCAGTGAGTAGAGCGGAGG,ATCACCAGTGAGAAGAGTGTACA,0,sg1
AAATGAGAAGAAGAGGCACAGGG,TACAGAGATGAAGAGGCACATGA,0,sg9
CCTGCCTCCGCTCTACTCACTGG,CCTGCCTCCTACCTACTAAGTTG,0,sg7
AAATGAGAAGAAGAGGCACAGGG,CCATGAAGGGAGGAGGCACAGGG,0,sg9
CCTGCCTCCGCTCTACTCACTGG,CCTGCCTCCGCCCTCCCAAGTGC,0,sg7
GGGTGGGGGGAGTTTGCTCCTGG,GGGTGGGTGGGGGCTGCTACTTG,0,sg8
GGGTGGGGGGAGTTTGCTCCTGG,GGGTGGGGGTAGAGGGCTCCCGG,0,sg8
CCAGTGAGTAGAGCGGAGGCAGG,CCAGTGAGTAGAGAACAGGAAGA,0,sg2
CCTGCCTCCGCTCTACTCACTGG,CCTGCCTCCTCCTTCCTCCCTGG,0,sg7
TGACATCAATTATTATACATCGG,TTGCATCAATTACTATTCAGCAG,0,sg10
AAATGAGAAGAAGAGGCACAGGG,AAATGTCCAGAAGAGGCAAAGCA,0,sg9
AAATGAGAAGAAGAGGCACAGGG,AAATGAGAAGAGCAGGCACTCAG,0,sg9
AATGACCACTACATCCTCAAGGG,ACTTAGCAAAACATCCTCAAGGT,0,sg5
GACACCGAAGCAGAGTTTTTAGG,GACTCTGAAGCAGAGACTTTGGC,0,sg11
GACACCGAAGCAGAGTTTTTAGG,TTTACCTCAGCAGAGTTTTTAGT,0,sg11
AATGACCACTACATCCTCAAGGG,AATGACCACTACATGGTGCAGCC,0,sg5
GGGTGGGGGGAGTTTGCTCCTGG,GGGTGGGGGGCGGGTGCAGGTGG,0,sg8
GGGTGGGGGGAGTTTGCTCCTGG,GGGGTGGGGGAGTTTGTTCTGTG,0,sg8
AAATGAGAAGAAGAGGCACAGGG,CACGGGGAGTAAGAGGCACAGGG,0,sg9
AAATGAGAAGAAGAGGCACAGGG,AAATGAGAAGAAAAGAGACATCA,0,sg9
CTTGCCCCACAGGGCAGTAACGG,CGTGCACCACAGGGCACTTCCGT,0,sg3
AATGACCACTACATCCTCAAGGG,TCTGAGAACAACATCCTCAAGGT,0,sg5
TGACATCAATTATTATACATCGG,TATCATCAATTATTTTAAATCAA,0,sg10
AAATGAGAAGAAGAGGCACAGGG,AAAAGGGAAGAAGAGGAAGAAAG,0,sg9
AAATGAGAAGAAGAGGCACAGGG,AAATGAGAAGAGAGGCCAAAGGG,0,sg9
ATGAACACCAGTGAGTAGAGCGG,GTGAAGGAAAGTGAGTAGAGAGG,0,sg6
AACACCAGTGAGTAGAGCGGAGG,AATACCAGTGAGAAGACCAGATG,0,sg1
CCTGCCTCCGCTCTACTCACTGG,CCTGCCTCCCATCCTCTCCGTGG,0,sg7
AATGACCACTACATCCTCAAGGG,CCTGACTAATACATCCTCCAGGC,0,sg5
AAATGAGAAGAAGAGGCACAGGG,AAATGAGAAGGTGAGGCAGAGAT,0,sg9
AAATGAGAAGAAGAGGCACAGGG,TGATGAGAAGAACAAACAAAGGG,0,sg9
AAATGAGAAGAAGAGGCACAGGG,AAATGAGAAGAGAAAGCACTAGC,0,sg9
CTTGCCCCACAGGGCAGTAACGG,TAAGCCCCACAGGGCACTCACAG,0,sg3
AAATGAGAAGAAGAGGCACAGGG,AGAGGAGGAAATGAGGCACAGAG,0,sg9
AAATGAGAAGAAGAGGCACAGGG,CCATGATAAACTGAGGCACAGGG,0,sg9
GAATCCTAAAAACTCTGCTTCGG,CAATCCTAAAAAATCTATTACTG,0,sg12
GGGTGGGGGGAGTTTGCTCCTGG,GGGTGGGGGGATCTGGCACCTGC,0,sg8
GGTCCTGCCGCTGCTTGTCATGG,TTTCCCTTTGCTGCTTGTCATGG,0,sg4
AAATGAGAAGAAGAGGCACAGGG,AAAGAAGAAACTGAGGCACAGAG,0,sg9
GGGTGGGGGGAGTTTGCTCCTGG,GGGTGGGGGTGGTTTGCAGGTGT,0,sg8
AAATGAGAAGAAGAGGCACAGGG,GAAATAGAGGAAGAGGCAAAGGA,0,sg9
GACACCGAAGCAGAGTTTTTAGG,TCTCCCCAAGCAGAGTTTTTAAG,0,sg11
AAATGAGAAGAAGAGGCACAGGG,AGATGAGAAGAACCGGCAAAGTA,0,sg9
AAATGAGAAGAAGAGGCACAGGG,CAATTAGGAGATGAGGCACAGCT,0,sg9
CTTGCCCCACAGGGCAGTAACGG,CATTCACCACAGGGCAGTGGCTG,0,sg3
GGGTGGGGGGAGTTTGCTCCTGG,GGGTGGGGGTGGTGGCCTCCAGG,0,sg8
AACACCAGTGAGTAGAGCGGAGG,GACATCAGTGAGTAGAGCAGAGT,0,sg1
AATGACCACTACATCCTCAAGGG,AATATCCACTACATCTGCAAGGT,0,sg5
GGGTGGGGGGAGTTTGCTCCTGG,AGGGGAGGGGAGTTTTCCCCTGA,0,sg8
GGGTGGGGGGAGTTTGCTCCTGG,GGGTGGGGGGAGTGCGAGGCTGC,0,sg8
CCTGCCTCCGCTCTACTCACTGG,CCTGCCTCCGCTGTTGTCAAACG,0,sg7
GAATCCTAAAAACTCTGCTTCGG,GCATCCTAAAAACCCTTCTCAGC,0,sg12
TGACATCAATTATTATACATCGG,TAACAACATTAATTATACATCAA,0,sg10
ATGAACACCAGTGAGTAGAGCGG,GTAAACACCAGTGAGCACACCTG,0,sg6
TGACATCAATTATTATACATCGG,TATAAGCAATTATTATAAATTGG,0,sg10
CCAGTGAGTAGAGCGGAGGCAGG,CCAGTGAGTAGGGGGCAGGGATA,0,sg2
GGGTGGGGGGAGTTTGCTCCTGG,GGATGGGGAGAGTTTGCTGTTAA,0,sg8
AACACCAGTGAGTAGAGCGGAGG,GGCATCAGTGAGTAGAGACGAAG,0,sg1
AAATGAGAAGAAGAGGCACAGGG,GAATGAGAAGAAAAGGCAAAGAC,0,sg9
AAATGAGAAGAAGAGGCACAGGG,AAATGAGAAGTAGAGATGCAGAG,0,sg9
CCTGCCTCCGCTCTACTCACTGG,CCTGCCTCCCCTCTGCCCTATGC,0,sg7
CCAGTGAGTAGAGCGGAGGCAGG,CCAGTGAGTGGACCAGATTCAGT,0,sg2
AACACCAGTGAGTAGAGCGGAGG,GATAGCCTTGAGTAGAGCTGAGG,0,sg1
GGGTGGGGGGAGTTTGCTCCTGG,AGGAGTGCCGAGTTTGCTTCTGG,0,sg8
AAATGAGAAGAAGAGGCACAGGG,AAATGGACAGCAGAGGCACAGTG,0,sg9
ATGAACACCAGTGAGTAGAGCGG,ATGGAGACCAGTGAGTACACTGG,0,sg6
AATGACCACTACATCCTCAAGGG,AATGACCACTAGAAGCTCCCTGG,0,sg5
CCTGCCTCCGCTCTACTCACTGG,CCTGCCTCCTGACTGCTGATTGG,0,sg7
AAATGAGAAGAAGAGGCACAGGG,ATTAGAGAAGAAGAGGCACTTTG,0,sg9
GGGTGGGGGGAGTTTGCTCCTGG,GTGTGGGGGGAGCTTGGCACAGG,0,sg8
CCAGTGAGTAGAGCGGAGGCAGG,TCAGTGAGCAGAGCGGAGACTTT,0,sg2
CTTGCCCCACAGGGCAGTAACGG,TCTGCCCCACAGGGCCCTAAAGC,0,sg3
AAATGAGAAGAAGAGGCACAGGG,ATGATACAAGAAGAGGCACATGG,0,sg9
AAATGAGAAGAAGAGGCACAGGG,TTTTCAGAAGAAGAGGCATAGGA,0,sg9
AAATGAGAAGAAGAGGCACAGGG,AGAGATGGAGAAGAGGCACAGAG,0,sg9
GACACCGAAGCAGAGTTTTTAGG,AAGAAAGAAGCAGAGATTTGAGG,0,sg11
GGGTGGGGGGAGTTTGCTCCTGG,TGGTGGGGGGAGTTTCATGCAGG,0,sg8
CTTGCCCCACAGGGCAGTAACGG,AATGCCCCACAGATCAGTGATGG,0,sg3
GACACCGAAGCAGAGTTTTTAGG,GACATAAAGGCAGAGTTTCTAGT,0,sg11
CTTGCCCCACAGGGCAGTAACGG,CTCGCCCCACAGAGAAGAAGCTG,0,sg3
AAATGAGAAGAAGAGGCACAGGG,AAAGAGGAAGAAGAGTGACAGGT,0,sg9
CCTGCCTCCGCTCTACTCACTGG,CCTGCCTCCTTTCTAGAGACTGG,0,sg7
TGACATCAATTATTATACATCGG,TCAGAGCAATTATTACACATTTG,0,sg10
CTTGCCCCACAGGGCAGTAACGG,CCAGTGCCACAGGGCAGTAAACG,0,sg3
AAATGAGAAGAAGAGGCACAGGG,AAATGAGAATACAAGGAAAAGGC,0,sg9
GGGTGGGGGGAGTTTGCTCCTGG,GGGTGGGGGGCGTCCCCTGATGG,0,sg8
AAATGAGAAGAAGAGGCACAGGG,GGATGGGAAGAAGAGGCAGGGGA,0,sg9
AAATGAGAAGAAGAGGCACAGGG,AAATGAGAAATTGAGGCACAGAG,0,sg9
GGGTGGGGGGAGTTTGCTCCTGG,GGGGGGTGGCAGTGTACTACTGG,0,sg8
TGACATCAATTATTATACATCGG,TGACATCAAGTTTAAGCCCTCGG,0,sg10
AACACCAGTGAGTAGAGCGGAGG,GACACAATTGAGTAGAGCATATG,0,sg1
GGGTGGGGGGAGTTTGCTCCTGG,GGGTGGGGGGAATGGCCTCCGAG,0,sg8
GGTCCTGCCGCTGCTTGTCATGG,GGTCCTGCCTCAGCCTCTCACTG,0,sg4
AAATGAGAAGAAGAGGCACAGGG,GACTGTGAAGAAGAGGCACAGTC,0,sg9
AAATGAGAAGAAGAGGCACAGGG,AGTTGAGGAACTGAGGCACAGGG,0,sg9
TGACATCAATTATTATACATCGG,TGAGGCCAATTATTAGACTTCAG,0,sg10
AATGACCACTACATCCTCAAGGG,AATGACCACCATATCATTAAAGC,0,sg5
ATGAACACCAGTGAGTAGAGCGG,CTGAACACCAGTGAGCCCAGGGC,0,sg6
GGGTGGGGGGAGTTTGCTCCTGG,GGTGGGGGGTAGGTTGCTGATGG,0,sg8
GACACCGAAGCAGAGTTTTTAGG,GAGAGGGAAGTGGAGTTTTTAAG,0,sg11
AATGACCACTACATCCTCAAGGG,AATGACCACTCCTTATTTAATGG,0,sg5
AATGACCACTACATCCTCAAGGG,AATGCCGTCTTTATCCTCAAGGG,0,sg5
AACACCAGTGAGTAGAGCGGAGG,AACACCAGGGAGTAGAGCTACCC,0,sg1
GGGTGGGGGGAGTTTGCTCCTGG,AGATTTGGGGAGTTTGCTGCTGT,0,sg8
AAATGAGAAGAAGAGGCACAGGG,AGAAGTGAAGAAGAAGAAGAGGG,0,sg9
CCTGCCTCCGCTCTACTCACTGG,CCTTCCCCCACCCTACTCACTGC,0,sg7
CTTGCCCCACAGGGCAGTAACGG,CTTGCCCCATAGGGAAGTAAGTG,0,sg3
CCAGTGAGTAGAGCGGAGGCAGG,CGAGTGAGTAGAGGCCAGGTATG,0,sg2
AAATGAGAAGAAGAGGCACAGGG,AAATAAGAAGAAGAGGGGCTGAG,0,sg9
GACACCGAAGCAGAGTTTTTAGG,GAAGGAGAATCTGAGTTTTTAGG,0,sg11
GACACCGAAGCAGAGTTTTTAGG,CACACTGATGCAGAGTTTTTCTC,0,sg11
AACACCAGTGAGTAGAGCGGAGG,AACACCAGTGAGTGGAGATCTAG,0,sg1
TGACATCAATTATTATACATCGG,TGAAGTGAATTATTATACATTTT,0,sg10
CTTGCCCCACAGGGCAGTAACGG,CTTCCCTCCCAGGGCAGTGACAG,0,sg3
AAATGAGAAGAAGAGGCACAGGG,ACAGAAGAAGAAGAGGAAGAAGG,0,sg9
AAATGAGAAGAAGAGGCACAGGG,AAATGAGAAAAAGAGGAAGAAAT,0,sg9
AAATGAGAAGAAGAGGCACAGGG,AAATGAGAAGAAAGGGCAAGGAG,0,sg9
TGACATCAATTATTATACATCGG,TGACATCAATTACTAAACATAAT,0,sg10
GACACCGAAGCAGAGTTTTTAGG,GACTCCTAAGCAGAGTTTTGAGA,0,sg11
ATGAACACCAGTGAGTAGAGCGG,AAAAACACGAGTGAGTAGAGCAT,0,sg6
CCTGCCTCCGCTCTACTCACTGG,CCTGCCTCCTCTGCACCATCTGG,0,sg7
CCTGCCTCCGCTCTACTCACTGG,CCTGCCTCCACTCTGGCCTCTGG,0,sg7
GACACCGAAGCAGAGTTTTTAGG,AACCCTGGAGCAGAGTTTTTAAG,0,sg11
GACACCGAAGCAGAGTTTTTAGG,CACAGCGAGGCAGAGTTTCTAGA,0,sg11
AAATGAGAAGAAGAGGCACAGGG,AAGAGAAAGGAAGAGGCACAGGG,0,sg9
GGGTGGGGGGAGTTTGCTCCTGG,GGGTGGGGGGAGTTTAATTATTT,0,sg8
GAATCCTAAAAACTCTGCTTCGG,TAAACTTCAAAACTCTGCTAAGG,0,sg12
ATGAACACCAGTGAGTAGAGCGG,GTAGACATCAGTGAGTAGAGCAG,0,sg6
GGTCCTGCCGCTGCTTGTCATGG,GGTCCTGCCGGTGCTGGGGACTG,0,sg4
AAATGAGAAGAAGAGGCACAGGG,GACTGTGAGAAAGAGGCACAGGA,0,sg9
ATGAACACCAGTGAGTAGAGCGG,ACTAACACCAGTTAGAAGAGCAA,0,sg6
CCAGTGAGTAGAGCGGAGGCAGG,CAGGTGAGTAGAGCTGAGGCCAT,0,sg2
ATGAACACCAGTGAGTAGAGCGG,TTGAACACCAGTGCTTCAAGCTG,0,sg6
GGTCCTGCCGCTGCTTGTCATGG,GTTTCAGCTGCTGCTTGTCATGC,0,sg4
CTTGCCCCACAGGGCAGTAACGG,CATCCCTCTCAGGGCAGTACAGG,0,sg3
AAATGAGAAGAAGAGGCACAGGG,GAATGAGAAGAAAAGCCCAAGAG,0,sg9
AAATGAGAAGAAGAGGCACAGGG,CAGTGTGAAGAAGAGGTGCTGGG,0,sg9
AAATGAGAAGAAGAGGCACAGGG,AAATGAGAACAAGGGGCACGTGA,0,sg9
TGACATCAATTATTATACATCGG,TAACATCAATTATTATATTACAT,0,sg10
GACACCGAAGCAGAGTTTTTAGG,GAAAAGGAAGCAGAGTATATAGA,0,sg11
CCTGCCTCCGCTCTACTCACTGG,CCACCCACCCCTCTACTCACTCT,0,sg7
GGGTGGGGGGAGTTTGCTCCTGG,GGAAGAGGGGAGTTTGCTCCCCA,0,sg8
CCAGTGAGTAGAGCGGAGGCAGG,CCGTGGAGCAGGGCGGAGGCAGA,0,sg2
GACACCGAAGCAGAGTTTTTAGG,GACACAGAAGCAGAGGGGTTCAG,0,sg11
AAATGAGAAGAAGAGGCACAGGG,AAATGAGAAGATGAGCCTCTGAG,0,sg9
AATGACCACTACATCCTCAAGGG,GGTGACACCTACATCCTCAAAGA,0,sg5
AAATGAGAAGAAGAGGCACAGGG,GAATTATGAGAAGAGGCAGAGGC,0,sg9
CTTGCCCCACAGGGCAGTAACGG,CTGGCTCCACAGGGCATCAGCTG,0,sg3
ATGAACACCAGTGAGTAGAGCGG,ATGAACACCTGTGAGTGGCTGAG,0,sg6
AAATGAGAAGAAGAGGCACAGGG,AAGACAGAAGAAGAGACAAAGGC,0,sg9
CCTGCCTCCGCTCTACTCACTGG,CAGGCCTCCGCTCTTCTCATAGC,0,sg7
GGGTGGGGGGAGTTTGCTCCTGG,AGGTGGGGGGAGCATGATCTGGG,0,sg8
AAATGAGAAGAAGAGGCACAGGG,GAGAAAGAAGAAGAGGGACAGTG,0,sg9
AAATGAGAAGAAGAGGCACAGGG,AAATGAGAAGATAAGAGATAAGG,0,sg9
GACACCGAAGCAGAGTTTTTAGG,TACATACAAGCAGAGTTTTTAAA,0,sg11
AAATGAGAAGAAGAGGCACAGGG,AAATGAGAATAAAAGGCAAAAAG,0,sg9
AAATGAGAAGAAGAGGCACAGGG,ATATAGGAAGAAGAGGTATAGGT,0,sg9
AAATGAGAAGAAGAGGCACAGGG,AAATGAGAAAAAGGTGCAATGTG,0,sg9
GGGTGGGGGGAGTTTGCTCCTGG,GGGTGGGGGGATTTAGGATCTGG,0,sg8
GACACCGAAGCAGAGTTTTTAGG,GAGAGAGAAGAAGAGTTTTTATT,0,sg11
GGGTGGGGGGAGTTTGCTCCTGG,GGGTGGGGGCAATCCTCTCCTGC,0,sg8
AATGACCACTACATCCTCAAGGG,AATGACCACTACAATTAGAATGG,0,sg5
AAATGAGAAGAAGAGGCACAGGG,ATAAGAAAAGAAGAGGCAGAATG,0,sg9
AAATGAGAAGAAGAGGCACAGGG,AATTGAGAAGAAGACGGATGGTG,0,sg9
AATGACCACTACATCCTCAAGGG,AATGAACAGTGTATCCTCAAGGA,0,sg5
AAATGAGAAGAAGAGGCACAGGG,AAGGGAGAAACAGAGGCACAGAG,0,sg9
CTTGCCCCACAGGGCAGTAACGG,CTTCCTCCACAGGGCAGTGTCTC,0,sg3
AAATGAGAAGAAGAGGCACAGGG,AGAAGGTAAGAAGAGGCAATGGG,0,sg9
GGGTGGGGGGAGTTTGCTCCTGG,GGGTGGGGGCGGCTTGCCCCTGT,0,sg8
CTTGCCCCACAGGGCAGTAACGG,CCAGCACCACAGGGCTGAAAAGG,0,sg3
CCTGCCTCCGCTCTACTCACTGG,CCTGCCTCCCCTCTGCTCTAAGA,0,sg7
TGACATCAATTATTATACATCGG,TGGGATCTATTATTATACATCAT,0,sg10
CTTGCCCCACAGGGCAGTAACGG,CTAGCCACCCAGGGCAGTTGCAG,0,sg3
CTTGCCCCACAGGGCAGTAACGG,CTTGCCCCACTGAGAAGTGAAAG,0,sg3
AAATGAGAAGAAGAGGCACAGGG,GAGAGAGAAGAAGAGTCAGAAGG,0,sg9
AATGACCACTACATCCTCAAGGG,TCTGACCACTACTTTCCCAAGGC,0,sg5
TGACATCAATTATTATACATCGG,TTACTACAATTATTATGCATCAA,0,sg10
AAATGAGAAGAAGAGGCACAGGG,GGATCAGAGGCAGAGGCACAGGC,0,sg9
AAATGAGAAGAAGAGGCACAGGG,AGATCAGTCCAAGAGGCACAGAG,0,sg9
CTTGCCCCACAGGGCAGTAACGG,CATGCCCCACAGGCCGGGCGCGG,0,sg3
TGACATCAATTATTATACATCGG,TGACATCAACTCATTTACATAGG,0,sg10
CTTGCCCCACAGGGCAGTAACGG,CATGGCCCCCAGGGCAGTTCGGG,0,sg3
CCTGCCTCCGCTCTACTCACTGG,CCTGCCTCCTCTTATCTCCCAGG,0,sg7
AAATGAGAAGAAGAGGCACAGGG,GCCAGAGAAGCAGAGGCACAGGA,0,sg9
AAATGAGAAGAAGAGGCACAGGG,AAATGAGAAAGAGAGGCATAACT,0,sg9
GACACCGAAGCAGAGTTTTTAGG,CTCACAGACTAAGAGTTTTTAGG,0,sg11
CCTGCCTCCGCTCTACTCACTGG,CCTGCCTCCACTCTTGCCCCTGA,0,sg7
GAATCCTAAAAACTCTGCTTCGG,GAAGCCTTCAGGCTCTGCTTCTG,0,sg12
AAATGAGAAGAAGAGGCACAGGG,AAAAGAGAAGAAGAGACCGTGGG,0,sg9
AACACCAGTGAGTAGAGCGGAGG,ACCACCAGTGAGTGAAGCAAGGG,0,sg1
AAATGAGAAGAAGAGGCACAGGG,AAAGCAGAAGAAGAGGAAATGGA,0,sg9
TGACATCAATTATTATACATCGG,TGGCATCAATTATCTTGCAGCAG,0,sg10
CCTGCCTCCGCTCTACTCACTGG,CCCGCCTCCGCTATAGCCCCAGG,0,sg7
GAATCCTAAAAACTCTGCTTCGG,GAATCCTAAAATTTCAGGTTTGG,0,sg12
AAATGAGAAGAAGAGGCACAGGG,CAACGTGGGGAAGAGGCAGAGGG,0,sg9
AAATGAGAAGAAGAGGCACAGGG,GAAGGAGAAGAAGAGTCCCAGCT,0,sg9
GGGTGGGGGGAGTTTGCTCCTGG,GGGTGGGGGAAGTGTGCAACATG,0,sg8
ATGAACACCAGTGAGTAGAGCGG,CTGAGGCCCAGGGAGTAGAGCAG,0,sg6
GACACCGAAGCAGAGTTTTTAGG,AACCGGGAAGCAGAGGTTTTAGT,0,sg11
AATGACCACTACATCCTCAAGGG,AATACCGATTCCATCCTCAAGGA,0,sg5
GGTCCTGCCGCTGCTTGTCATGG,GGTCCTGCCTGGGGTTGGCAGGG,0,sg4
GGTCCTGCCGCTGCTTGTCATGG,GCCCCTGCCGCTTCTTATCAAGT,0,sg4
CTTGCCCCACAGGGCAGTAACGG,CTTGCCCCAAACTGCAGTACCTT,0,sg3
AAATGAGAAGAAGAGGCACAGGG,ATAAGAGAAGAAGAAGAAGAGGA,0,sg9
AATGACCACTACATCCTCAAGGG,AATGACCACAACTTCTTCAGTAG,0,sg5
AAATGAGAAGAAGAGGCACAGGG,GATGGAGAAACCGAGGCACAGGG,0,sg9
AAATGAGAAGAAGAGGCACAGGG,CAAGGAGAAGAAGAGAAATATGG,0,sg9
GGGTGGGGGGAGTTTGCTCCTGG,CGCTCGGGGGAGTTTGCTCACAG,0,sg8
CTTGCCCCACAGGGCAGTAACGG,CTTGCCCCACAAGGCCATTACCT,0,sg3
GAATCCTAAAAACTCTGCTTCGG,GAATCCTCAATATTCTGCTTAGG,1,sg12
CCTGCCTCCGCTCTACTCACTGG,CCTGCCTCCCGCCTGCTCCCTCG,0,sg7
TGACATCAATTATTATACATCGG,TGGCATAAATTATTATACCTGAA,0,sg10
AAATGAGAAGAAGAGGCACAGGG,GTAGGAGATGAAGAGGCACAGAC,0,sg9
AAATGAGAAGAAGAGGCACAGGG,ATGGGAGAAGAAGAGGGACAAGT,0,sg9
TGACATCAATTATTATACATCGG,TTAAATAAATTATTATACATTGA,0,sg10
AAATGAGAAGAAGAGGCACAGGG,AAATGGGAAGAAGAGGCCTAAGT,0,sg9
GAATCCTAAAAACTCTGCTTCGG,GAATTTCAAAAACTCTGCAGCAG,0,sg12
CCAGTGAGTAGAGCGGAGGCAGG,CCAGTGAGTGAAAAAGAGCCAGG,0,sg2
AAATGAGAAGAAGAGGCACAGGG,AAATGAGAAGAAAAGCAACATTA,0,sg9
GGGTGGGGGGAGTTTGCTCCTGG,GGGTAAGGGGAGTTTGCCTATTG,0,sg8
GGGTGGGGGGAGTTTGCTCCTGG,TGGGTGGGGGAGTGTGCTACTGA,0,sg8
AAATGAGAAGAAGAGGCACAGGG,AAATAAAAAGAAGAGGCATAAGG,0,sg9
AAATGAGAAGAAGAGGCACAGGG,CAAACAGAAACAGAGGCACAGGC,0,sg9
AATGACCACTACATCCTCAAGGG,GATAACCCTTACATCCTCCAGGG,0,sg5
AAATGAGAAGAAGAGGCACAGGG,CAGTGAGAAGAAAAGGGGCAGAG,0,sg9
GGGTGGGGGGAGTTTGCTCCTGG,GGGTGGGGGATGTTTGCTGATAG,0,sg8
GAATCCTAAAAACTCTGCTTCGG,GTATCCTAAAAACTCTTCTCCAT,0,sg12
AAATGAGAAGAAGAGGCACAGGG,TAAAGAAGACAAGAGGCACAGAG,0,sg9
AAATGAGAAGAAGAGGCACAGGG,CACTGGGAAGAAGAGGGAGAGGT,0,sg9
AAATGAGAAGAAGAGGCACAGGG,AAAAAAGAAGAAGAGAAGAAGGG,0,sg9
TGACATCAATTATTATACATCGG,TATAATGAAATATTATACATCCG,0,sg10
GGGTGGGGGGAGTTTGCTCCTGG,GCTTTAGGAGAGTTTGCTGCTGG,0,sg8
CCTGCCTCCGCTCTACTCACTGG,CCTGCCTCCGCTCCAATGACTGG,0,sg7
TGACATCAATTATTATACATCGG,TGACATCAATGACCATGTATCTG,0,sg10
AATGACCACTACATCCTCAAGGG,AATCACATCTGCATCCTCAAGAC,0,sg5
GGGTGGGGGGAGTTTGCTCCTGG,GGGAGTGAGGACTTTGCTCCTGG,0,sg8
CCTGCCTCCGCTCTACTCACTGG,CCTGCCTCCCCTTAACTCATTCC,0,sg7
AAATGAGAAGAAGAGGCACAGGG,GAATGAGAAGAAGAATGACAGCC,0,sg9
AAATGAGAAGAAGAGGCACAGGG,GCATGAGAAGAAAGGGCACAGAC,0,sg9
GGTCCTGCCGCTGCTTGTCATGG,AGCCCTGCACCAGCTTGTCATGC,0,sg4
AAATGAGAAGAAGAGGCACAGGG,CAATAGGAAGAAGAGACAAATGG,0,sg9
GACACCGAAGCAGAGTTTTTAGG,GAAACCAGTGCAGAGTTTTGAGC,0,sg11
ATGAACACCAGTGAGTAGAGCGG,ATTCCCACTTGTGAGTAGAGCAG,0,sg6
AACACCAGTGAGTAGAGCGGAGG,AACACCAGTCTGAATAGTAGAGG,0,sg1
AAATGAGAAGAAGAGGCACAGGG,GAAAGAGAAGAAGAGGATAAAGG,0,sg9
GGGTGGGGGGAGTTTGCTCCTGG,GGGTGGGGGCGGTTTCCTGCTGA,0,sg8
GAATCCTAAAAACTCTGCTTCGG,CAATCCTCCTACCTCTGCTTCTG,0,sg12
TGACATCAATTATTATACATCGG,TGACATCAATAAGTATCCTATGG,0,sg10
GGGTGGGGGGAGTTTGCTCCTGG,GGGTGGGGGGAAGTTGCTAATAC,0,sg8
AACACCAGTGAGTAGAGCGGAGG,AACCTTAGTGAGTAGAGTAGCGG,0,sg1
TGACATCAATTATTATACATCGG,TGACATGAGTTATTATACTTTTA,0,sg10
CCTGCCTCCGCTCTACTCACTGG,CCTGCCTCCCCTCGCCTTTGTGG,0,sg7
GGGTGGGGGGAGTTTGCTCCTGG,TGATGCGGGGCCTTTGCTCCTGC,0,sg8
AAATGAGAAGAAGAGGCACAGGG,AAATGAGAAAACCCCGCACAGAG,0,sg9
TGACATCAATTATTATACATCGG,TGAGATCAATTATTATCAGTCTT,0,sg10
GAATCCTAAAAACTCTGCTTCGG,ATATCCTAAAAACCCTACTTTAG,0,sg12
GGGTGGGGGGAGTTTGCTCCTGG,TGGGGAGGGGAGTTTGCCTCTGA,0,sg8
AATGACCACTACATCCTCAAGGG,GATAGCTATAACATCCTCAAGGG,0,sg5
GACACCGAAGCAGAGTTTTTAGG,AAAACAGAAGCAGAGTATTTACT,0,sg11
CCTGCCTCCGCTCTACTCACTGG,CCTGCCTCCCCACTTCCAAATGG,0,sg7
CCAGTGAGTAGAGCGGAGGCAGG,CCAGTGAGTCTTGCCCAAGCAGG,0,sg2
AAATGAGAAGAAGAGGCACAGGG,AAATGAGAAGCAAAGGCACGTCT,0,sg9
AAATGAGAAGAAGAGGCACAGGG,AAATGAGAAGACAGGGAAGAGAG,0,sg9
GGGTGGGGGGAGTTTGCTCCTGG,GGGTGGGGGGACTTGTTTACTAG,0,sg8
AAATGAGAAGAAGAGGCACAGGG,AAATGAGAAAAACTGGCAAATGT,0,sg9
AACACCAGTGAGTAGAGCGGAGG,AAGCCCAGTGAGTAGAAAGGCTG,0,sg1
GGGTGGGGGGAGTTTGCTCCTGG,GGGTGGGGGCAGATTATTCATGC,0,sg8
AAATGAGAAGAAGAGGCACAGGG,AACTGAGAAGAAAGAAGACAGGG,0,sg9
AATGACCACTACATCCTCAAGGG,AGTGGCCACTACATCCTGCAAAG,0,sg5
AAATGAGAAGAAGAGGCACAGGG,AGAAGAGAAGAAGAGGCACAGAC,0,sg9
AAATGAGAAGAAGAGGCACAGGG,AAATGAGAACAAAAGGCTCAGAG,0,sg9
TGACATCAATTATTATACATCGG,TGACATCAATTATGCTTTATCTC,0,sg10
TGACATCAATTATTATACATCGG,TTACATCAATTATTATTTCTCTT,0,sg10
AAATGAGAAGAAGAGGCACAGGG,AAATGAGAAGATTAGGCATACAC,0,sg9
GGTCCTGCCGCTGCTTGTCATGG,GGTCTTCCCGTTGCTTGTCATTC,0,sg4
AAATGAGAAGAAGAGGCACAGGG,AAATGAGAAAAAAAGAAAAAAGG,0,sg9
CCAGTGAGTAGAGCGGAGGCAGG,CAGGTGAGTAGAGTGGAGGGTAG,0,sg2
AAATGAGAAGAAGAGGCACAGGG,GAGTGAGAAGAAGAGGGAAAGTG,0,sg9
AACACCAGTGAGTAGAGCGGAGG,AACACCAGTAAATATAACGGAGA,0,sg1
GACACCGAAGCAGAGTTTTTAGG,GCCCCAGAAGCAGAGCTTTTCTG,0,sg11
GAATCCTAAAAACTCTGCTTCGG,GAAACGTAATCACTCTGCTTCTG,0,sg12
AAATGAGAAGAAGAGGCACAGGG,TAGGGGGAAGAAGAGCCACATGG,0,sg9
GAATCCTAAAAACTCTGCTTCGG,ACATACTAAAAACTCTGCCCAGG,0,sg12
GACACCGAAGCAGAGTTTTTAGG,CACACCGAAGCTGGGTTTTTAGG,1,sg11
TGACATCAATTATTATACATCGG,ACAGATCATTTATTATACAATGG,0,sg10
AAATGAGAAGAAGAGGCACAGGG,AAATAAAATGAAGAGGCAAACAG,0,sg9
AAATGAGAAGAAGAGGCACAGGG,AAATGAGAAGACTAAGTACAGCA,0,sg9
AAATGAGAAGAAGAGGCACAGGG,AAGGAGGAAGAAGAGGAACAGGA,0,sg9
AAATGAGAAGAAGAGGCACAGGG,AAATGAGAAGAAAACACAAAGCA,0,sg9
GGTCCTGCCGCTGCTTGTCATGG,GGTCCTGCTGCAGCTTCTCATGG,1,sg4
AAATGAGAAGAAGAGGCACAGGG,AAATGAGAAGAAATAGCCCTGGG,0,sg9
AAATGAGAAGAAGAGGCACAGGG,AATTGGGAAGAAGAGGCCAGGCG,0,sg9
TGACATCAATTATTATACATCGG,TAAAATTAATTATTATACATATT,0,sg10
TGACATCAATTATTATACATCGG,GTAATTGAATTATTATACATTGG,0,sg10
TGACATCAATTATTATACATCGG,TGGAATGATTTATTATACTTTGG,0,sg10
CCAGTGAGTAGAGCGGAGGCAGG,GTGGTGAGTAGATTGGAGGAAGG,0,sg2
CCTGCCTCCGCTCTACTCACTGG,CCTGCCTCCTTTCTGGACACTTG,0,sg7
AAATGAGAAGAAGAGGCACAGGG,AGTGGAGAAGAAGAGGGAGAGGA,0,sg9
AAATGAGAAGAAGAGGCACAGGG,AAATGATAAGATGAGGCACAGAG,0,sg9
AAATGAGAAGAAGAGGCACAGGG,AGAAGAAGAGAAGAGGGTCAGGG,0,sg9
AAATGAGAAGAAGAGGCACAGGG,AAATGAGAAGAAAATTTACAGAA,0,sg9
AAATGAGAAGAAGAGGCACAGGG,AAATGAGAAAACAAGACCCAAGG,0,sg9
CCTGCCTCCGCTCTACTCACTGG,CTTCCTGCCCCTCTACTCACTGC,0,sg7
GAATCCTAAAAACTCTGCTTCGG,CATTTTTAAAAACTCTGCTTAAG,0,sg12
AAATGAGAAGAAGAGGCACAGGG,AAATGAGAAAAAGATAGACATGT,0,sg9
AACACCAGTGAGTAGAGCGGAGG,TAGAAAAGTGAGTAGAGGGAAGG,0,sg1
CCTGCCTCCGCTCTACTCACTGG,CCTGCCTCCCTCCTCCTCATTTG,0,sg7
CTTGCCCCACAGGGCAGTAACGG,ATTGGCTCATAGGGCAGTAACTC,0,sg3
ATGAACACCAGTGAGTAGAGCGG,ATGAACACCAGGAGGTGGAGGGC,0,sg6
GACACCGAAGCAGAGTTTTTAGG,TCCAGCGAAGCAGAGCCTATAGG,0,sg11
TGACATCAATTATTATACATCGG,TAACTTCAATTATTAAATATTGC,0,sg10
GGTCCTGCCGCTGCTTGTCATGG,GATTCTGACTCTGCTTGTCATTA,0,sg4
AAATGAGAAGAAGAGGCACAGGG,AAAAGGGGAAGAGAGGCACAGTG,0,sg9
AAATGAGAAGAAGAGGCACAGGG,TAATGAGAAGAAGCACCCCAGGA,0,sg9
AAATGAGAAGAAGAGGCACAGGG,AAATGAGAAGCCAGGGGACGGGG,0,sg9
TGACATCAATTATTATACATCGG,TGACATCAATTTCTATTCTTCAG,0,sg10
AAATGAGAAGAAGAGGCACAGGG,AAAGAGGAAACTGAGGCACAGGG,0,sg9
GGGTGGGGGGAGTTTGCTCCTGG,GGGTGGGGGGCCCTTCCTGCTGG,0,sg8
AAATGAGAAGAAGAGGCACAGGG,GTGTGAGAGGAAGAGGCACAGGG,0,sg9
TGACATCAATTATTATACATCGG,TAATAGCTATTATTATACAACTG,0,sg10
CTTGCCCCACAGGGCAGTAACGG,CTTGTCTGACAGGGCAGTGACCC,0,sg3
GAATCCTAAAAACTCTGCTTCGG,AAATCTTAAAAACTCTGATGAGC,0,sg12
GGGTGGGGGGAGTTTGCTCCTGG,GGTTGAGATGGGTTTGCTCCTAG,0,sg8
AAATGAGAAGAAGAGGCACAGGG,AATTGGGAGGCCGAGGCACAGGA,0,sg9
CCAGTGAGTAGAGCGGAGGCAGG,TAATTGGTTAGAGCGGAGCCAGG,0,sg2
AAATGAGAAGAAGAGGCACAGGG,AAGGGTGAAGAAGAGGTTGAGGG,0,sg9
GAATCCTAAAAACTCTGCTTCGG,GAAAGCTAAAGACTCTGCTTCAG,0,sg12
AACACCAGTGAGTAGAGCGGAGG,AAGTCCAGTGAGTAGCACTCAGG,0,sg1
GGGTGGGGGGAGTTTGCTCCTGG,GGTAGAGGGGAGTTTGGTGCTAG,0,sg8
AAATGAGAAGAAGAGGCACAGGG,AAAAAAGAAGAAGAGGGAGAAGG,0,sg9
CCAGTGAGTAGAGCGGAGGCAGG,CCAGGGACTTCGGCGGAGGCAGC,0,sg2
TGACATCAATTATTATACATCGG,TAACATGCATCATTATACATCTC,0,sg10
TGACATCAATTATTATACATCGG,TTACAGCAATTATTATCTGTGGG,0,sg10
AACACCAGTGAGTAGAGCGGAGG,ATACACAGTGACTAGAGCGGAGC,0,sg1
AATGACCACTACATCCTCAAGGG,TTTTAACATTGCATCCTCAAGGG,0,sg5
AATGACCACTACATCCTCAAGGG,AATGACCACCCCCACCTTATGGG,0,sg5
CTTGCCCCACAGGGCAGTAACGG,CTCCCACCACAGGGCAGCAGCTG,0,sg3
GACACCGAAGCAGAGTTTTTAGG,GAGCTCGAGGCTGAGTTTTTAAG,0,sg11
TGACATCAATTATTATACATCGG,GGTCACCAATTATTATTTATCTG,0,sg10
AAATGAGAAGAAGAGGCACAGGG,AATAAGGAAGCAGAGGCACAGAG,0,sg9
AACACCAGTGAGTAGAGCGGAGG,GACTCCTGTGAGTAGAGCACAGC,0,sg1
AAATGAGAAGAAGAGGCACAGGG,AAATGAGAAGTCAAGGCAAAGGA,0,sg9
AAATGAGAAGAAGAGGCACAGGG,ATATCATAAGTAGAGGCACAGTT,0,sg9
AACACCAGTGAGTAGAGCGGAGG,AAAACCAGTGAGGTGAGAGGATA,0,sg1
CTTGCCCCACAGGGCAGTAACGG,CTTGCCCCACACTGCAGGTACAT,0,sg3
ATGAACACCAGTGAGTAGAGCGG,ATGAACACCACTCCGAAGAGTGA,0,sg6
AAATGAGAAGAAGAGGCACAGGG,AAAGAAGAAGAAGAGGCTGAGTA,0,sg9
GGGTGGGGGGAGTTTGCTCCTGG,GGGTGGGGGGAGTTGGGGCTGGA,0,sg8
AAATGAGAAGAAGAGGCACAGGG,AAATGAGAAGTAATGGTAGAGAG,0,sg9
CTTGCCCCACAGGGCAGTAACGG,TTGGCCCCACAGGGCAGAACTAG,0,sg3
TGACATCAATTATTATACATCGG,CCACATCAATTATTTTTCATGTG,0,sg10
ATGAACACCAGTGAGTAGAGCGG,ATCATCACCAGTGAGAAGAGTGT,0,sg6
AAATGAGAAGAAGAGGCACAGGG,AACCGAAAAGAAGAGGCAGAAGG,0,sg9
AAATGAGAAGAAGAGGCACAGGG,AAATGAGAATAAAAGGCACACAC,0,sg9
GACACCGAAGCAGAGTTTTTAGG,GACACCGAAACACAGTTTTCATA,0,sg11
GAATCCTAAAAACTCTGCTTCGG,GAATTTTAAAAACTCTTGTTGAG,0,sg12
CCTGCCTCCGCTCTACTCACTGG,CCTGCCTCCTGTCTACTTGCTGC,0,sg7
AAATGAGAAGAAGAGGCACAGGG,AAATGAGAACCAGAAGGAGAGGC,0,sg9
GAATCCTAAAAACTCTGCTTCGG,CACTCCTAAAAACTCTAATTTGA,0,sg12
AATGACCACTACATCCTCAAGGG,AATGACCACCACTCACTCAGCGG,0,sg5
GAATCCTAAAAACTCTGCTTCGG,GCATTGCAAAAACTCTGCTTTGA,0,sg12
GAATCCTAAAAACTCTGCTTCGG,GTTGCATAAAAACTCTTCTTCAG,0,sg12
AAATGAGAAGAAGAGGCACAGGG,AAATGAGAACTGGAGGAACTGGG,0,sg9
GGGTGGGGGGAGTTTGCTCCTGG,GGGTGGGGGAAGTGCGCCTCGGG,0,sg8
GGTCCTGCCGCTGCTTGTCATGG,ACTCCTCCCGCTGCTTGTCATAC,0,sg4
GGGTGGGGGGAGTTTGCTCCTGG,GGGTGGGGGGAGTGAGTTATTTG,0,sg8
AAATGAGAAGAAGAGGCACAGGG,AAGAGAGAAGAAGAGGAACATCT,0,sg9
AAATGAGAAGAAGAGGCACAGGG,ATAGCATAAGCAGAGGCACAGAG,0,sg9
AAATGAGAAGAAGAGGCACAGGG,AAGTCCAAAGCAGAGGCACAGTG,0,sg9
TGACATCAATTATTATACATCGG,AGACATCAATTATTCTTCCTGGC,0,sg10
AAATGAGAAGAAGAGGCACAGGG,AAATCAAAGGAAGAGGCATAAGA,0,sg9
TGACATCAATTATTATACATCGG,TAACAAAAATGATTATACATCCA,0,sg10
GGTCCTGCCGCTGCTTGTCATGG,TTTCATGCCGCTGCTTATCATGC,0,sg4
AAATGAGAAGAAGAGGCACAGGG,AAATGTCTAGAAGAGGCAGAGCC,0,sg9
AAATGAGAAGAAGAGGCACAGGG,AAATGAGAACTAGAGTTACATTG,0,sg9
CCTGCCTCCGCTCTACTCACTGG,TATCCCTGCCCCCTACTCACTGG,0,sg7
AAATGAGAAGAAGAGGCACAGGG,AAATGAGAACAAAAGGGGGAAGG,0,sg9
AAATGAGAAGAAGAGGCACAGGG,AAATGAGAAGAAAAATAATGGGG,0,sg9
AAATGAGAAGAAGAGGCACAGGG,AAATGAGAAGAAAAAATAAAGAG,0,sg9
GGTCCTGCCGCTGCTTGTCATGG,GGTCCTGCCTGTGTTCGACCTGG,0,sg4
GGGTGGGGGGAGTTTGCTCCTGG,GGCTGGGGGGAGCTCACACGTGG,0,sg8
GGGTGGGGGGAGTTTGCTCCTGG,GGCTGGCGGCCTTTTGCTCCTGC,0,sg8
TGACATCAATTATTATACATCGG,AGAAATAAATTATTATACATATT,0,sg10
CTTGCCCCACAGGGCAGTAACGG,TTTCCCCCACAGGGCAGTGCCAT,0,sg3
AAATGAGAAGAAGAGGCACAGGG,AATGGAGCAGAAGAGGCAGAAGG,0,sg9
AAATGAGAAGAAGAGGCACAGGG,AACTGAGAAGAAAGTGCAGAGAG,0,sg9
TGACATCAATTATTATACATCGG,TGACATCAATTATGCTACAAGTA,0,sg10
AATGACCACTACATCCTCAAGGG,ACTGAGTGTGACATCCTCAAGGG,0,sg5
AAATGAGAAGAAGAGGCACAGGG,GATAGACAATGAGAGGCACAGGG,0,sg9
GGGTGGGGGGAGTTTGCTCCTGG,GCATGCATGGAGTTTGCTCCTGC,0,sg8
GGGTGGGGGGAGTTTGCTCCTGG,GGTTGGGGGGAGTTACCTTTTGT,0,sg8
AAATGAGAAGAAGAGGCACAGGG,AGAAAAGAGGAAGAGGCACAGGT,0,sg9
ATGAACACCAGTGAGTAGAGCGG,ATCATCACCAGTGAGCCAAGCTG,0,sg6
CTTGCCCCACAGGGCAGTAACGG,GTTGCCTCGCAGGGCAGTAGCAA,0,sg3
GACACCGAAGCAGAGTTTTTAGG,AACATTGAAGCAGAGATATTAAG,0,sg11
ATGAACACCAGTGAGTAGAGCGG,ATGCAGACCAGTGAGGAAACAGG,0,sg6
AAATGAGAAGAAGAGGCACAGGG,TATTTTGAAGAAGAGGAACAAGG,0,sg9
GACACCGAAGCAGAGTTTTTAGG,GAGATATAACCAGAGTTTTTAGG,0,sg11
AAATGAGAAGAAGAGGCACAGGG,AAAAAAAAAGAAGAGGCAGTTGG,0,sg9
AAATGAGAAGAAGAGGCACAGGG,AAATGAGAATTAAAGCCAAAAGG,0,sg9
CCAGTGAGTAGAGCGGAGGCAGG,CAACTGTTTTGAGCGGAGGCATG,0,sg2
AAATGAGAAGAAGAGGCACAGGG,GAAGAAGAAGAAGAGGGGAAGGG,0,sg9
AAATGAGAAGAAGAGGCACAGGG,AGATGAGTGGGTGAGGCACAGAG,0,sg9
TGACATCAATTATTATACATCGG,AGCCATCAATTATTGTACATATT,0,sg10
AAATGAGAAGAAGAGGCACAGGG,AAAAAAGAAGAAGAGATATAGTG,0,sg9
GGGTGGGGGGAGTTTGCTCCTGG,GTGGGGGTGGGGTTTGCTGTTGG,0,sg8
AAATGAGAAGAAGAGGCACAGGG,GAATTAGAAGAAGAGGACAAGAG,0,sg9
AATGACCACTACATCCTCAAGGG,AGTAACCACTAAATCCTCAAGAA,0,sg5
AAATGAGAAGAAGAGGCACAGGG,GCATGGGAAAAAGAGGCACAGTG,0,sg9
AAATGAGAAGAAGAGGCACAGGG,AGATGGGAAGAAGAGACACTGGG,0,sg9
CCAGTGAGTAGAGCGGAGGCAGG,GCTGTGAGTAGAGGGGAGCAAGT,0,sg2
AACACCAGTGAGTAGAGCGGAGG,AAGACCAGTGAGTACCACAGAGA,0,sg1
GGGTGGGGGGAGTTTGCTCCTGG,GACTGGAGGCATTTTGCTCCTGA,0,sg8
AAATGAGAAGAAGAGGCACAGGG,AACAAAGAAAATGAGGCACAGAG,0,sg9
AAATGAGAAGAAGAGGCACAGGG,AAATGAGAACAAGAGGATCAACC,0,sg9
AAATGAGAAGAAGAGGCACAGGG,GAAGAACAAGAAGAGGGACAGGA,0,sg9
AAATGAGAAGAAGAGGCACAGGG,AAATGAGAACAAGGCACAAGGGG,0,sg9
AAATGAGAAGAAGAGGCACAGGG,AGGTAAAAATAAGAGGCACAGGT,0,sg9
AACACCAGTGAGTAGAGCGGAGG,AGCACCAGTGAGTGGCAGGGACG,0,sg1
AAATGAGAAGAAGAGGCACAGGG,AAATGAGAAGTACAGGAAGAGCG,0,sg9
GAATCCTAAAAACTCTGCTTCGG,CACTCCTAAAAACCCGACTTTGG,0,sg12
AAATGAGAAGAAGAGGCACAGGG,TGAGATGAAGAAGAGGCAGAGGG,0,sg9
TGACATCAATTATTATACATCGG,TAATATCATTTATTATACATCTT,0,sg10
GGGTGGGGGGAGTTTGCTCCTGG,AAGGAGGAGGAGTTTGCTTCTGG,0,sg8
AAATGAGAAGAAGAGGCACAGGG,AATGGGGAAGAAGAGGGACAGGT,0,sg9
CTTGCCCCACAGGGCAGTAACGG,CTTGCCCCACCAGGCTGTCACTC,0,sg3
TGACATCAATTATTATACATCGG,TGAAAACAATTATTATAGAGTGA,0,sg10
AAATGAGAAGAAGAGGCACAGGG,AAATGAGCATATGAGGCACAGCA,0,sg9
GGGTGGGGGGAGTTTGCTCCTGG,GGGGGGAGGGAGTTGTTACCTGG,0,sg8
AAATGAGAAGAAGAGGCACAGGG,AAATGAGAAGAATGGGTTAAGTG,0,sg9
GAATCCTAAAAACTCTGCTTCGG,ACCTCCTAACACCTCTGCTTCTG,0,sg12
AAATGAGAAGAAGAGGCACAGGG,GAAGAAGAAGAAGAGGGAAAGGG,0,sg9
AATGACCACTACATCCTCAAGGG,CTTGAACACTACATCCTCCAGAA,0,sg5
GGGTGGGGGGAGTTTGCTCCTGG,GGGTGGGGGAAGGGTGGTGCTGG,0,sg8
CTTGCCCCACAGGGCAGTAACGG,CTTGCCCCACAGAGCTCTCACGC,0,sg3
GGGTGGGGGGAGTTTGCTCCTGG,GGGTGGGGGGAGTATGCAGTTGG,0,sg8
TGACATCAATTATTATACATCGG,TCACTTCAATTATTAACCATTAG,0,sg10
AATGACCACTACATCCTCAAGGG,GATTAACACTTAATCCTCAAGTG,0,sg5
AACACCAGTGAGTAGAGCGGAGG,AAGAGCAGTGAGTAGTGAGGACT,0,sg1
GAATCCTAAAAACTCTGCTTCGG,CCATCCTAAAGCCTCTGCTTCAC,0,sg12
AAATGAGAAGAAGAGGCACAGGG,AAAGAAGAAGAAGAGCTTCAGGG,0,sg9
ATGAACACCAGTGAGTAGAGCGG,TTGAACACCAGTGAGTACATTCA,0,sg6
CCAGTGAGTAGAGCGGAGGCAGG,CCAGTGAGGAGAGCGGAGACTGG,1,sg2
AAATGAGAAGAAGAGGCACAGGG,AAATGAGAAGGACAGGTGCAGGT,0,sg9
TGACATCAATTATTATACATCGG,TACCATCAATTAAAATACATTAG,0,sg10
AAATGAGAAGAAGAGGCACAGGG,AAATGAGAAGTAGATGCAATGCA,0,sg9
AAATGAGAAGAAGAGGCACAGGG,AATTGAGAAGAAAAGGAACTCAG,0,sg9
ATGAACACCAGTGAGTAGAGCGG,ATGAACACCATTCACCACAGCAG,0,sg6
AAATGAGAAGAAGAGGCACAGGG,AGGTGAGAAGAACTCGCCCAGGG,0,sg9
AAATGAGAAGAAGAGGCACAGGG,AGATTAGAAGAAGAGGTGCAGTT,0,sg9
CCTGCCTCCGCTCTACTCACTGG,CCTGCCTCCGCCCCGCACGCTGG,0,sg7
TGACATCAATTATTATACATCGG,TGAGACAAATTATTATACCTCTT,0,sg10
CCTGCCTCCGCTCTACTCACTGG,TTTGCCTACGCTCTACTCACTGG,0,sg7
AAATGAGAAGAAGAGGCACAGGG,AAATGAGAAGAAAACCCCCAGAG,0,sg9
AACACCAGTGAGTAGAGCGGAGG,AACACCAGTGATGAGAAAGCTGG,0,sg1
GGGTGGGGGGAGTTTGCTCCTGG,GGGTGGGGGAATTTTGCCTATTG,0,sg8
GGGTGGGGGGAGTTTGCTCCTGG,GGGTGGGGGGATTATACTAAGGG,0,sg8
CCTGCCTCCGCTCTACTCACTGG,CCTGCCTCCCCTCCTCTCCGTGG,0,sg7
GGGTGGGGGGAGTTTGCTCCTGG,GAGACGGGGCCGTTTGCTCCTGG,0,sg8
GGTCCTGCCGCTGCTTGTCATGG,TGCCCTGCCGCTGCTTCTCATCG,0,sg4
GGGTGGGGGGAGTTTGCTCCTGG,GGGTGGGGGGAGCTGTCCCGGGG,0,sg8
CCTGCCTCCGCTCTACTCACTGG,CGTGTCTCAGATCTACTCACTGT,0,sg7
GGGTGGGGGGAGTTTGCTCCTGG,GGGGGCGTGGAGTTCTCCCCTGG,0,sg8
GACACCGAAGCAGAGTTTTTAGG,GACACCGAATCATTGATGTTAGG,0,sg11
CTTGCCCCACAGGGCAGTAACGG,CTTGCCCCATCGGCCAGTGAGAG,0,sg3
GAATCCTAAAAACTCTGCTTCGG,TAGTCCTAAAAATTTTTCTTGGG,0,sg12
GGGTGGGGGGAGTTTGCTCCTGG,GGGTGGGGGAAGGTTGCGGCTTT,0,sg8
GGGTGGGGGGAGTTTGCTCCTGG,GGGTGGGGGGGGTTGGTTGTAGG,0,sg8
AACACCAGTGAGTAGAGCGGAGG,AACTCCAGTGAGTAGGCTGGAGC,0,sg1
AAATGAGAAGAAGAGGCACAGGG,AAATGAGAAGAGGAAAAACAGCT,0,sg9
TGACATCAATTATTATACATCGG,GGACATCAATTATAATAAAATTG,0,sg10
GAATCCTAAAAACTCTGCTTCGG,GACTGCTGAAAACTCTGCTGAGC,0,sg12
AATGACCACTACATCCTCAAGGG,ACCTAGCATAACATCCTCAAGGG,0,sg5
TGACATCAATTATTATACATCGG,TGACATCAACAATGCTGCATCTG,0,sg10
AAATGAGAAGAAGAGGCACAGGG,AAATGAGAAGATTTGGGAAAAGG,0,sg9
TGACATCAATTATTATACATCGG,AGTCATCAATTATGATACGTCCA,0,sg10
AAATGAGAAGAAGAGGCACAGGG,AAAGGTGAAGAAGAGATAAAGAG,0,sg9
AAATGAGAAGAAGAGGCACAGGG,GAAAGAGAAGAAGAGGAAGAAGA,0,sg9
AAATGAGAAGAAGAGGCACAGGG,CAAGAGGAAGAAGAGGCCCCGGG,0,sg9
AAATGAGAAGAAGAGGCACAGGG,CAAGGTGAAGCAGAGGCACAGCC,0,sg9
CCAGTGAGTAGAGCGGAGGCAGG,CCAGTGAGTAGACCTGGGGAATA,0,sg2
AAATGAGAAGAAGAGGCACAGGG,AAATGAGAAGGAGAGTAACAATT,0,sg9
ATGAACACCAGTGAGTAGAGCGG,GTGAACACCAGTGGGGAAAAAGG,0,sg6
CCAGTGAGTAGAGCGGAGGCAGG,ACACAGAGGAGAGCGGAGGAAGA,0,sg2
AAATGAGAAGAAGAGGCACAGGG,AAAGCTGGAGAAGAGGCACTGGA,0,sg9
AAATGAGAAGAAGAGGCACAGGG,AAATGAGAATCATAAGCACAGAT,0,sg9
AAATGAGAAGAAGAGGCACAGGG,GACTGAGAGGAAGAGGCACTAGG,0,sg9
AATGACCACTACATCCTCAAGGG,AATAAGGAGTGCATCCTCAAGGC,0,sg5
GGGTGGGGGGAGTTTGCTCCTGG,GGGTGGGGGTAATCGGCTCCAGA,0,sg8
CTTGCCCCACAGGGCAGTAACGG,TTGTCCCCACAGGGCAGCAGCAG,0,sg3
AACACCAGTGAGTAGAGCGGAGG,CGCAGCAGTGAGTAGTGCAGTGG,0,sg1
TGACATCAATTATTATACATCGG,TGAAATATATTATTATACACTAG,0,sg10
GAATCCTAAAAACTCTGCTTCGG,GAATCCTAAAAACTTGGCTTAAG,0,sg12
AACACCAGTGAGTAGAGCGGAGG,AACACCAGTGGGTATAGCTCACT,0,sg1
GGGTGGGGGGAGTTTGCTCCTGG,AGCTGGGGGGAGGCTGGGCCTGG,0,sg8
TGACATCAATTATTATACATCGG,TATCATCAATTATCACACATTAG,0,sg10
AACACCAGTGAGTAGAGCGGAGG,AACACCAGTTACAAAAAGGGAGG,0,sg1
GACACCGAAGCAGAGTTTTTAGG,ACCATAGGAGCAGAGTTTTGAGG,0,sg11
CCTGCCTCCGCTCTACTCACTGG,CCTGCCTCCCCATTACTAACACG,0,sg7
GGGTGGGGGGAGTTTGCTCCTGG,GGGTGGGGGCTGCCTCTTCCTGG,0,sg8
AAATGAGAAGAAGAGGCACAGGG,AAATGAGAACATGTGGTACATGG,0,sg9
AAATGAGAAGAAGAGGCACAGGG,CCAAGACAAGAAGAGGCAGAGGT,0,sg9
CCTGCCTCCGCTCTACTCACTGG,CCTGCCTCCTCCCTCCTCAGTGA,0,sg7
AAATGAGAAGAAGAGGCACAGGG,CCATGAGAAGAATATGCCCAGGC,0,sg9
CTTGCCCCACAGGGCAGTAACGG,CTGTCTCCACAGGGCACAAAAGG,0,sg3
CTTGCCCCACAGGGCAGTAACGG,CCTGCCCCACAGGGCACCAGGGG,0,sg3
AACACCAGTGAGTAGAGCGGAGG,CACACCAGTGAGAAGCGTGCAGG,0,sg1
CTTGCCCCACAGGGCAGTAACGG,GTAGCCACACAGGGCAGTGACTA,0,sg3
CTTGCCCCACAGGGCAGTAACGG,CGCCCCCTACAGGGCAGTAACAC,0,sg3
TGACATCAATTATTATACATCGG,GAACATCACTTATTATACATTTG,0,sg10
CTTGCCCCACAGGGCAGTAACGG,CCGGCCCCACAGGGAGGTACAGG,0,sg3
AACACCAGTGAGTAGAGCGGAGG,AACACCAGTGAGGAATCGGGACG,0,sg1
AATGACCACTACATCCTCAAGGG,CTGTTCCAGTACATCCTCAAGGG,0,sg5
AAATGAGAAGAAGAGGCACAGGG,AAGTGGGCAGTAGAGGCAGAGGC,0,sg9
GACACCGAAGCAGAGTTTTTAGG,GAGTCAGAAGCAGAGATTGGAGG,0,sg11
GGGTGGGGGGAGTTTGCTCCTGG,GAGTGGGGGGATTTGGTTTCTTG,0,sg8
AAATGAGAAGAAGAGGCACAGGG,AGAGGAGTATAGGAGGCACAGGA,0,sg9
AAATGAGAAGAAGAGGCACAGGG,AGTAGAGAAGAAGAGCCAAAGGT,0,sg9
AAATGAGAAGAAGAGGCACAGGG,TAATGAGAAGAAAAGTAACATGA,0,sg9
TGACATCAATTATTATACATCGG,GGACATCAATTATGAAACTTTTG,0,sg10
TGACATCAATTATTATACATCGG,TGACTTCAATTATTATTCATATG,0,sg10
ATGAACACCAGTGAGTAGAGCGG,ATGAACACCAGAGAGAGGAGAAG,0,sg6
CTTGCCCCACAGGGCAGTAACGG,GCAGCGCCACAGGGCAGCAGCGG,0,sg3
GGGTGGGGGGAGTTTGCTCCTGG,GCCTGGGGGGAGGTTGCTAATGT,0,sg8
CCAGTGAGTAGAGCGGAGGCAGG,CTAGTGAGTAGAGTCCAGGAATG,0,sg2
AAATGAGAAGAAGAGGCACAGGG,AGATGTAAGGGAGAGGCACAGTG,0,sg9
TGACATCAATTATTATACATCGG,TGACATCAACTGTTTTAGATCAA,0,sg10
AAATGAGAAGAAGAGGCACAGGG,AAATAGGAAGAAGAGGGAAAGTT,0,sg9
AAATGAGAAGAAGAGGCACAGGG,CAAAGTGAAGAAGAGGCAGGGAG,0,sg9
GGTCCTGCCGCTGCTTGTCATGG,GGTTCAACTGCTGCTTGTTATGA,0,sg4
TGACATCAATTATTATACATCGG,TGACATCAAATATAACATATCAT,0,sg10
AAATGAGAAGAAGAGGCACAGGG,AAATGAGAAGAAAAGGCCCCTGA,0,sg9
GAATCCTAAAAACTCTGCTTCGG,GACTCCTAAAAAATCTTTTACTG,0,sg12
CTTGCCCCACAGGGCAGTAACGG,CTTGCCCCACCTTGCAGCAAAGG,0,sg3
AAATGAGAAGAAGAGGCACAGGG,ATGTGAGAAGAAGAGTGAAAGGG,0,sg9
AAATGAGAAGAAGAGGCACAGGG,TTATGTGAAGAAGAGAGACAGAG,0,sg9
ATGAACACCAGTGAGTAGAGCGG,ATGAACACCATTTATTATAATGG,0,sg6
AAATGAGAAGAAGAGGCACAGGG,TTAGGATAATAAGAGGCACAGGA,0,sg9
AAATGAGAAGAAGAGGCACAGGG,AAAAAAGAAGAAGAGAGGCAGAG,0,sg9
GGGTGGGGGGAGTTTGCTCCTGG,GGGTGGGGGCAGCGGGGCCCTGG,0,sg8
AATGACCACTACATCCTCAAGGG,CAGCAGCACTACATCATCAAGTG,0,sg5
GGGTGGGGGGAGTTTGCTCCTGG,GGAAGGGGGGAGTTTGCAGTGGG,0,sg8
CCTGCCTCCGCTCTACTCACTGG,CCTGCCTCCGCCCACCTGCCCGG,0,sg7
CTTGCCCCACAGGGCAGTAACGG,GTGGGACCACAGGGCAGTCTCGG,0,sg3
AAATGAGAAGAAGAGGCACAGGG,AAATTTGAAGAAGAGGTATATGG,0,sg9
AACACCAGTGAGTAGAGCGGAGG,GTTACCAGTGAGTACAGAGGGGG,0,sg1
CCTGCCTCCGCTCTACTCACTGG,CCTGCCTAACTCCTACTCACTGT,0,sg7
TGACATCAATTATTATACATCGG,TTACATCAATTACTATAAAGCTA,0,sg10
GGGTGGGGGGAGTTTGCTCCTGG,GGGTGGGGGAAGGTTGTTACTAT,0,sg8
AACACCAGTGAGTAGAGCGGAGG,GAACCCAGTGAGTAGCCTGGAGG,0,sg1
AAATGAGAAGAAGAGGCACAGGG,AAAGGGTCAGGAGAGGCACAGGA,0,sg9
CTTGCCCCACAGGGCAGTAACGG,AATGTCCTACAGGGCAGTACAGG,0,sg3
GGGTGGGGGGAGTTTGCTCCTGG,GGGTGGGGGGATCTTCCTCCAAG,0,sg8
GAATCCTAAAAACTCTGCTTCGG,TGATCCTCCAAACTCTGCTTCCC,0,sg12
AAATGAGAAGAAGAGGCACAGGG,AATTGAGAAGAACCTGCAAAGTG,0,sg9
TGACATCAATTATTATACATCGG,TGACATCAAACATTTTTCATCAC,0,sg10
AAATGAGAAGAAGAGGCACAGGG,AAGTAAGGAGAGGAGGCACAGAA,0,sg9
AACACCAGTGAGTAGAGCGGAGG,GACCTCAGTGAGTAGTGCTGAGT,0,sg1
AATGACCACTACATCCTCAAGGG,ATTGAACCATTAATCCTCAAGGG,0,sg5
CCTGCCTCCGCTCTACTCACTGG,CCTGCCTCCTGTCCTCTCCCAGG,0,sg7
AAATGAGAAGAAGAGGCACAGGG,AAATGAGAAGGAGAGGTCAGGTG,0,sg9
GACACCGAAGCAGAGTTTTTAGG,CAAATCGAAGCAGAGTTTTCAAT,0,sg11
GAATCCTAAAAACTCTGCTTCGG,GACTCCTGAAAACTCTGCTGGTA,0,sg12
AAATGAGAAGAAGAGGCACAGGG,TAATGTGAAGAAGAGAGGCAGGC,0,sg9
GGGTGGGGGGAGTTTGCTCCTGG,GGGGGTGGGGAGTTTACTACACG,0,sg8
AAATGAGAAGAAGAGGCACAGGG,AGATGAGAAGAAAAGTGTTAGGG,0,sg9
GGTCCTGCCGCTGCTTGTCATGG,GGTCCTGCCAGAGTTTGGCCTGG,0,sg4
AAATGAGAAGAAGAGGCACAGGG,AAATGAGAAAAAGATCCACTCTG,0,sg9
CTTGCCCCACAGGGCAGTAACGG,CCTGCCCTTCAGGGCAGTCTCTG,0,sg3
AAATGAGAAGAAGAGGCACAGGG,AAAGGAGACAGAGAGGCACAGAG,0,sg9
ATGAACACCAGTGAGTAGAGCGG,ATGAACACCAGTCACTGGCTAGG,0,sg6
AAATGAGAAGAAGAGGCACAGGG,AAATAAGAAGAAGAGCAAGAAGA,0,sg9
GAATCCTAAAAACTCTGCTTCGG,GATTCCTAAAACTTCTGCTTGGG,1,sg12
ATGAACACCAGTGAGTAGAGCGG,GTGAAGACCAGTGAGGTGAGTGA,0,sg6
GGGTGGGGGGAGTTTGCTCCTGG,GGGTGGGGGGGTAATTTTCCTGG,0,sg8
CTTGCCCCACAGGGCAGTAACGG,CCTGCCCCACAGGGGAGAAACCC,0,sg3
CTTGCCCCACAGGGCAGTAACGG,CCTGTCACACAGGGCAGTGAAGA,0,sg3
ATGAACACCAGTGAGTAGAGCGG,ATGAACACCAATGAATAGGCCTG,0,sg6
GGGTGGGGGGAGTTTGCTCCTGG,GGGTGGGGGTAGGTGGCACCTCG,0,sg8
CCAGTGAGTAGAGCGGAGGCAGG,CCAGTGAGTATAGAGGAGGCAGC,0,sg2
AATGACCACTACATCCTCAAGGG,AATGACCACTTCATTTTCATTGC,0,sg5
AATGACCACTACATCCTCAAGGG,AGAAACAACTCCATCCTCAAGTG,0,sg5
CCTGCCTCCGCTCTACTCACTGG,CCTGCCTCCACTGTCCTCATGGC,0,sg7
GGGTGGGGGGAGTTTGCTCCTGG,GGGAGGGGGGAGTTATCTGAAGG,0,sg8
GGTCCTGCCGCTGCTTGTCATGG,GGTCCTGCCTCTCCTTTTCTTCC,0,sg4
AACACCAGTGAGTAGAGCGGAGG,AAGACAAGTGAGTAGAGCATTGA,0,sg1
CCTGCCTCCGCTCTACTCACTGG,TCTGCCTCCGCTCCACGTGCTGG,0,sg7
CCAGTGAGTAGAGCGGAGGCAGG,CCTGGGGATGGAGCGGAGGCAAG,0,sg2
CCTGCCTCCGCTCTACTCACTGG,CCTGCCTCCAGTCTCCCCACTTC,0,sg7
AAATGAGAAGAAGAGGCACAGGG,AAATGAGAAGATAAGGCAATCAG,0,sg9
CTTGCCCCACAGGGCAGTAACGG,CTTACCCCACAGGGCAAGTGGGG,0,sg3
GAATCCTAAAAACTCTGCTTCGG,AAATTATTACATCTCTGCTTCGG,0,sg12
CCTGCCTCCGCTCTACTCACTGG,CCTGCCTCCACTGTAAAGGCTGG,0,sg7
TGACATCAATTATTATACATCGG,TGCCATCAATTACTAAACTGCCG,0,sg10
GACACCGAAGCAGAGTTTTTAGG,GATACCTGAGCAGAGTTTTAAAG,0,sg11
AAATGAGAAGAAGAGGCACAGGG,AAATGAGAAAAAAATCCAAAGGA,0,sg9
CCTGCCTCCGCTCTACTCACTGG,CCTGCCTCCTCTTCCCTCATTGT,0,sg7
CCAGTGAGTAGAGCGGAGGCAGG,CCTGTGAGTAGAGGGCAGGAACT,0,sg2
AAATGAGAAGAAGAGGCACAGGG,AAATGAGAAGATAAGGGAAAAAG,0,sg9
AAATGAGAAGAAGAGGCACAGGG,AAATGTTAATTTGAGGCACAGTG,0,sg9
AAATGAGAAGAAGAGGCACAGGG,AAATGAGAAGACAAGACAGAAGA,0,sg9
AAATGAGAAGAAGAGGCACAGGG,AAATGAGAAGGAAAAGCCCAAGA,0,sg9
GAATCCTAAAAACTCTGCTTCGG,AAAAGCAAAAAACTCTGCTTATG,0,sg12
AAATGAGAAGAAGAGGCACAGGG,AAATGAGAAAAAGAGAGAAACGG,0,sg9
AAATGAGAAGAAGAGGCACAGGG,AAAGAAATAAAGGAGGCACAGGG,0,sg9
ATGAACACCAGTGAGTAGAGCGG,TTTAAGAGCAGTGAGTAGACCTG,0,sg6
CTTGCCCCACAGGGCAGTAACGG,CTTACCAGTCAGGGCAGTCACAG,0,sg3
GGGTGGGGGGAGTTTGCTCCTGG,GGGTGGGGGGAGGATAAAACTGG,0,sg8
AAATGAGAAGAAGAGGCACAGGG,AAAGAAGAAGAAGAGAGAAAGAG,0,sg9
GGGTGGGGGGAGTTTGCTCCTGG,GGGTGTGTGCACTGTGATCCTGG,0,sg8
GAATCCTAAAAACTCTGCTTCGG,AGATCCTCCAAACTCTGCCTGGG,0,sg12
AAATGAGAAGAAGAGGCACAGGG,ACAAAAAGAGAAGAGGCACAGAG,0,sg9
GACACCGAAGCAGAGTTTTTAGG,GCCAGATCAGCAGAGTTTCTAGG,0,sg11
AAATGAGAAGAAGAGGCACAGGG,AGAAGGGAAACTGAGGCACAGGG,0,sg9
AAATGAGAAGAAGAGGCACAGGG,TGATGACTGGAAGAGGCACAAGG,0,sg9
AAATGAGAAGAAGAGGCACAGGG,AAATGAGAAAAAGAGGACCTTAG,0,sg9
AAATGAGAAGAAGAGGCACAGGG,AAAGGAGAAACTGAGGCACAGGG,0,sg9
AAATGAGAAGAAGAGGCACAGGG,AGATGAGAAAGTGAGGCACAGAA,0,sg9
TGACATCAATTATTATACATCGG,TGCAATCATTTATTATACAGCAG,0,sg10
AAATGAGAAGAAGAGGCACAGGG,TATTTATAAGAAGAGGCACAAGA,0,sg9
GGGTGGGGGGAGTTTGCTCCTGG,TGGTGGCTGGTCTTTGCTCCTGA,0,sg8
CCTGCCTCCGCTCTACTCACTGG,ACTGCCTGAGCTCTACTCCCTAT,0,sg7
AAATGAGAAGAAGAGGCACAGGG,AGAAGGAAAGAAGAGGCAAGGGG,0,sg9
AAATGAGAAGAAGAGGCACAGGG,TAATGAGAAGAAGAGTCACAAAT,0,sg9
CCTGCCTCCGCTCTACTCACTGG,CCTGCCTCCCCTCCCCTCCTAGG,0,sg7
AAATGAGAAGAAGAGGCACAGGG,AGCTGAGAAAAGGAGGCACAGTC,0,sg9
AAATGAGAAGAAGAGGCACAGGG,CTATGAGAAGAAAGGCCCCAGGG,0,sg9
GGGTGGGGGGAGTTTGCTCCTGG,GGGAATGGGGAGTTTGGGCATGG,0,sg8
AAATGAGAAGAAGAGGCACAGGG,GAAAGAGATCATGAGGCACAGGA,0,sg9
GACACCGAAGCAGAGTTTTTAGG,GACACCGAAACAGTTTTTAAAAG,0,sg11
AAATGAGAAGAAGAGGCACAGGG,AAATGAGAATCAAAGGCAAAACG,0,sg9
AAATGAGAAGAAGAGGCACAGGG,AAATGAGAATGTGAGGCCCAGGC,0,sg9
CCTGCCTCCGCTCTACTCACTGG,GCTGCCTCCGCTCAGCCCTTTGG,0,sg7
ATGAACACCAGTGAGTAGAGCGG,ATGAACACCAGAAAGAGGAGAGA,0,sg6
AAATGAGAAGAAGAGGCACAGGG,AAAGGAGAAGAAGAGTGTCACGA,0,sg9
GACACCGAAGCAGAGTTTTTAGG,GACACGGAAGCAGAGCATTCACC,0,sg11
GGGTGGGGGGAGTTTGCTCCTGG,CGCTCGGCAGTGTTTGCTCCTGG,0,sg8
AAATGAGAAGAAGAGGCACAGGG,AAATGAGAAGATGTGTCACAATC,0,sg9
CTTGCCCCACAGGGCAGTAACGG,CCCGTCCCCCAGGGCAGTATCTG,0,sg3
GGGTGGGGGGAGTTTGCTCCTGG,GGGGTGGGGGAATGTGCTACAGG,0,sg8
CCTGCCTCCGCTCTACTCACTGG,CCTGCCTAAGCTCTACTCATTCT,0,sg7
GGGTGGGGGGAGTTTGCTCCTGG,GGCTGGGGGGAGCCCGGGCCTGG,0,sg8
AATGACCACTACATCCTCAAGGG,AATGACCACTTTATCATCTGAGG,0,sg5
AAATGAGAAGAAGAGGCACAGGG,AGAAGAGAATAAAAGGCTCAGAG,0,sg9
ATGAACACCAGTGAGTAGAGCGG,AAGAACACCAGTGACTATGGCCT,0,sg6
ATGAACACCAGTGAGTAGAGCGG,AGAAAAGCCAGTGAGTAGAGTGA,0,sg6
TGACATCAATTATTATACATCGG,TCACTGCCATATTTATACATCGG,0,sg10
AAATGAGAAGAAGAGGCACAGGG,AGAAGTGAAGAAGAGGCTCATGA,0,sg9
AACACCAGTGAGTAGAGCGGAGG,AATATGAGTGAGTAGAACCTAGG,0,sg1
AAATGAGAAGAAGAGGCACAGGG,AAATGAGAACAGTAGACACTGGT,0,sg9
GAATCCTAAAAACTCTGCTTCGG,GAATCCAGATTCCTCTGCTTCAG,0,sg12
TGACATCAATTATTATACATCGG,TCTCATCAATTATTTTCCATGGG,0,sg10
AAATGAGAAGAAGAGGCACAGGG,AGAGGAGCAGAAGAGGCAGAAGC,0,sg9
GGGTGGGGGGAGTTTGCTCCTGG,GGATGGGGGGAGGTAGCTCATGC,0,sg8
TGACATCAATTATTATACATCGG,TGACTAATATTATTATACATCTC,0,sg10
GGTCCTGCCGCTGCTTGTCATGG,AGATCCGCAGCTGCTTGTCCTGG,0,sg4
AAATGAGAAGAAGAGGCACAGGG,GAAGAAGAGGAAGATGCGCAGGG,0,sg9
GGGTGGGGGGAGTTTGCTCCTGG,GGGTGGGGGCCCTGTCCACCTGG,0,sg8
ATGAACACCAGTGAGTAGAGCGG,ATGAACACCACAGAGTAGACTTA,0,sg6
GACACCGAAGCAGAGTTTTTAGG,CACATAGAAGCAGAGTTGTAAGT,0,sg11
AAATGAGAAGAAGAGGCACAGGG,CAGAGAGATGAAGAGGCACAGAC,0,sg9
AAATGAGAAGAAGAGGCACAGGG,ACGTGGGAAGCTGAGGCACAGGA,0,sg9
CCTGCCTCCGCTCTACTCACTGG,TCTGCCTTCCATCTACTCACTCA,0,sg7
AAATGAGAAGAAGAGGCACAGGG,GAATGAGAAGAAGCAACAGAGAG,0,sg9
CTTGCCCCACAGGGCAGTAACGG,CTGGCACCACAGGGCAGTCTGGC,0,sg3
GGGTGGGGGGAGTTTGCTCCTGG,GGAGTGGGTTATTTTGCTCCTGG,0,sg8
GACACCGAAGCAGAGTTTTTAGG,GGGATGGGAGCAGAGTTTCTAGG,0,sg11
AAATGAGAAGAAGAGGCACAGGG,GATTTGAAAGAAGAGGCACATGG,0,sg9
GAATCCTAAAAACTCTGCTTCGG,GAATCCTAAAAACTCTTTATACT,0,sg12
AAATGAGAAGAAGAGGCACAGGG,GAAGAGGAAGAAGAGGCTCAGAG,0,sg9
TGACATCAATTATTATACATCGG,TGCAATGAATTATTATACATTTT,0,sg10
AAATGAGAAGAAGAGGCACAGGG,CAATAAGACACAGAGGCACAGAG,0,sg9
GGGTGGGGGGAGTTTGCTCCTGG,GGGTGGGGGCAGGAAGCTGCTGA,0,sg8
GAATCCTAAAAACTCTGCTTCGG,GCATTCTAAAAACTCTTATTCTG,0,sg12
AAATGAGAAGAAGAGGCACAGGG,TGCTCTGAAGGAGAGGCACAGGG,0,sg9
AAATGAGAAGAAGAGGCACAGGG,AAAAGGGAAGAAGAGAAAGAGGG,0,sg9
CCTGCCTCCGCTCTACTCACTGG,CCTGCCTCCTCCCAACTCTCTAG,0,sg7
GGTCCTGCCGCTGCTTGTCATGG,GGTCCTGCCACTGTTATTTATGA,0,sg4
GGGTGGGGGGAGTTTGCTCCTGG,GAGTGAGCAGAGTTTGCTCATGC,0,sg8
AAATGAGAAGAAGAGGCACAGGG,ATAGATGAAGAAGAGGCTCAGAG,0,sg9
CTTGCCCCACAGGGCAGTAACGG,CTTAACCCACAGGGCAATATCGT,0,sg3
AACACCAGTGAGTAGAGCGGAGG,AATACCAGTGAGTATACCTGTGA,0,sg1
AAATGAGAAGAAGAGGCACAGGG,AAAGGAGAAGAAGAGAGAATGGA,0,sg9
ATGAACACCAGTGAGTAGAGCGG,CATAACATCAGTGAGTAGTGGGG,0,sg6
AAATGAGAAGAAGAGGCACAGGG,AGTTGAAAAGATGAGGCACAGAA,0,sg9
GGGTGGGGGGAGTTTGCTCCTGG,TTTTGGTGGGAATTTGCTCCTAG,0,sg8
GGGTGGGGGGAGTTTGCTCCTGG,GGCTGCATGGAGTTTGCTCCTGC,0,sg8
AACACCAGTGAGTAGAGCGGAGG,AAAAAAAGTGAGTAGCTGGGAGG,0,sg1
GGTCCTGCCGCTGCTTGTCATGG,GGTCCTGCCCCTCCCTGACACTG,0,sg4
GGTCCTGCCGCTGCTTGTCATGG,GGTGCGGCCGCTGCTTTGCCTCG,0,sg4
GGGTGGGGGGAGTTTGCTCCTGG,GGGTGGGGGGTGTTTGGTGGGGG,0,sg8
AACACCAGTGAGTAGAGCGGAGG,TATTCCAAAGAGTAGAGCGCAGG,0,sg1
AAATGAGAAGAAGAGGCACAGGG,ACATCAGAAGAAGAGTTAGAGAG,0,sg9
AAATGAGAAGAAGAGGCACAGGG,AAAGAAGAAGAAGAGGCATTGTC,0,sg9
AAATGAGAAGAAGAGGCACAGGG,AAATGAGAAGAAAGGACACAAAT,0,sg9
AAATGAGAAGAAGAGGCACAGGG,AAATGAGAAAAAAAGCCACAGAC,0,sg9
ATGAACACCAGTGAGTAGAGCGG,GCGCAGACCAGGGAGTAGAGCTG,0,sg6
AAATGAGAAGAAGAGGCACAGGG,AAATGAGAAACAGAGTGAGAAGG,0,sg9
GGTCCTGCCGCTGCTTGTCATGG,GGGCACGCCGCTGCTGGTCATCG,0,sg4
AAATGAGAAGAAGAGGCACAGGG,ACATGAGAAGAAGAATCAAACGA,0,sg9
CCAGTGAGTAGAGCGGAGGCAGG,GGGGTGAGTAGAGCAGAAGCAAG,0,sg2
GGGTGGGGGGAGTTTGCTCCTGG,GGAGGCTGGGAGTTTGCTCATGT,0,sg8
AAATGAGAAGAAGAGGCACAGGG,AAATGAGAATAATATTAACAGGT,0,sg9
AAATGAGAAGAAGAGGCACAGGG,TAATGAGAAGAAAAGGGAAAGAC,0,sg9
CTTGCCCCACAGGGCAGTAACGG,CTTGCCCCAGATGGGAGTACCCA,0,sg3
CTTGCCCCACAGGGCAGTAACGG,CCTTGTCCACAGGGCAGTCATGG,0,sg3
GACACCGAAGCAGAGTTTTTAGG,CTAAAAGAACCAGAGTTTTTAGG,0,sg11
AACACCAGTGAGTAGAGCGGAGG,AAGACCAGTGAGGAAAGCTGGTG,0,sg1
CCTGCCTCCGCTCTACTCACTGG,CCTGCCTCCAGTCTGCACACGGC,0,sg7
AACACCAGTGAGTAGAGCGGAGG,ACCTTTGGTCAGTAGAGCGGAGG,0,sg1
AACACCAGTGAGTAGAGCGGAGG,GAAAGCAGTGAGTAGAGAAGAGA,0,sg1
AAATGAGAAGAAGAGGCACAGGG,TAATGAAAGGAAGAGGCAATTGG,0,sg9
AAATGAGAAGAAGAGGCACAGGG,AAAAAAGAAGAAGAGGAACATTA,0,sg9
AATGACCACTACATCCTCAAGGG,GATGACCACTACATCTTCTATCA,0,sg5
AAATGAGAAGAAGAGGCACAGGG,ATATGGGAAGAAGAGGGAAGTGG,0,sg9
AAATGAGAAGAAGAGGCACAGGG,AAGGCAGAAGAAGAGACATAGGC,0,sg9
GACACCGAAGCAGAGTTTTTAGG,GATCTGGAAGCAGAGTTCTTGGG,0,sg11
TGACATCAATTATTATACATCGG,TTTCATGAATTATTATACATCCA,0,sg10
GGGTGGGGGGAGTTTGCTCCTGG,GGGTGGGGGGAGGTGGCACCTCG,0,sg8
TGACATCAATTATTATACATCGG,GGATAACATTTATTATACATAAG,0,sg10
AAATGAGAAGAAGAGGCACAGGG,AAATGAGAAGCAGGGGTGCAGCG,0,sg9
AATGACCACTACATCCTCAAGGG,CTAGACTATTAAATCCTCAAGGG,0,sg5
ATGAACACCAGTGAGTAGAGCGG,ATAAACACCAGTGAGCCGGGCGC,0,sg6
GACACCGAAGCAGAGTTTTTAGG,ATCACAGAAGCAGAGTCTGGAGG,0,sg11
AAATGAGAAGAAGAGGCACAGGG,AAAATGGAAGAAGAGGCAGAAGA,0,sg9
CTTGCCCCACAGGGCAGTAACGG,CTAGCCCCACAGGGTAGGAAAGG,0,sg3
AAATGAGAAGAAGAGGCACAGGG,AACTGGGAAGAAGAGTAAAAAGG,0,sg9
AAATGAGAAGAAGAGGCACAGGG,AAATGAGAAGTGATGTCACAGAG,0,sg9
ATGAACACCAGTGAGTAGAGCGG,ATGAACCCTAGTGAGAAGAGAGG,1,sg6
GACACCGAAGCAGAGTTTTTAGG,AATACCTAAGCAGAGTTTTTAAA,0,sg11
GACACCGAAGCAGAGTTTTTAGG,AAGCTGGAGGCAGAGTTTTTAGG,0,sg11
GGGTGGGGGGAGTTTGCTCCTGG,ATGGGTGGGGGGTTTGCTGCTGG,0,sg8
ATGAACACCAGTGAGTAGAGCGG,ATTCACAGAAGTGAGTAGATGGG,0,sg6
GACACCGAAGCAGAGTTTTTAGG,GACACATACAGTGAGTTTTTAGG,0,sg11
AAATGAGAAGAAGAGGCACAGGG,ATATGAAAAGAAGAGGCACTGAG,0,sg9
GAATCCTAAAAACTCTGCTTCGG,AAATCCTTAAAACTCTGCTTTCA,0,sg12
CCAGTGAGTAGAGCGGAGGCAGG,GCAGTGAGTAGAGGGAAGAAAGA,0,sg2
TGACATCAATTATTATACATCGG,AGACATCATTTATTATACTTCAG,0,sg10
AAATGAGAAGAAGAGGCACAGGG,AAATGAGAAATAGAGGCTGAGTC,0,sg9
GAATCCTAAAAACTCTGCTTCGG,CATTCCTTAAAACTCTGCAGCAG,0,sg12
GACACCGAAGCAGAGTTTTTAGG,GCCCTGGAAGCAGAGCTGTTAGG,0,sg11
CTTGCCCCACAGGGCAGTAACGG,CTGAGGCCACAGGGCAGGAGCGG,0,sg3
GAATCCTAAAAACTCTGCTTCGG,GAATCCTAAAAACTTTCCTGGCT,0,sg12
AAATGAGAAGAAGAGGCACAGGG,AAAGAAGAAAGCGAGGCACAGAG,0,sg9
GGGTGGGGGGAGTTTGCTCCTGG,CAGAGAGAGGCGTTTGCTCCTGG,0,sg8
GACACCGAAGCAGAGTTTTTAGG,GACAGTGAAGCAGAGTACTCAGG,0,sg11
CCTGCCTCCGCTCTACTCACTGG,CCACCGTCCGCTCTAGCCGCTGG,0,sg7
AAATGAGAAGAAGAGGCACAGGG,AAATGAGAAGATTAAGCAGATGT,0,sg9
GACACCGAAGCAGAGTTTTTAGG,TACAGAGAAGCAGAGGTTTTTGG,0,sg11
CCTGCCTCCGCTCTACTCACTGG,GCTCTCTGAGTTCTACTCACTGG,0,sg7
GGGTGGGGGGAGTTTGCTCCTGG,GGGTGGGGGCAGTCTGGTCAGAG,0,sg8
GGGTGGGGGGAGTTTGCTCCTGG,GGGTGGGGGGTGTCTACTGAAGG,0,sg8
GGGTGGGGGGAGTTTGCTCCTGG,GGTTGAGGGGAGTTTTCTCTAGC,0,sg8
CTTGCCCCACAGGGCAGTAACGG,CGTGCTCCACAGGGCAGTCTGTG,0,sg3
CCTGCCTCCGCTCTACTCACTGG,CCATCCTACACTCTACTCACTTC,0,sg7
AAATGAGAAGAAGAGGCACAGGG,AAGCCAGAAGAAGAGACACAGAA,0,sg9
CTTGCCCCACAGGGCAGTAACGG,CTTGCCCCACTGAGCAGATGAGG,0,sg3
CCTGCCTCCGCTCTACTCACTGG,CCTGCCTCCGCACCCCTCAAAGG,0,sg7
AAATGAGAAGAAGAGGCACAGGG,GAAGAAGAAGAAGAGGCGGAGGA,0,sg9
ATGAACACCAGTGAGTAGAGCGG,ATGAACACCAAAAAGTAGAACTT,0,sg6
AAATGAGAAGAAGAGGCACAGGG,AAATGAGAAACTGAGGCTCAGAA,0,sg9
AAATGAGAAGAAGAGGCACAGGG,AAAAGAGAAGCGGAGGCACAGAA,0,sg9
ATGAACACCAGTGAGTAGAGCGG,AGAATGACCAGTGAGTAGAGTAG,0,sg6
AAATGAGAAGAAGAGGCACAGGG,AAATGAGAAGAAGAGCTAAAAAA,0,sg9
TGACATCAATTATTATACATCGG,TGACATCAAATTTTATACCTAAT,0,sg10
AATGACCACTACATCCTCAAGGG,AATGACCACAGTATGCTCCTGGG,0,sg5
CCTGCCTCCGCTCTACTCACTGG,GCTCTGACTGCTCTACTCACTGG,0,sg7
GAATCCTAAAAACTCTGCTTCGG,GAATCCTAAAATCTGAACTTCAA,0,sg12
AAATGAGAAGAAGAGGCACAGGG,TAATTAAAAAAAGAGGCACAGAT,0,sg9
CCAGTGAGTAGAGCGGAGGCAGG,AGTGTGAGTAGAGAGGTGTCAGG,0,sg2
CCTGCCTCCGCTCTACTCACTGG,GCTGCCTCCGCTCTGAGCACTGA,0,sg7
AAATGAGAAGAAGAGGCACAGGG,TGTTGAGAAGAAGAGACAAAGGA,0,sg9
AAATGAGAAGAAGAGGCACAGGG,AAATAAGCAAACGAGGCACAGTT,0,sg9
GAATCCTAAAAACTCTGCTTCGG,GAAGCCTAAAAACTCTCCCAGAG,0,sg12
AATGACCACTACATCCTCAAGGG,AATGACCACCAGATCTTCAACAA,0,sg5
AAATGAGAAGAAGAGGCACAGGG,AAAAGAGAAGCTGAGGCACAGAA,0,sg9
AATGACCACTACATCCTCAAGGG,CATAAACACTACATCCTAACTGG,0,sg5
TGACATCAATTATTATACATCGG,TGGCTTCAATTATTATAAATACA,0,sg10
AAATGAGAAGAAGAGGCACAGGG,ATGAATGAAGAAGAGGCCCAGGG,0,sg9
AAATGAGAAGAAGAGGCACAGGG,AAATGAGAAGAGTATACTCAAGG,0,sg9
AAATGAGAAGAAGAGGCACAGGG,AAAAAAGAAGAAGAGGAAGAGCA,0,sg9
AAATGAGAAGAAGAGGCACAGGG,AAATGAGAAGCAGAGCAGCACTG,0,sg9
AAATGAGAAGAAGAGGCACAGGG,AATTGAGAAGAAAGTGCAGAGAG,0,sg9
AAATGAGAAGAAGAGGCACAGGG,AAATGAGAACATGCGGTATATGG,0,sg9
CCTGCCTCCGCTCTACTCACTGG,CCTGCCTCCACATTGCTTACTGT,0,sg7
TGACATCAATTATTATACATCGG,TGACATCAATATTTTGCCATCTG,0,sg10
GACACCGAAGCAGAGTTTTTAGG,GACATTAATGCAGAGTTTTAAAG,0,sg11
TGACATCAATTATTATACATCGG,TGACATCCTTTATTATACTTAAT,0,sg10
TGACATCAATTATTATACATCGG,TATCAACAATTATTATAAAGCTG,0,sg10
AATGACCACTACATCCTCAAGGG,AAGTTTCAGTCCATCCTCAAGGG,0,sg5
GGGTGGGGGGAGTTTGCTCCTGG,ACGTGAGGTCAGTTTGCTCCTGG,0,sg8
AAATGAGAAGAAGAGGCACAGGG,AAATGAGAAGAAGCTATACTGTG,0,sg9
AATGACCACTACATCCTCAAGGG,AATGACCACTGCATCCTTTACTA,0,sg5
AAATGAGAAGAAGAGGCACAGGG,AAATGAGAAGCACTGAAACAGAG,0,sg9
AATGACCACTACATCCTCAAGGG,CATTGCCACTACATCCTTATGTG,0,sg5
GGGTGGGGGGAGTTTGCTCCTGG,GGGTGGGGGAGGGGTACTCCTAG,0,sg8
GACACCGAAGCAGAGTTTTTAGG,GCCAACAAAGAGGAGTTTTTAGA,0,sg11
AAATGAGAAGAAGAGGCACAGGG,AAGACAGAAGAAGAGGGAGAGAG,0,sg9
CCTGCCTCCGCTCTACTCACTGG,CCTGCCTCCCCGACCCTCGCTGG,0,sg7
AAATGAGAAGAAGAGGCACAGGG,CACAGAAAAGAAGAGGCACAGTG,0,sg9
CCAGTGAGTAGAGCGGAGGCAGG,CACGTGGCCAGAGCGGAGGGAGG,0,sg2
GGGTGGGGGGAGTTTGCTCCTGG,AGTTAGGGGGAGTTTATTCCAGG,0,sg8
GGGTGGGGGGAGTTTGCTCCTGG,GGAGAGGGGGCGTTTGCTCCTCT,0,sg8
AAATGAGAAGAAGAGGCACAGGG,CCATGAGAAGAAAAGGGAAAGAG,0,sg9
TGACATCAATTATTATACATCGG,TGGCATCAATTAATTTAAATAGG,0,sg10
AAATGAGAAGAAGAGGCACAGGG,AATTGAAGAGAAGAGGCAAGTGG,0,sg9
AAATGAGAAGAAGAGGCACAGGG,AAATGAGAAAAATATGAACACGT,0,sg9
AAATGAGAAGAAGAGGCACAGGG,AAATGAGAAGCAAAGTCACACCT,0,sg9
CCAGTGAGTAGAGCGGAGGCAGG,CCTGTGAGTAGAGGGGGTTCAGT,0,sg2
GGTCCTGCCGCTGCTTGTCATGG,GATGCTGCTGCTGCTTGTCTGAG,0,sg4
GGGTGGGGGGAGTTTGCTCCTGG,GGGTGGGGGCTGCTTCCTCCCCG,0,sg8
AAATGAGAAGAAGAGGCACAGGG,TGATGAGAAGAAATGACACAGAG,0,sg9
GACACCGAAGCAGAGTTTTTAGG,GTTAAAGAAGCAGAGATTTTATG,0,sg11
AAATGAGAAGAAGAGGCACAGGG,AATAGAGAAGAAGAGGGACAGCG,0,sg9
GACACCGAAGCAGAGTTTTTAGG,CAGGCCTAACCTGAGTTTTTAGG,0,sg11
TGACATCAATTATTATACATCGG,TGACAACATTTATTATACAACTC,0,sg10
GGGTGGGGGGAGTTTGCTCCTGG,GGGGTGGGGGAGGGTCCTCCTAG,0,sg8
AAATGAGAAGAAGAGGCACAGGG,GAAGGAGAAGAAGAGCCACAGAA,0,sg9
TGACATCAATTATTATACATCGG,TGAGATCAGTTATTATACCTTGA,0,sg10
CCAGTGAGTAGAGCGGAGGCAGG,CCAGTGAGTACATCCTTGGAAGG,0,sg2
GGGTGGGGGGAGTTTGCTCCTGG,GGCTGGGGGGAGGCTGCCCCCTG,0,sg8
CCTGCCTCCGCTCTACTCACTGG,CCTGCCTCCGCTTCACCAAGTGC,0,sg7
ATGAACACCAGTGAGTAGAGCGG,ATGAATACTAGTGAGTAGTGGGC,0,sg6
GGGTGGGGGGAGTTTGCTCCTGG,GGGTGGGGGCAGTGGGCTCCCAG,0,sg8
AAATGAGAAGAAGAGGCACAGGG,AAGAGAGAAGAAGAGACAGAGAG,0,sg9
GGGTGGGGGGAGTTTGCTCCTGG,GGGTGGGGGAAGACTGCTGGGGG,0,sg8
AAATGAGAAGAAGAGGCACAGGG,AAATGAGAAGAGTGGACAGTGGG,0,sg9
AAATGAGAAGAAGAGGCACAGGG,AAATGAGAAAAGAAGCCACAGAC,0,sg9
AAATGAGAAGAAGAGGCACAGGG,AACTGAGAAGAAGAGAGAGAGAA,0,sg9
GACACCGAAGCAGAGTTTTTAGG,ACAACAGAAGCAGAGTTCTGAGG,0,sg11
AAATGAGAAGAAGAGGCACAGGG,AAATGAGAAAAATAGGAACATAC,0,sg9
TGACATCAATTATTATACATCGG,TGACATCAACTTTTACACATATC,0,sg10
AAATGAGAAGAAGAGGCACAGGG,AAGAGAGAGGAAGAGGCAGAGAA,0,sg9
GAATCCTAAAAACTCTGCTTCGG,GAAAGAAAAACACTCTGCTTCTG,0,sg12
GAATCCTAAAAACTCTGCTTCGG,GAATCCTAAAAAAGATTCTTGTG,0,sg12
TGACATCAATTATTATACATCGG,TGACATCAATTTTTATTCAGAAT,0,sg10
CTTGCCCCACAGGGCAGTAACGG,GTTGCACCACAGGGCAGGAGGAG,0,sg3
AAATGAGAAGAAGAGGCACAGGG,TACTGAGAAGAAGCGGCCCAAGC,0,sg9
GGGTGGGGGGAGTTTGCTCCTGG,GGGTGGGGGGCGTGTGGACATGG,0,sg8
CCTGCCTCCGCTCTACTCACTGG,ACTGACTGCTCCCTACTCACTGA,0,sg7
AAATGAGAAGAAGAGGCACAGGG,CCATGAGAAGAAGTGGGAAGGGG,0,sg9
GGGTGGGGGGAGTTTGCTCCTGG,GTCTGTATGGAGTTTGCTCCTGC,0,sg8
AAATGAGAAGAAGAGGCACAGGG,AAATGAGAAGCAGGGGAAAAGTG,0,sg9
AATGACCACTACATCCTCAAGGG,GTTCCCCACGAGATCCTCAAGGG,0,sg5
CTTGCCCCACAGGGCAGTAACGG,GTAGCCCCACAGGTCAGTGAGGA,0,sg3
AAATGAGAAGAAGAGGCACAGGG,AAATGAGAAGGCATTGCATAGGG,0,sg9
GACACCGAAGCAGAGTTTTTAGG,TTTACCCAAGCAGAGTTTTTTAG,0,sg11
ATGAACACCAGTGAGTAGAGCGG,ATGAACACCAGTGAAGGAACTGG,0,sg6
GAATCCTAAAAACTCTGCTTCGG,CATCCCTAAAAACTCTGCTGGGC,0,sg12
GGGTGGGGGGAGTTTGCTCCTGG,TCGTGACGGGTGTTTGCTCCTGA,0,sg8
AAATGAGAAGAAGAGGCACAGGG,GAGACAGAAGAAGAGGCCCAAGG,0,sg9
AAATGAGAAGAAGAGGCACAGGG,AAATGAGAAGAAGGAAGAAAGGA,0,sg9
GGGTGGGGGGAGTTTGCTCCTGG,GGGTGGGGGCTGTGCTGTCCTGG,0,sg8
AAATGAGAAGAAGAGGCACAGGG,GAAAGAGAATCTGAGGCACAGAG,0,sg9
AAATGAGAAGAAGAGGCACAGGG,CAAAAAGAAGAAGAGTTACAGTG,0,sg9
GACACCGAAGCAGAGTTTTTAGG,GACAGGGAAGCAGAGGTTGCAGT,0,sg11
AAATGAGAAGAAGAGGCACAGGG,CACTTAGAGGAAGAGGCAAAGTG,0,sg9
AAATGAGAAGAAGAGGCACAGGG,GGATGAGAAGAAGACACAGGGGG,0,sg9
CCTGCCTCCGCTCTACTCACTGG,TCTGCCTCCGCTTTCACCACTGC,0,sg7
AATGACCACTACATCCTCAAGGG,CTTAACCAAGACATCCTCAAGTG,0,sg5
GGTCCTGCCGCTGCTTGTCATGG,GGTCCTGCCTCTGCCTGAATTTG,0,sg4
ATGAACACCAGTGAGTAGAGCGG,TTACACAACAGTGAGTAGAACAG,0,sg6
AAATGAGAAGAAGAGGCACAGGG,AAAACAAAAGAAGAGGCAAAGGA,0,sg9
AAATGAGAAGAAGAGGCACAGGG,AAATGAGAATGAGTGAGACAGAG,0,sg9
AACACCAGTGAGTAGAGCGGAGG,AGAAGCAGTGAGTAGAACTGTGG,0,sg1
TGACATCAATTATTATACATCGG,TGAGTTGGATTATTATACTTCGA,0,sg10
GGGTGGGGGGAGTTTGCTCCTGG,GGTTGGGGGGAGCTGGCTATTGG,0,sg8
AAATGAGAAGAAGAGGCACAGGG,AACTAACAAGATGAGGCACAGTG,0,sg9
GACACCGAAGCAGAGTTTTTAGG,GCCATACAAGCAGAGTTTTTATA,0,sg11
AACACCAGTGAGTAGAGCGGAGG,AAAACAAGTGAGTAGATTTGAAG,0,sg1
AAATGAGAAGAAGAGGCACAGGG,GATGGCTAAGGAGAGGCACAGGG,0,sg9
AAATGAGAAGAAGAGGCACAGGG,CAAGGAGAGGAAGAGGCAGGGTG,0,sg9
ATGAACACCAGTGAGTAGAGCGG,CTGACCTCCAGTGAGTAGAGAGA,0,sg6
AAATGAGAAGAAGAGGCACAGGG,AGATGAGAAGAAAGGCCACTGGC,0,sg9
GGGTGGGGGGAGTTTGCTCCTGG,GGGATGGGGGAGTTTGTTGCGGT,0,sg8
CTTGCCCCACAGGGCAGTAACGG,ATTGCCCCACAGGTCAATAAAGC,0,sg3
AAATGAGAAGAAGAGGCACAGGG,AGGTTAGAAAGAGAGGCACAGAG,0,sg9
ATGAACACCAGTGAGTAGAGCGG,ATGAACACCAGTTGTTAGTGCCA,0,sg6
AAATGAGAAGAAGAGGCACAGGG,TGGTGAGAAGAACAGTTACAGGG,0,sg9
GGTCCTGCCGCTGCTTGTCATGG,GCTCCGGCCGCTGCTGGCCAGGT,0,sg4
AAATGAGAAGAAGAGGCACAGGG,AAATGAGAAAATGAGGGTATGGG,0,sg9
AAATGAGAAGAAGAGGCACAGGG,AAATGAGAAGGAAAAGCTAAGGC,0,sg9
TGACATCAATTATTATACATCGG,TAAAAGCAATTATTATAAATATG,0,sg10
AAATGAGAAGAAGAGGCACAGGG,AAATGAGAAAAAGAGGTAAGGAA,0,sg9
GGGTGGGGGGAGTTTGCTCCTGG,GGGGGAAGGGAGTTTGCTTCTCC,0,sg8
AAATGAGAAGAAGAGGCACAGGG,AACTGCTAAGAAGAGGAAGAGGC,0,sg9
GGTCCTGCCGCTGCTTGTCATGG,GGTTCTGAGGCTGCTTGTTATTA,0,sg4
GACACCGAAGCAGAGTTTTTAGG,AGCCCTGAAGCAGAGGTGTTAGG,0,sg11
AATGACCACTACATCCTCAAGGG,ATCAATCACTACATCCACAAGAG,0,sg5
GACACCGAAGCAGAGTTTTTAGG,GAAACTGAAGCAGAGGGTTCAGT,0,sg11
CCTGCCTCCGCTCTACTCACTGG,CCTGCCTCCCCTCTACTCAATAT,0,sg7
GGGTGGGGGGAGTTTGCTCCTGG,GCGTGGGGGGAGCTTGAAGCTGT,0,sg8
GACACCGAAGCAGAGTTTTTAGG,AACACTGAAGCAGAGGTTTGACG,0,sg11
GAATCCTAAAAACTCTGCTTCGG,AAATCCCAAGGACTCTGCTTCAT,0,sg12
AAATGAGAAGAAGAGGCACAGGG,AAATGAGAAACATAGTTACAGTG,0,sg9
AAATGAGAAGAAGAGGCACAGGG,GAAGGAGAAGAAGAGACACTAGC,0,sg9
GAATCCTAAAAACTCTGCTTCGG,GAATCCTAAAGAATCTGCTGGGT,0,sg12
AAATGAGAAGAAGAGGCACAGGG,AAGTGAGAAGAAAATGCAAGAGG,0,sg9
AAATGAGAAGAAGAGGCACAGGG,CAAAGGGAGCAGGAGGCACAGGG,0,sg9
GAATCCTAAAAACTCTGCTTCGG,TCATCCTAATAACTCTGCTTCTG,0,sg12
AAATGAGAAGAAGAGGCACAGGG,AAAAAAGAAGAAGAGAGATAAGG,0,sg9
GGGTGGGGGGAGTTTGCTCCTGG,GGGTGGGGGGTGGCAGATCCAGG,0,sg8
AATGACCACTACATCCTCAAGGG,TATTATAATCACATCCTCAAGGG,0,sg5
AAATGAGAAGAAGAGGCACAGGG,AACTAAAAGGAGGAGGCACAGAG,0,sg9
GGGTGGGGGGAGTTTGCTCCTGG,GGGTGTCTTGAGTTTGCTCCTTT,0,sg8
AACACCAGTGAGTAGAGCGGAGG,AACACCAGTGAGGAACCAGGAGG,0,sg1
GGTCCTGCCGCTGCTTGTCATGG,GGTCCTGCCACCTCCTCTCCTGG,0,sg4
AATGACCACTACATCCTCAAGGG,CATTTCTACTACATCCTCAGGCG,0,sg5
GACACCGAAGCAGAGTTTTTAGG,GATGCAGAAGCAGAGTCTCTTGG,0,sg11
GAATCCTAAAAACTCTGCTTCGG,GAAAAATAAAACCTCTGCTTCTG,0,sg12
AAATGAGAAGAAGAGGCACAGGG,AAAAAGGAAGAAGAGGGAGAAGG,0,sg9
GGTCCTGCCGCTGCTTGTCATGG,AGTGCTGTTGCTGCTTGTCTTGA,0,sg4
AAATGAGAAGAAGAGGCACAGGG,ACAGGCTAAGAAGAGGCACATGC,0,sg9
AAATGAGAAGAAGAGGCACAGGG,AAATGAGAACAATACACACTGGG,0,sg9
GACACCGAAGCAGAGTTTTTAGG,TCCTATGAAGCAGAGTTTTTATG,0,sg11
GGGTGGGGGGAGTTTGCTCCTGG,GGGTGGGGGTTGTTGGCTGGGGG,0,sg8
ATGAACACCAGTGAGTAGAGCGG,AGAAACACCAGTGAGTAGAAATA,0,sg6
AATGACCACTACATCCTCAAGGG,AATATGAACTTCATCCTCAAGGA,0,sg5
AAATGAGAAGAAGAGGCACAGGG,AAATGAGAAGAGAAGGCAGACTT,0,sg9
AAATGAGAAGAAGAGGCACAGGG,AAATGAGAAGAGTAAGCAAAATG,0,sg9
CCAGTGAGTAGAGCGGAGGCAGG,CCACTTGGGGGGGCGGAGGCAGG,0,sg2
GGGTGGGGGGAGTTTGCTCCTGG,GGGTGGGGGTGGTTCATTCCTGC,0,sg8
AATGACCACTACATCCTCAAGGG,CAAGTCAATTACATCCTCAAAGG,0,sg5
TGACATCAATTATTATACATCGG,TGACATCAACTATAAGAAATTTG,0,sg10
AAATGAGAAGAAGAGGCACAGGG,AAATGAGAAGATGGAGCACACTG,0,sg9
AAATGAGAAGAAGAGGCACAGGG,AAACAAGAAGAAGAGAGAGATGG,0,sg9
GGGTGGGGGGAGTTTGCTCCTGG,GGGTGGGTGGGGGTCTCACCTGG,0,sg8
CCTGCCTCCGCTCTACTCACTGG,CCTGCCTCCTCTCCCCTCCATGA,0,sg7
GACACCGAAGCAGAGTTTTTAGG,AAAAAGGAAGCAGAGCTTTTAGT,0,sg11
AATGACCACTACATCCTCAAGGG,AATGACCACTGCATTGGGCAGGG,0,sg5
GGGTGGGGGGAGTTTGCTCCTGG,AGGTGGGGGGAGGTAGGTCTTGG,0,sg8
AACACCAGTGAGTAGAGCGGAGG,ATGTCCAGTGAGTAGAGTCGAGT,0,sg1
GACACCGAAGCAGAGTTTTTAGG,GACACCGAAGCAGTGATTATCAC,0,sg11
CTTGCCCCACAGGGCAGTAACGG,CCCGGCCCACAGGGCAGTGGAGG,0,sg3
AAATGAGAAGAAGAGGCACAGGG,AAATGAGAACAAGAAGCTTACTG,0,sg9
CCAGTGAGTAGAGCGGAGGCAGG,CCTGTAAGGAGAGCGGAGTGGGG,0,sg2
GGGTGGGGGGAGTTTGCTCCTGG,GGGTGGGGGTGGTTCACACCTGT,0,sg8
AAATGAGAAGAAGAGGCACAGGG,AAAGAAGAAATGGAGGCACAGAG,0,sg9
GAATCCTAAAAACTCTGCTTCGG,TAATCCTAAAAACACTGCCACTC,0,sg12
AAATGAGAAGAAGAGGCACAGGG,AAAAAAGAAGAAGAGGGGCTAGG,0,sg9
GAATCCTAAAAACTCTGCTTCGG,GAATCCTAAAACCTTTGAAGTGG,0,sg12
CCTGCCTCCGCTCTACTCACTGG,CCTGCCTCCTCTCCCCACCGTGG,0,sg7
GGGTGGGGGGAGTTTGCTCCTGG,GAATTGGGACAGTTTGCTCCTGG,0,sg8
AAATGAGAAGAAGAGGCACAGGG,AAATGAGAACAACATGCATGTGG,0,sg9
GAATCCTAAAAACTCTGCTTCGG,GAAGCCTAAAAACTCAGGGTAAG,0,sg12
CTTGCCCCACAGGGCAGTAACGG,CTTGCCCCACTTGCCAGACACTG,0,sg3
GGTCCTGCCGCTGCTTGTCATGG,GGCCCGGCCCCTGCCGCTCATGG,0,sg4
CTTGCCCCACAGGGCAGTAACGG,CTGGCCCCACAGGGGGCTTAGGG,0,sg3
GAATCCTAAAAACTCTGCTTCGG,TTTTCCTAAAAACTCTGATTCTC,0,sg12
AAATGAGAAGAAGAGGCACAGGG,AAATGAGAAAACCAAGCTCAGGG,0,sg9
CCTGCCTCCGCTCTACTCACTGG,CCTGCCTCCTGCCAAAGCACTGG,0,sg7
AAATGAGAAGAAGAGGCACAGGG,AGACCAGAAGAAGAGTCATAGGT,0,sg9
AAATGAGAAGAAGAGGCACAGGG,AAAGGAGAAGAAGAGGGGAGGGG,0,sg9
GGGTGGGGGGAGTTTGCTCCTGG,GAGTGGGGCCTGTTTGCTCCTTT,0,sg8
GAATCCTAAAAACTCTGCTTCGG,CAATCCCAAATCCTCTGCTTCCT,0,sg12
ATGAACACCAGTGAGTAGAGCGG,AAGGACACCAGTGAGGAGAGTGG,1,sg6
AAATGAGAAGAAGAGGCACAGGG,AAGGTAGAAGAAGAGACCCAGGC,0,sg9
AAATGAGAAGAAGAGGCACAGGG,CAATTAGAAGAAGAGAAACAAAG,0,sg9
CTTGCCCCACAGGGCAGTAACGG,CAAGTCCCACAGGGCAATACTGG,0,sg3
AAATGAGAAGAAGAGGCACAGGG,AGAAGAGAAGAAGAGGCAGAGAC,0,sg9
AAATGAGAAGAAGAGGCACAGGG,AGAGGAGAAGAAGAGGCAAAAGG,0,sg9
AAATGAGAAGAAGAGGCACAGGG,AGAAAAGAAGAAGAGGAAGAGAG,0,sg9
CTTGCCCCACAGGGCAGTAACGG,ACTGCCCCACAGGGAAGTAATAG,0,sg3
GGTCCTGCCGCTGCTTGTCATGG,GGTCCTGCCTCTGAAAGTCAAAG,0,sg4
GACACCGAAGCAGAGTTTTTAGG,AATAACTAAGCAGAGTTTTAAGA,0,sg11
CCAGTGAGTAGAGCGGAGGCAGG,CCAGTGAGTATAAAGCAAGCAGA,0,sg2
CCTGCCTCCGCTCTACTCACTGG,CCAGCCTCCGCTCTGCTGGGAGG,0,sg7
GGGTGGGGGGAGTTTGCTCCTGG,GAATGTGGTGAGTTTGCTCCTCC,0,sg8
GGGTGGGGGGAGTTTGCTCCTGG,GGGTGGGGGGACTGGGCTCCCCA,0,sg8
AAATGAGAAGAAGAGGCACAGGG,AAATGAGAAACTGAGTCCCAGAG,0,sg9
AAATGAGAAGAAGAGGCACAGGG,AATTGAGAAGAAGGTGCAGAGAT,0,sg9
AAATGAGAAGAAGAGGCACAGGG,CAAGTATCAGAAGAGGCACAGGA,0,sg9
TGACATCAATTATTATACATCGG,ACACATACATTATTATACATTAG,0,sg10
AAATGAGAAGAAGAGGCACAGGG,AAATGAGAAAAGAAGGCTCAGAG,0,sg9
AAATGAGAAGAAGAGGCACAGGG,AAATGAGAATCTGGGTCTCAGGG,0,sg9
AAATGAGAAGAAGAGGCACAGGG,AAATGAGAAGAAGTGAAACACCT,0,sg9
CTTGCCCCACAGGGCAGTAACGG,TATGGCCCACAGGGCTGTGAGGG,0,sg3
CTTGCCCCACAGGGCAGTAACGG,CCTGCCCCACAGGCCTGTATCAG,0,sg3
AATGACCACTACATCCTCAAGGG,AATGACCACTTCTCCTTTAACGG,0,sg5
GAATCCTAAAAACTCTGCTTCGG,AGATTTTGAAAACTCTGCTTCTG,0,sg12
AAATGAGAAGAAGAGGCACAGGG,AAATGAGAAGTAGACACAGAAGT,0,sg9
CCTGCCTCCGCTCTACTCACTGG,CCTGCCTCCTCCCCACTCCCTTC,0,sg7
CTTGCCCCACAGGGCAGTAACGG,TCAGTCCCACAGGGCAGTGACAG,0,sg3
AAATGAGAAGAAGAGGCACAGGG,AAATAGCAAAAAGAGGCACAGAA,0,sg9
AAATGAGAAGAAGAGGCACAGGG,GATTTAGCAGAAGAGGCAGATGG,0,sg9
CCAGTGAGTAGAGCGGAGGCAGG,CCTGTGAGTAGATCATTGGCAGC,0,sg2
ATGAACACCAGTGAGTAGAGCGG,ATGAACACCAATGTTCACAGCAG,0,sg6
AACACCAGTGAGTAGAGCGGAGG,TACACCAGTGAGTAGGGTGCTAG,0,sg1
AACACCAGTGAGTAGAGCGGAGG,ATCACCAGTGAGGAATGAGGAGG,0,sg1
CCTGCCTCCGCTCTACTCACTGG,TCTGCCTCCGCTAACCTCACTTA,0,sg7
GAATCCTAAAAACTCTGCTTCGG,TGCTCCTGCAAACTCTGCTTAGG,0,sg12
ATGAACACCAGTGAGTAGAGCGG,ATGAACACCAGTAAAAAGAGGGA,0,sg6
AAATGAGAAGAAGAGGCACAGGG,CAAGGCGAAGAAGAGGAGCAGGA,0,sg9
GACACCGAAGCAGAGTTTTTAGG,GAAACCGAAGCAGTGGTTCTTGC,0,sg11
AAATGAGAAGAAGAGGCACAGGG,AAATGAGAAAAACAAAGACAGGA,0,sg9
AAATGAGAAGAAGAGGCACAGGG,AAATGAGAAGAAGTACAGCAGTG,0,sg9
CTTGCCCCACAGGGCAGTAACGG,CTAGGCCCACAGGGCACTGAGTG,0,sg3
GGGTGGGGGGAGTTTGCTCCTGG,GGGTGGGGGGAGATCTGTGCGGG,0,sg8
AACACCAGTGAGTAGAGCGGAGG,AGCTCCAGTGAGTAGGGATGGGG,0,sg1
GAATCCTAAAAACTCTGCTTCGG,ATACCCCGAAAACTCTGCTTCTG,0,sg12
GGGTGGGGGGAGTTTGCTCCTGG,GGGTGGGGGAAGAATGATTCAGG,0,sg8
AACACCAGTGAGTAGAGCGGAGG,AACACCAGTGGGTAGTGAGAAAG,0,sg1
AAATGAGAAGAAGAGGCACAGGG,GAATCAGCAGAAGAGGCACTGGC,0,sg9
AAATGAGAAGAAGAGGCACAGGG,AAAGGCGAAGAAGAGGTAGAGAC,0,sg9
AATGACCACTACATCCTCAAGGG,AATGACCACTACTTCTTCTTGTC,0,sg5
GGTCCTGCCGCTGCTTGTCATGG,GTTTTTGCAGTTGCTTGTCATGA,0,sg4
GGGTGGGGGGAGTTTGCTCCTGG,GGGTGGGGGCGGAATGCTCCTTC,0,sg8
TGACATCAATTATTATACATCGG,TGACATCAATTATTATTTAAAAC,0,sg10
ATGAACACCAGTGAGTAGAGCGG,AGACACACCAGTGAGCACAGCGT,0,sg6
AACACCAGTGAGTAGAGCGGAGG,AACCTCAGTGAGTAGAAGGGACT,0,sg1
AAATGAGAAGAAGAGGCACAGGG,AAGTAGGACGCTGAGGCACAGGG,0,sg9
AAATGAGAAGAAGAGGCACAGGG,GGATGATGAGAAGAGGCACACAG,0,sg9
GACACCGAAGCAGAGTTTTTAGG,GACTCATGAGCAGAGTTTTGAAG,0,sg11
AAATGAGAAGAAGAGGCACAGGG,ATAAAAGAAGAAGAGTCACATGA,0,sg9
CCAGTGAGTAGAGCGGAGGCAGG,CCAGTGAGTGGAGCATTGGCTGG,0,sg2
AACACCAGTGAGTAGAGCGGAGG,TTCACCAGTGAGCAAAACTGAGG,0,sg1
CTTGCCCCACAGGGCAGTAACGG,CGTGCCCCACAGAGTCATCACGG,0,sg3
CCAGTGAGTAGAGCGGAGGCAGG,TGAGTGAGTAGATGGAAGGCAGA,0,sg2
AACACCAGTGAGTAGAGCGGAGG,AACACCAGTGAGTGCGAAGGAGT,0,sg1
CTTGCCCCACAGGGCAGTAACGG,CTGGCCCCACAGGTTAAGAATGG,0,sg3
CCAGTGAGTAGAGCGGAGGCAGG,CCAGTGAGTAGGGATGGGTCAGG,0,sg2
GGTCCTGCCGCTGCTTGTCATGG,AGTCCTGTCCAGGCTTGTCATCG,0,sg4
CTTGCCCCACAGGGCAGTAACGG,CAAGACAAACAGGGCAGTAACGG,0,sg3
GAATCCTAAAAACTCTGCTTCGG,GAAGTTTTAAAACTCTGCTTAGG,0,sg12
GAATCCTAAAAACTCTGCTTCGG,AAATCCTAAAAATTCACATTTGG,0,sg12
AAATGAGAAGAAGAGGCACAGGG,AAGAAAGAAGAAGAGGTAGAGAG,0,sg9
AAATGAGAAGAAGAGGCACAGGG,AAATGAGAATAAAAAACACTGGG,0,sg9
AAATGAGAAGAAGAGGCACAGGG,AATGAAGAAGAAGAGGAAGAGGA,0,sg9
GACACCGAAGCAGAGTTTTTAGG,GACACTGAAGCAGAGTGTGCTGG,0,sg11
AACACCAGTGAGTAGAGCGGAGG,AACACCAGTAGGGAGTGGGGACG,0,sg1
ATGAACACCAGTGAGTAGAGCGG,AGGAACACCAGTGACTACAGCAA,0,sg6
GGGTGGGGGGAGTTTGCTCCTGG,GGGAGGACAGAGTTTGCTTCTGA,0,sg8
GGTCCTGCCGCTGCTTGTCATGG,GAGCCTGCCGCTCCTTATCTTGT,0,sg4
CCAGTGAGTAGAGCGGAGGCAGG,CCAGTGAGTAGTGGGTATGAAAG,0,sg2
TGACATCAATTATTATACATCGG,TAACACCAATTATTATACAATCT,0,sg10
AAATGAGAAGAAGAGGCACAGGG,GTAAGAGAAGAAGAGCCACAGTT,0,sg9
AAATGAGAAGAAGAGGCACAGGG,TTCCCAGAGGAAGAGGCACAGGG,0,sg9
TGACATCAATTATTATACATCGG,TTATTTCAATTATTATATCTGGG,0,sg10
AAATGAGAAGAAGAGGCACAGGG,ACATGAGAAACTGAGGCACAGAA,0,sg9
GGGTGGGGGGAGTTTGCTCCTGG,GGGTGGGGGGGGTGTGTCCCTGC,0,sg8
CCTGCCTCCGCTCTACTCACTGG,CCTGCCTCCCCACCCCTCGCTTG,0,sg7
AAATGAGAAGAAGAGGCACAGGG,ACTTGAGCTGAAGAGGCACAGGT,0,sg9
ATGAACACCAGTGAGTAGAGCGG,AAGGACACCAGTGAGATGAGTGG,0,sg6
AATGACCACTACATCCTCAAGGG,GATGGTAAATACATCCTCTAGGG,0,sg5
TGACATCAATTATTATACATCGG,TACCATCAATTAAAATCCATCTG,0,sg10
CCAGTGAGTAGAGCGGAGGCAGG,CCAGTGAGTAGAAGTGAGGCTCA,0,sg2
AAATGAGAAGAAGAGGCACAGGG,AAATGAGAAGAATTGGAGCAATG,0,sg9
GACACCGAAGCAGAGTTTTTAGG,GTCACTGAAGCAGAGCCTGTTGG,0,sg11
GGTCCTGCCGCTGCTTGTCATGG,GCTCCAGCCGCTGCTTCTCCAGC,0,sg4
AAATGAGAAGAAGAGGCACAGGG,AATAGTGAAGAAGAGAGACAGAG,0,sg9
AAATGAGAAGAAGAGGCACAGGG,CAAGGAGAGGACGAGGCACAGGG,0,sg9
CCTGCCTCCGCTCTACTCACTGG,CCTGCCTCCTCTTAACCTACTGT,0,sg7
CCAGTGAGTAGAGCGGAGGCAGG,TAAATGAGGAGAGCGGAGGCTGG,0,sg2
CCTGCCTCCGCTCTACTCACTGG,CCTGCCTCCCTTCTGCTTACTCC,0,sg7
AAATGAGAAGAAGAGGCACAGGG,TGATGAAAAGCTGAGGCACAGAG,0,sg9
AAATGAGAAGAAGAGGCACAGGG,AAAGGAGAAGAAGACACTGAGGC,0,sg9
CCAGTGAGTAGAGCGGAGGCAGG,CCAACGACGTGAGCGGAGGCAGC,0,sg2
GGGTGGGGGGAGTTTGCTCCTGG,GGGAGGGGGGAGCTTGGCCCTGG,0,sg8
AAATGAGAAGAAGAGGCACAGGG,AAAAGGGAAAATGAGGCACAGAG,0,sg9
AAATGAGAAGAAGAGGCACAGGG,AACTCAGAAGAAGAGGAAGAGGT,0,sg9
GGTCCTGCCGCTGCTTGTCATGG,GGTCCTGCCCCTCCTGGGGAGGG,0,sg4
GGGTGGGGGGAGTTTGCTCCTGG,AGGTGGGGGGAGTCAGCCCCCGC,0,sg8
TGACATCAATTATTATACATCGG,TTTCATCATTATTTATACATCGT,0,sg10
CCTGCCTCCGCTCTACTCACTGG,CCTGCCTCCGCACTGTGCTCTGG,0,sg7
GGGTGGGGGGAGTTTGCTCCTGG,GGGTGGGGGGAGTTGTCCCTGGA,0,sg8
TGACATCAATTATTATACATCGG,TAGGAAAAATTATTATACATAGG,0,sg10
ATGAACACCAGTGAGTAGAGCGG,AGTCACACCAGTGAGCAGTGGGG,0,sg6
AACACCAGTGAGTAGAGCGGAGG,GTGACCAGTGAGGAGAGCTGGGG,0,sg1
ATGAACACCAGTGAGTAGAGCGG,ATTACTCCCAGTGAGTAGAACTG,0,sg6
AATGACCACTACATCCTCAAGGG,AATGACCACTAGAGAATCAACGA,0,sg5
AAATGAGAAGAAGAGGCACAGGG,AAAAGGGAAGAAGAGACCCACTG,0,sg9
ATGAACACCAGTGAGTAGAGCGG,ATGAACACCTTTCATTAGTGTGG,0,sg6
GGGTGGGGGGAGTTTGCTCCTGG,GGTTGGGGGGAGCTTTCTAAGGG,0,sg8
AAATGAGAAGAAGAGGCACAGGG,GGTGGAGCAGAGGAGGCACAGGG,0,sg9
TGACATCAATTATTATACATCGG,TTGGATCAATTATTATATTTTGG,0,sg10
AAATGAGAAGAAGAGGCACAGGG,AAATGGGAAGAAGAGTGGCTGTG,0,sg9
AATGACCACTACATCCTCAAGGG,AATGACCACTACATAATCAAATC,0,sg5
GACACCGAAGCAGAGTTTTTAGG,CACTTGCAAGCAGAGTTTTTAGC,0,sg11
CTTGCCCCACAGGGCAGTAACGG,CTTTTCCCAAGAGGCAGTAACAG,0,sg3
GGGTGGGGGGAGTTTGCTCCTGG,GGGTGGGGGGAAGGCACTGCTGG,0,sg8
GGTCCTGCCGCTGCTTGTCATGG,GATGCTGATGCTGCTTGTCCTGG,0,sg4
TGACATCAATTATTATACATCGG,AGACATCAATTATAAGACACTGA,0,sg10
AAATGAGAAGAAGAGGCACAGGG,AAATGAGAAAAAAAGGAAGAGAG,0,sg9
GGGTGGGGGGAGTTTGCTCCTGG,GGGTGGGGGGCAGTGGCTCCTCT,0,sg8
AAATGAGAAGAAGAGGCACAGGG,GAATGAAAAGACGAGGCACAGTC,0,sg9
GGTCCTGCCGCTGCTTGTCATGG,GGTCAGGCTGCTTGTTCTCATGG,0,sg4
GACACCGAAGCAGAGTTTTTAGG,AAGACAGAAGCAGAGATTTGAGT,0,sg11
GAATCCTAAAAACTCTGCTTCGG,GAATCCTAACAATTATGTTTCCA,0,sg12
AACACCAGTGAGTAGAGCGGAGG,AAGATCAGTGAGTAGAGGTGGGG,0,sg1
CCAGTGAGTAGAGCGGAGGCAGG,CCAGTGAGTCCAGCGCAGGCCTG,0,sg2
TGACATCAATTATTATACATCGG,AAACATCATTTATTATACATCTA,0,sg10
GAATCCTAAAAACTCTGCTTCGG,GAATCCTAAATACACTGATTGTA,0,sg12
CCTGCCTCCGCTCTACTCACTGG,CAGTCCTCCAATCTACTCACTGC,0,sg7
TGACATCAATTATTATACATCGG,TGACATCAAATAAAATATATTTG,0,sg10
AAATGAGAAGAAGAGGCACAGGG,ATAAGTGAAGCAGAGGCACAGAA,0,sg9
ATGAACACCAGTGAGTAGAGCGG,ATGAACACCAATGAGTAGAACAA,0,sg6
AAATGAGAAGAAGAGGCACAGGG,CTAGGAAAAGAAGAGGCAAAGAG,0,sg9
AAATGAGAAGAAGAGGCACAGGG,AAAAAAGAAGAAGAGGAGAAAGG,0,sg9
CTTGCCCCACAGGGCAGTAACGG,CCTGCCCCACAGGGCACTCCCCC,0,sg3
GGGTGGGGGGAGTTTGCTCCTGG,TTTTGGGAGGAGTTTGCTTCTGT,0,sg8
AACACCAGTGAGTAGAGCGGAGG,ACCACCAGTGAGTTCTGAGGAGC,0,sg1
ATGAACACCAGTGAGTAGAGCGG,ATGAACACCAGTGGGCAAGCCAG,0,sg6
GGGTGGGGGGAGTTTGCTCCTGG,GGGTGGGGGGCATTTGGGCCATG,0,sg8
CTTGCCCCACAGGGCAGTAACGG,ATTGTACCACAGGGCAAAAACAG,0,sg3
CTTGCCCCACAGGGCAGTAACGG,CTTGCCCCAGAGGGCTGTTAAGG,0,sg3
GGGTGGGGGGAGTTTGCTCCTGG,TGGAAGACGCAGTTTGCTCCTGG,0,sg8
AAATGAGAAGAAGAGGCACAGGG,AAAGAAGAAGAAGAGGCGGCGGC,0,sg9
AAATGAGAAGAAGAGGCACAGGG,ATATTAGAAGAAGAGGGAGAGTT,0,sg9
ATGAACACCAGTGAGTAGAGCGG,ATCCACACCAGTGAGAACAGCTA,0,sg6
AAATGAGAAGAAGAGGCACAGGG,AAATGAGAATAGAAGACACAGTT,0,sg9
AAATGAGAAGAAGAGGCACAGGG,AGGTGAGAAGAAGAGGGAAAGGG,0,sg9
AAATGAGAAGAAGAGGCACAGGG,AAATGAGAAGGAAAGGGTTGGGG,0,sg9
AAATGAGAAGAAGAGGCACAGGG,AGCTGAGAAGAAGAGGTGATGGG,0,sg9
GGTCCTGCCGCTGCTTGTCATGG,TGTGCTAGCACTGCTTGTCATAG,0,sg4
CTTGCCCCACAGGGCAGTAACGG,CTGGCCCCACAGAGCCTTGATGG,0,sg3
AAATGAGAAGAAGAGGCACAGGG,TTATCAGAAGAAGAGAGACTGGG,0,sg9
AAATGAGAAGAAGAGGCACAGGG,AACCACGAAGATGAGGCACAGAG,0,sg9
GGGTGGGGGGAGTTTGCTCCTGG,TGGTGGGGGGAGGTGGGACTTGG,0,sg8
CTTGCCCCACAGGGCAGTAACGG,CCTGCCCCACAGGGCAGAGGCAC,0,sg3
GGGTGGGGGGAGTTTGCTCCTGG,GCCTGGACTGAGTTTGCTCCTGC,0,sg8
CTTGCCCCACAGGGCAGTAACGG,CTTACCCCACAGGGCTGTTGTGA,0,sg3
GGGTGGGGGGAGTTTGCTCCTGG,CAGTGGGTGGGGGTTGCTACTGG,0,sg8
AAATGAGAAGAAGAGGCACAGGG,AAGTGAGAAGAAAAGAAATAGGA,0,sg9
AAATGAGAAGAAGAGGCACAGGG,AGAGGAGAAGAAGAGAAGGAGGG,0,sg9
AACACCAGTGAGTAGAGCGGAGG,GCCACCAGTGAGAAGAGCGGAGA,0,sg1
GGGTGGGGGGAGTTTGCTCCTGG,GGGTGGGGGGAGCTCCCTGGGGG,0,sg8
GAATCCTAAAAACTCTGCTTCGG,AACTCCTAAACTCTCTGCTTCTC,0,sg12
AATGACCACTACATCCTCAAGGG,AGTCACCCATAGATCCTCAAGGA,0,sg5
CTTGCCCCACAGGGCAGTAACGG,GGAGCCCCACAGGGCAGCAGCGA,0,sg3
AAATGAGAAGAAGAGGCACAGGG,TAATGAGAAGAAAATGGACAATG,0,sg9
GGGTGGGGGGAGTTTGCTCCTGG,GAGTGGTGGTATTTTGCTCCTGC,0,sg8
AATGACCACTACATCCTCAAGGG,GATGACCACTACATTCCAAATGG,0,sg5
AAATGAGAAGAAGAGGCACAGGG,GAAAGAGAAGAAGAGGAGGAGGA,0,sg9
AAATGAGAAGAAGAGGCACAGGG,AAATGAGAAGAAAAGGTAGATTT,0,sg9
AAATGAGAAGAAGAGGCACAGGG,AGGAGCAAAGAAGAGGCACAGGA,0,sg9
GGTCCTGCCGCTGCTTGTCATGG,GGTCCTGCCTGTGCTCTGCTTGG,0,sg4
AAATGAGAAGAAGAGGCACAGGG,AATTGAGAAGAAGAGATAAAGGA,0,sg9
AATGACCACTACATCCTCAAGGG,AATGACCACTTCAGCCTGAAGAA,0,sg5
GGGTGGGGGGAGTTTGCTCCTGG,GGGGGAGGGGAGTTTGTTTATTG,0,sg8
ATGAACACCAGTGAGTAGAGCGG,ATGAACACCAATGTTAACAGCAG,0,sg6
GAATCCTAAAAACTCTGCTTCGG,AAGTCTTAGATACTCTGCTTCTG,0,sg12
GGTCCTGCCGCTGCTTGTCATGG,GGTCCTGCCCCTGCTCAGCCTCG,0,sg4
GGTCCTGCCGCTGCTTGTCATGG,CATCCTTTCTCTGCTTGTCATGT,0,sg4
GACACCGAAGCAGAGTTTTTAGG,TACAACGTTGCAGAGTTTGTGGG,0,sg11
AATGACCACTACATCCTCAAGGG,CAGGACCACTACATCCACAGGTC,0,sg5
AAATGAGAAGAAGAGGCACAGGG,AAATGTGTGGGTGAGGCACAGGT,0,sg9
AAATGAGAAGAAGAGGCACAGGG,AAATGAGAATAGTAGGCACTGGC,0,sg9
AAATGAGAAGAAGAGGCACAGGG,ATAGGAGAAGAAGAAGAGCAGGA,0,sg9
AAATGAGAAGAAGAGGCACAGGG,GAATGAGAAGAAGAAACAAAGAA,0,sg9
AAATGAGAAGAAGAGGCACAGGG,TTATGAGAAGAAGTGTCAAAAGG,0,sg9
CCTGCCTCCGCTCTACTCACTGG,CCCGCCTCCGCTCTCCCCACCGG,0,sg7
GGGTGGGGGGAGTTTGCTCCTGG,ATGGGGAAAGAGTTTGCTCCTGG,0,sg8
AAATGAGAAGAAGAGGCACAGGG,CAATTTGAAGAAGAGGCTCATAG,0,sg9
GAATCCTAAAAACTCTGCTTCGG,GAGTCCTAATACCTCTGCTTCTG,0,sg12
GACACCGAAGCAGAGTTTTTAGG,GACCCGGAAGCAGAGGTTGCAGT,0,sg11
AAATGAGAAGAAGAGGCACAGGG,AAATGAGAAGTAGAGGAACTTGA,0,sg9
GGTCCTGCCGCTGCTTGTCATGG,AGGACTTCAGCTGCTTGTCATGA,0,sg4
ATGAACACCAGTGAGTAGAGCGG,ATGGAGACCAGTGAGGAGAGCCA,0,sg6
GACACCGAAGCAGAGTTTTTAGG,GACAATAAAGCAGAGTTTTTTGG,1,sg11
AAATGAGAAGAAGAGGCACAGGG,AAAGAAGAAGAGGAGGAGCAGGA,0,sg9
AAATGAGAAGAAGAGGCACAGGG,AAGTAGGAAGAAGAGGAAGAGGA,0,sg9
AAATGAGAAGAAGAGGCACAGGG,AAATGAGAAGAGAAGACAGAGAC,0,sg9
AAATGAGAAGAAGAGGCACAGGG,AAAGGAGAAGAAGAGGTGGAGAA,0,sg9
AAATGAGAAGAAGAGGCACAGGG,AAATGAGAAGTCCAGAGGCAGGG,0,sg9
TGACATCAATTATTATACATCGG,TGTCGTCAATTATTATTTCTCAG,0,sg10
AAATGAGAAGAAGAGGCACAGGG,GAATGAGAAGAAGCAGCAGATGG,0,sg9
CCAGTGAGTAGAGCGGAGGCAGG,CCAGTGAGTCTGGGGGAGGCATA,0,sg2
AAATGAGAAGAAGAGGCACAGGG,AAATTAGTAAGTGAGGCACAGGA,0,sg9
AAATGAGAAGAAGAGGCACAGGG,AAATGAGAACAACTGGCATTGGA,0,sg9
GAATCCTAAAAACTCTGCTTCGG,GTTTCCTATAAACTCTGCATCTC,0,sg12
AAATGAGAAGAAGAGGCACAGGG,AAATGAGAAGAAGCTCAACGGAG,0,sg9
TGACATCAATTATTATACATCGG,GGACATAGATTTTTATACATCCA,0,sg10
CTTGCCCCACAGGGCAGTAACGG,TTGACCCCACAGGGCAGAAGCAG,0,sg3
AAATGAGAAGAAGAGGCACAGGG,AAATGAGAATATGAAGTAAAGTG,0,sg9
CCTGCCTCCGCTCTACTCACTGG,CATTCCTGACCTCTACTCACTAG,0,sg7
CTTGCCCCACAGGGCAGTAACGG,CCTTCTCCACAGGGCAGCAGGGG,0,sg3
GGTCCTGCCGCTGCTTGTCATGG,GGTGCCACTGCTGCTTGTCCTGG,0,sg4
TGACATCAATTATTATACATCGG,TGACATCAAAGATAATAGACCTG,0,sg10
GGTCCTGCCGCTGCTTGTCATGG,GGTCACGCCGCTGCTGGAGAAGG,0,sg4
AAATGAGAAGAAGAGGCACAGGG,GGTTGAGGAGAAGAGGCACACGA,0,sg9
GGGTGGGGGGAGTTTGCTCCTGG,GGGTGGGGGGATTTAACACTTTG,0,sg8
AATGACCACTACATCCTCAAGGG,AAGGACCCGTACATCCTCATTGC,0,sg5
TGACATCAATTATTATACATCGG,TTATCTCAATTATTATTCATGGC,0,sg10
CTTGCCCCACAGGGCAGTAACGG,TTACCTCCACATGGCAGTAACGA,0,sg3
GAATCCTAAAAACTCTGCTTCGG,TATTCTTAAAAACTCTGATTCCC,0,sg12
CCTGCCTCCGCTCTACTCACTGG,CCTGCCTCCTCCTTAGTAGCTGG,0,sg7
AAATGAGAAGAAGAGGCACAGGG,AAAAGAGAAGAAGAGATACAGAG,0,sg9
GGGTGGGGGGAGTTTGCTCCTGG,AGTTGGGGGGAGGTTGCTCTAGG,0,sg8
AAATGAGAAGAAGAGGCACAGGG,AAATGAGAAAATGGGACACATGA,0,sg9
CCAGTGAGTAGAGCGGAGGCAGG,GAAGTGAGTAGAGGCTAGCCAGG,0,sg2
TGACATCAATTATTATACATCGG,AGACATTCATTATTATACTTAGA,0,sg10
AAATGAGAAGAAGAGGCACAGGG,AAGAATGAAGTAGAGGCACAGGA,0,sg9
GGGTGGGGGGAGTTTGCTCCTGG,AAGTGGGGAGAGTTTGCTGGTCG,0,sg8
CCAGTGAGTAGAGCGGAGGCAGG,AATGTGAGTAGAGAAGAGGCAGA,0,sg2
AAATGAGAAGAAGAGGCACAGGG,AAATAAGAAGAAGAGAAAAAGGA,0,sg9
AATGACCACTACATCCTCAAGGG,AGTGACCACTACTTGGTCAGGTG,0,sg5
GGTCCTGCCGCTGCTTGTCATGG,GATGCTGATGCTGCTTGTCTAGG,0,sg4
TGACATCAATTATTATACATCGG,TTACATCAATTAGGATGCTTTGG,0,sg10
AAATGAGAAGAAGAGGCACAGGG,AAATGAGAAGAAAGGGCAGTTGC,0,sg9
GACACCGAAGCAGAGTTTTTAGG,GTCAACCTTGCAGAGTTTTTATG,0,sg11
CTTGCCCCACAGGGCAGTAACGG,CCCTCCCCACAGGGCAGTCATGG,0,sg3
CCTGCCTCCGCTCTACTCACTGG,CTTCCCTGGTCTCTACTCACTCG,0,sg7
ATGAACACCAGTGAGTAGAGCGG,AGGAAGAGCAGTGAGTAGAGATG,0,sg6
AAATGAGAAGAAGAGGCACAGGG,CAAGAAGAAACAGAGGCACAGGA,0,sg9
GGTCCTGCCGCTGCTTGTCATGG,GGTCCTGCCACCTCTGTTCCTGG,0,sg4
GGGTGGGGGGAGTTTGCTCCTGG,GGTGGGGGGAAGATGGCTCATGG,0,sg8
GAATCCTAAAAACTCTGCTTCGG,GAATCCTAAAGCCCTTGTTTCTG,0,sg12
GACACCGAAGCAGAGTTTTTAGG,GACTTCAGAGCAGAGTTTTTAAA,0,sg11
TGACATCAATTATTATACATCGG,AGACATCAATTATTTTCAACCAG,0,sg10
AAATGAGAAGAAGAGGCACAGGG,TAATGAGAAGAAAATGGGCAGAG,0,sg9
AAATGAGAAGAAGAGGCACAGGG,AAAACAGAAGAAGAGGAAGAGAG,0,sg9
AACACCAGTGAGTAGAGCGGAGG,AACACCAGTGAGCAGGGCTTGGC,0,sg1
AAATGAGAAGAAGAGGCACAGGG,AATGAGGAAGCTGAGGCACAGGG,0,sg9
GGTCCTGCCGCTGCTTGTCATGG,GCTCCTGCCGCTGCTCCGCAGTG,0,sg4
GGGTGGGGGGAGTTTGCTCCTGG,CTTTGGGGTTGGTTTGCTCCTGG,0,sg8
AAATGAGAAGAAGAGGCACAGGG,AAATGAGAAGAAGAGTACCCAGA,0,sg9
AAATGAGAAGAAGAGGCACAGGG,TTTTGACAAGAAGAGGCAAAGTG,0,sg9
TGACATCAATTATTATACATCGG,TGACATCAAATTTTAAACAAAGA,0,sg10
CCTGCCTCCGCTCTACTCACTGG,CCGGCTTTGGCTCTACTCACAGA,0,sg7
CTTGCCCCACAGGGCAGTAACGG,CTGGCCCCACAGGCCAGTTCTGT,0,sg3
AAATGAGAAGAAGAGGCACAGGG,CAATGTCCAGCTGAGGCACAGGG,0,sg9
GAATCCTAAAAACTCTGCTTCGG,GGTCCCTAAAAACTCTGCATGAG,0,sg12
CCAGTGAGTAGAGCGGAGGCAGG,TTTGTGAGTAGAGATGTGGCAGG,0,sg2
GGTCCTGCCGCTGCTTGTCATGG,GGGACTGCTGCTGCTTGTTATGG,0,sg4
AATGACCACTACATCCTCAAGGG,AAGCAACACTGTATCCTCAAGGG,0,sg5
GAATCCTAAAAACTCTGCTTCGG,GCATCCTTAAAACTCTGCTGTCT,0,sg12
CCTGCCTCCGCTCTACTCACTGG,CCTGCCTCCTCTCCAAACACTTT,0,sg7
CCTGCCTCCGCTCTACTCACTGG,GAGGCCTCCGCTCCCCTCCCTGG,0,sg7
TGACATCAATTATTATACATCGG,TGACATTGCCTTTTATACATCAG,0,sg10
GGTCCTGCCGCTGCTTGTCATGG,GTATCTGTAGCTGCTTGTCATAG,0,sg4
TGACATCAATTATTATACATCGG,TGCCATCAATTATTAAATAGTGG,0,sg10
GAATCCTAAAAACTCTGCTTCGG,AAATATTAAAAACTCTGCTCCAT,0,sg12
ATGAACACCAGTGAGTAGAGCGG,AAGATCACCACAGAGTAGAGCAG,0,sg6
GGTCCTGCCGCTGCTTGTCATGG,GGCCCTGTTGTAGCTTGTCATGT,0,sg4
GGGTGGGGGGAGTTTGCTCCTGG,GAGTGGGGGGAGTTTCCAGAGGG,0,sg8
ATGAACACCAGTGAGTAGAGCGG,GTGAACACCAGTGAGTCCCAGGG,0,sg6
TGACATCAATTATTATACATCGG,TAATAGTATTTATTATACATCTG,0,sg10
GGGTGGGGGGAGTTTGCTCCTGG,GGGTGGGGGAAATTTGCCAGAGG,0,sg8
GACACCGAAGCAGAGTTTTTAGG,GGCTAAGAGGCAGAGTTTGTAGG,0,sg11
GAATCCTAAAAACTCTGCTTCGG,TGATCCTAAAAACTCTGCACTGG,0,sg12
AAATGAGAAGAAGAGGCACAGGG,AAATGAGAAGAAGAGACAAGGTG,0,sg9
AAATGAGAAGAAGAGGCACAGGG,AAATGAGAAAAGGAGTTTCAGAG,0,sg9
TGACATCAATTATTATACATCGG,TGAAAACAATTATTATAGATGAT,0,sg10
CCTGCCTCCGCTCTACTCACTGG,CCTGCCTCCGCTGCCTCCACTGC,0,sg7
TGACATCAATTATTATACATCGG,TGAAATTAATTATTATACAATAT,0,sg10
AAATGAGAAGAAGAGGCACAGGG,AAAGGAAGAGAAGAGGCAAATGG,0,sg9
CCAGTGAGTAGAGCGGAGGCAGG,CCAGTGAGTAGAGGGGACTTTTG,0,sg2
AAATGAGAAGAAGAGGCACAGGG,AAATGAGAAAAAGTTGAAAAGTG,0,sg9
CTTGCCCCACAGGGCAGTAACGG,CATGTCACTCAGGGCAGTAAGTG,0,sg3
AAATGAGAAGAAGAGGCACAGGG,ATATGAGAAGAAAAGGAGCAAAG,0,sg9
GGGTGGGGGGAGTTTGCTCCTGG,GGGGTGGGGGAGTTGCTTCTTGG,0,sg8
AACACCAGTGAGTAGAGCGGAGG,AGGACCAGTGAGACTAGCAGAGG,0,sg1
AAATGAGAAGAAGAGGCACAGGG,AAATGAGAAGAAATTGCCCTGGC,0,sg9
GGGTGGGGGGAGTTTGCTCCTGG,GGGGGGAGGCATTTAGCTCCTTG,0,sg8
AAATGAGAAGAAGAGGCACAGGG,ATTTAGAAAGTAGAGGCACAGGG,0,sg9
GGGTGGGGGGAGTTTGCTCCTGG,GCGGAGGATCAGTTTGCTCCTGG,0,sg8
GGGTGGGGGGAGTTTGCTCCTGG,GGGAGCGGCGAGTTTGCTTGTGG,0,sg8
GGGTGGGGGGAGTTTGCTCCTGG,GGGTGGGGGGAGTTTGCTGTAAG,0,sg8
GACACCGAAGCAGAGTTTTTAGG,AACAGAGGGGCTGAGTTTTTAGG,0,sg11
TGACATCAATTATTATACATCGG,TGATTTTAATTATTATACCATGG,0,sg10
GGGTGGGGGGAGTTTGCTCCTGG,AGGTGAGCAGAGTTTGCTCATGA,0,sg8
AAATGAGAAGAAGAGGCACAGGG,AAATGAGAATTACAAGGACAGAG,0,sg9
AAATGAGAAGAAGAGGCACAGGG,AAATGAGAAAAAAAGCAGCAGGC,0,sg9
AATGACCACTACATCCTCAAGGG,AATGACCACTACATTCTCTTGGG,1,sg5
CCTGCCTCCGCTCTACTCACTGG,CCTGCCTCCACGGTGGTGACTGG,0,sg7
GGGTGGGGGGAGTTTGCTCCTGG,GGGTGGGGGTGTGTTGCTCCTCT,0,sg8
GGGTGGGGGGAGTTTGCTCCTGG,AAGTTAGTGGAGTTTGCTCCTGT,0,sg8
AAATGAGAAGAAGAGGCACAGGG,AAATCAACAAAAGAGGCACAGAG,0,sg9
AAATGAGAAGAAGAGGCACAGGG,GAGTGAGCTGAAGAGGCAATGGG,0,sg9
AAATGAGAAGAAGAGGCACAGGG,GACTGGGAAGAAGAGGCAGAGGC,0,sg9
CTTGCCCCACAGGGCAGTAACGG,TTTGAAGTACAGGGCAGTAACTG,0,sg3
AAATGAGAAGAAGAGGCACAGGG,GTAGGAGAAGCAGAGGCACAGGG,0,sg9
CTTGCCCCACAGGGCAGTAACGG,GTGGAGCCACAGGGCAGAAACTG,0,sg3
AAATGAGAAGAAGAGGCACAGGG,AGATGAGAAGAACAAGCTGGGGG,0,sg9
GACACCGAAGCAGAGTTTTTAGG,GACACAGAGGCAGAGTTTCCTGT,0,sg11
AAATGAGAAGAAGAGGCACAGGG,GTATAAGAATAAGAGGCACAGGG,0,sg9
GGGTGGGGGGAGTTTGCTCCTGG,GGCTGGGGGGAGGTTCCCCGCGG,0,sg8
GGGTGGGGGGAGTTTGCTCCTGG,GACTGGTGGCAATTTGCTCCTGC,0,sg8
GACACCGAAGCAGAGTTTTTAGG,GATACTTAAGCTGAGTTTTTAAA,0,sg11
GGGTGGGGGGAGTTTGCTCCTGG,GGGTGGGGGGCGTGGGCCCCTCC,0,sg8
AAATGAGAAGAAGAGGCACAGGG,GAGTGAGAAGAAGTGGAACAGAA,0,sg9
TGACATCAATTATTATACATCGG,TAAAATATTTTATTATACATTGG,0,sg10
CCTGCCTCCGCTCTACTCACTGG,TGTCCCTGGCCTCTACTCACTGG,0,sg7
GAATCCTAAAAACTCTGCTTCGG,GAATCCTAAAAGCTGTTCTTCAG,0,sg12
AATGACCACTACATCCTCAAGGG,ATTCTCCTCTAGATCCTCAAGAG,0,sg5
GAATCCTAAAAACTCTGCTTCGG,GAGGCTTAAAAACTCTGCAAAGG,0,sg12
AAATGAGAAGAAGAGGCACAGGG,AAATGAGAAGCAAAGACATATAG,0,sg9
GAATCCTAAAAACTCTGCTTCGG,TAATCCTAAAAACTTTGCTATCT,0,sg12
GACACCGAAGCAGAGTTTTTAGG,GATGTGGAAGCAGAGTTATAAGG,0,sg11
AAATGAGAAGAAGAGGCACAGGG,AAATAATGAGAAGAGGCACGGTC,0,sg9
AAATGAGAAGAAGAGGCACAGGG,AACTGAGATTCTGAGGCACAGAG,0,sg9
CCTGCCTCCGCTCTACTCACTGG,CATTGTGCCTCTCTACTCACTGG,0,sg7
TGACATCAATTATTATACATCGG,TTACTTCACTTGTTATACATCAC,0,sg10
CTTGCCCCACAGGGCAGTAACGG,CAGGCCTCCCAGGGCAGTGACGT,0,sg3
AAATGAGAAGAAGAGGCACAGGG,ATCTGCGAAGAAGAGAAACTGGG,0,sg9
AACACCAGTGAGTAGAGCGGAGG,AACACCAGTTATTAGAGCACAAG,0,sg1
GAATCCTAAAAACTCTGCTTCGG,CAAGCCTGAAGACTCTGCTTCTG,0,sg12
GAATCCTAAAAACTCTGCTTCGG,TAAACCCAAGAACTCTGCTTCCA,0,sg12
AACACCAGTGAGTAGAGCGGAGG,AACAACAAAGAGTAGTGAGTAGG,0,sg1
GAATCCTAAAAACTCTGCTTCGG,GAATCCTAATTACTCTGATTTGA,0,sg12
AAATGAGAAGAAGAGGCACAGGG,AAAAGTGCCCAAGAGGCACAGGT,0,sg9
AAATGAGAAGAAGAGGCACAGGG,ATTTGGGAGGATGAGGCACAGGA,0,sg9
AAATGAGAAGAAGAGGCACAGGG,AGAGAATAGGAAGAGGCACAAGG,0,sg9
GACACCGAAGCAGAGTTTTTAGG,AACAGGGAAGCAGAGTTTCGAAG,0,sg11
AAATGAGAAGAAGAGGCACAGGG,GAACAAGAAGAAGAGGAAGAGGA,0,sg9
GACACCGAAGCAGAGTTTTTAGG,GAGACAGAAGCAGAGTTTAGCGT,0,sg11
AACACCAGTGAGTAGAGCGGAGG,AACACCAGTAAAAAGAGGGAAGA,0,sg1
GACACCGAAGCAGAGTTTTTAGG,CACACTGAAGCAGAGTTATCAGT,0,sg11
CCTGCCTCCGCTCTACTCACTGG,CTGGCCTCCGCTCAAAAGACTGG,0,sg7
GGTCCTGCCGCTGCTTGTCATGG,GGTCCTGCCGCTGCTCTGGTTTG,0,sg4
AAATGAGAAGAAGAGGCACAGGG,GGAGGTGAAGAAGAGGCAGAGGG,0,sg9
GGGTGGGGGGAGTTTGCTCCTGG,GGGGTGGGCCAGTTTGCTCCTCA,0,sg8
CCTGCCTCCGCTCTACTCACTGG,CCTGCCTCCTCTCTGCAACCTGT,0,sg7
GAATCCTAAAAACTCTGCTTCGG,GAAAGCTAAAAACTCTTCACTGG,0,sg12
CCTGCCTCCGCTCTACTCACTGG,CCTGCCTCCGAGTGACTTCCTGG,0,sg7
AACACCAGTGAGTAGAGCGGAGG,AACACCAGTGGATGCAGTGTAGG,0,sg1
CCTGCCTCCGCTCTACTCACTGG,CCTGCCTCCCCTCTACGCCCTCC,0,sg7
GGGTGGGGGGAGTTTGCTCCTGG,GGGTGGGGGGACTCAGCACCTAA,0,sg8
AACACCAGTGAGTAGAGCGGAGG,ACCACCAGTGAGCATGGAAGAGG,0,sg1
GAATCCTAAAAACTCTGCTTCGG,AAATCCTAAAAAATCTAATTCCA,0,sg12
AAATGAGAAGAAGAGGCACAGGG,AAATGAGAATTGGGGGAAAAGGG,0,sg9
AAATGAGAAGAAGAGGCACAGGG,AACTGGGAAAAGGAGGCACAGCA,0,sg9
AACACCAGTGAGTAGAGCGGAGG,ACCTCCAGTGAGTAGAGAGAGTG,0,sg1
AAATGAGAAGAAGAGGCACAGGG,AATGGGGAAGTTGAGGCACAGGC,0,sg9
GGGTGGGGGGAGTTTGCTCCTGG,GGGATGTTGGCGTTTGCTCCTGC,0,sg8
GGTCCTGCCGCTGCTTGTCATGG,CGTCTTCCAGCTGCTTGTACTGG,0,sg4
TGACATCAATTATTATACATCGG,TAACTTATATTCTTATACATCTG,0,sg10
AATGACCACTACATCCTCAAGGG,ATTGCCCACAAGATCCTCAAGTC,0,sg5
AAATGAGAAGAAGAGGCACAGGG,AAATGAGAAGATGAAGCTCAAAG,0,sg9
AAATGAGAAGAAGAGGCACAGGG,AAATTAAAATGAGAAGCACACGG,0,sg9
AAATGAGAAGAAGAGGCACAGGG,AAGGAAAAAGCAGAGGCACAGTG,0,sg9
CCTGCCTCCGCTCTACTCACTGG,CTTGCTTCTGCTCTACTCACCCC,0,sg7
GGGTGGGGGGAGTTTGCTCCTGG,GGGGGAGGGGAGTGTGCACCCTG,0,sg8
GGGTGGGGGGAGTTTGCTCCTGG,GGGGTGGGGGGTTTTGCCCCTGT,0,sg8
GGGTGGGGGGAGTTTGCTCCTGG,GGGTCCCCAGTGTTTGCTCCTGG,0,sg8
AACACCAGTGAGTAGAGCGGAGG,AAAACCAGTGAGCAGAGTGGAGG,1,sg1
ATGAACACCAGTGAGTAGAGCGG,ATAAACACCAGTAAAAAGTGTGG,0,sg6
GGGTGGGGGGAGTTTGCTCCTGG,GGGTGGGGAGGGTGGGTTCCAGG,0,sg8
GACACCGAAGCAGAGTTTTTAGG,AAAAGCGAAGCAGAGTATTAAGA,0,sg11
CTTGCCCCACAGGGCAGTAACGG,CCTGCCCCACAGTTGAGTAACTT,0,sg3
GGGTGGGGGGAGTTTGCTCCTGG,GGCTGGGGGGAGTTTATCCATGT,0,sg8
AAATGAGAAGAAGAGGCACAGGG,AAATGAGAAAAAGAAGGATAACG,0,sg9
AAATGAGAAGAAGAGGCACAGGG,TGCAGGGAAAAAGAGGCACAGGG,0,sg9
GGTCCTGCCGCTGCTTGTCATGG,GGTCCTGCCTCTGCCTGTCTCAC,0,sg4
GGGTGGGGGGAGTTTGCTCCTGG,GGGTGGGGGGTGGTTTCTCCCAT,0,sg8
AAATGAGAAGAAGAGGCACAGGG,AAATGTGAAGAAAAGGCACAGGG,1,sg9
AAATGAGAAGAAGAGGCACAGGG,AAATGAGAAGGAGGGGCACAGTT,0,sg9
CTTGCCCCACAGGGCAGTAACGG,ATTGCCCCACAGGCCAGGTGCAG,0,sg3
GAATCCTAAAAACTCTGCTTCGG,AAATTCTAAAAACTCTACCAGGG,0,sg12
AAATGAGAAGAAGAGGCACAGGG,CAAACAGAAGAAGAGGCACAAGT,0,sg9
TGACATCAATTATTATACATCGG,TGACATCAATTATAATCAATTGA,0,sg10
GGGTGGGGGGAGTTTGCTCCTGG,GGGGGTGGGGGGTGTGCTCCTTT,0,sg8
GGTCCTGCCGCTGCTTGTCATGG,GGTCCTGCCCTTGCTTGTGTGGC,0,sg4
GACACCGAAGCAGAGTTTTTAGG,TTCAGGGAAGCAGAGTTTTTACT,0,sg11
AAATGAGAAGAAGAGGCACAGGG,AACTAAAGAGAAGAGGCACATGT,0,sg9
GGGTGGGGGGAGTTTGCTCCTGG,GGGTGGGGGGAGTGCGGGGATGG,0,sg8
AAATGAGAAGAAGAGGCACAGGG,AAAGGTGAAGAAGAGGAAAATGG,0,sg9
GGTCCTGCCGCTGCTTGTCATGG,GCTGCTGCTGCTGCTTGTATCGG,0,sg4
AATGACCACTACATCCTCAAGGG,AATGACCACTCATTCTTCAGGCG,0,sg5
AAATGAGAAGAAGAGGCACAGGG,ACAGAAGAGGAAGAGGCACTGTG,0,sg9
AACACCAGTGAGTAGAGCGGAGG,AACAGGAGTGAGTAGAGGAGAGA,0,sg1
TGACATCAATTATTATACATCGG,TGACATCACTTATTATGCATGGG,1,sg10
GACACCGAAGCAGAGTTTTTAGG,AAGACAGAAGCAGAGGTTAGAGG,0,sg11
AACACCAGTGAGTAGAGCGGAGG,GACACCAGTGAGCTGAGGAGAGA,0,sg1
GGTCCTGCCGCTGCTTGTCATGG,GGTCTTGCCGCTGCTTGAGTTAG,0,sg4
CCTGCCTCCGCTCTACTCACTGG,ACAGCCTGAGTTCTACTCACTTG,0,sg7
GAATCCTAAAAACTCTGCTTCGG,GCATTTTTAAAACTCTGCTCCAG,0,sg12
TGACATCAATTATTATACATCGG,TGACATCAATTTTAAGCCATTGT,0,sg10
TGACATCAATTATTATACATCGG,TGACATTGATAGTTATACATCTT,0,sg10
CCAGTGAGTAGAGCGGAGGCAGG,TGAGTGAGTAGATCTGAGGAATG,0,sg2
GGGTGGGGGGAGTTTGCTCCTGG,GGGTGGGGGGAGCCTTCTATTGT,0,sg8
GGGTGGGGGGAGTTTGCTCCTGG,GGGTGGGGGGACGTTCCTGGGGG,0,sg8
AAATGAGAAGAAGAGGCACAGGG,AAAAGAGAAAAGGAGGCACAGTG,0,sg9
CCTGCCTCCGCTCTACTCACTGG,CCTGCCTCCACCCTGCACGCTGT,0,sg7
AAATGAGAAGAAGAGGCACAGGG,AATTGAGAAGAAGGTACACAGGT,0,sg9
GGGTGGGGGGAGTTTGCTCCTGG,GGGTGGGGGGAGTTTTAAATTGT,0,sg8
AATGACCACTACATCCTCAAGGG,GATGACCACTACATGCCCATGAA,0,sg5
CCTGCCTCCGCTCTACTCACTGG,TCCCACTCCCCCCTACTCACTGG,0,sg7
AAATGAGAAGAAGAGGCACAGGG,AAATGAGAAAAATATGTAAAGGG,0,sg9
CTTGCCCCACAGGGCAGTAACGG,ACTGAGCCTCAGGGCAGTAATGG,0,sg3
AAATGAGAAGAAGAGGCACAGGG,CAAGAAGAAGAAGAGGCACCAGA,0,sg9
AAATGAGAAGAAGAGGCACAGGG,AGATGAAAAACAGAGGCACAGAG,0,sg9
CCTGCCTCCGCTCTACTCACTGG,CCTGCCTCCTGTCTGCTTCCGGG,0,sg7
GACACCGAAGCAGAGTTTTTAGG,AAAACATAATCAGAGTTTTTATG,0,sg11
AAATGAGAAGAAGAGGCACAGGG,GAATGAGAAGAAGCGGGAGCTGG,0,sg9
CTTGCCCCACAGGGCAGTAACGG,CCAGCCCCACAGAGGAGCAACGC,0,sg3
ATGAACACCAGTGAGTAGAGCGG,ATGAACACCAGTAAGAACGGAGC,0,sg6
GGGTGGGGGGAGTTTGCTCCTGG,GGGTGGGGGGAGAAGGAGTCTGG,0,sg8
GACACCGAAGCAGAGTTTTTAGG,GAGTTCGAAGCAGAGTTTTTGGA,0,sg11
AAATGAGAAGAAGAGGCACAGGG,AAGTCAGAAGAAGAGGAAGACAG,0,sg9
GACACCGAAGCAGAGTTTTTAGG,GAACCCGAGGCAGAGTTTGCAGT,0,sg11
ATGAACACCAGTGAGTAGAGCGG,ACGAACACCAGTGGCTGGTGCTG,0,sg6
AAATGAGAAGAAGAGGCACAGGG,AAATGAGAAGATAAAGAACAAGG,0,sg9
TGACATCAATTATTATACATCGG,TGACATCAAGTATCCTACCTCCT,0,sg10
GAATCCTAAAAACTCTGCTTCGG,TTCTCCAAAAAACTCTGCTTCCT,0,sg12
ATGAACACCAGTGAGTAGAGCGG,ATGAACACCAGTGAATAAAATGG,1,sg6
AAATGAGAAGAAGAGGCACAGGG,AAATGAGAAGAAAAGTACCAGGA,0,sg9
AATGACCACTACATCCTCAAGGG,AAAAGCCTTTACATCCTCAAGGT,0,sg5
TGACATCAATTATTATACATCGG,TAACAGCAATTATTAAATTTGGG,0,sg10
AAATGAGAAGAAGAGGCACAGGG,AAATAACCAGAAGAGGCACAAAA,0,sg9
GAATCCTAAAAACTCTGCTTCGG,GAATCCTAAAAGATCTCATCCTG,0,sg12
CCTGCCTCCGCTCTACTCACTGG,CAGCCCTTCTTTCTACTCACTGG,0,sg7
ATGAACACCAGTGAGTAGAGCGG,ATGAACACCAATTAATAGAACTG,0,sg6
AACACCAGTGAGTAGAGCGGAGG,CAGACCAGTGAGACGACAGGAGG,0,sg1
AAATGAGAAGAAGAGGCACAGGG,AAATGAGAATACGCAGGGCAGGG,0,sg9
CCTGCCTCCGCTCTACTCACTGG,GCTGTCTCCCCACTACTCACTGC,0,sg7
AAATGAGAAGAAGAGGCACAGGG,GATTGGGAAGAAGAGGCACCAGA,0,sg9
AACACCAGTGAGTAGAGCGGAGG,ATGACCAGTGAGCAGAGAGAAGC,0,sg1
TGACATCAATTATTATACATCGG,TGACATCAAAAATAAGTCTTCGG,0,sg10
CCAGTGAGTAGAGCGGAGGCAGG,TCAGTGAGTAGAGACGAAGGAAG,0,sg2
CCTGCCTCCGCTCTACTCACTGG,CCTGCCTCCTCTCTGCACCCTCC,0,sg7
AAATGAGAAGAAGAGGCACAGGG,AATAGTGAAGAAGAGACACAGGA,0,sg9
ATGAACACCAGTGAGTAGAGCGG,AAGAATACCAGTGAGACCATCGG,0,sg6
AAATGAGAAGAAGAGGCACAGGG,AAATATTGGGAAGAGGCACTGGG,0,sg9
AACACCAGTGAGTAGAGCGGAGG,AACACCAGTGAGAACAACCTGGG,0,sg1
CCAGTGAGTAGAGCGGAGGCAGG,CCAGTGAGTAGAGGCCAGTGATG,0,sg2
GAATCCTAAAAACTCTGCTTCGG,TTAACTTAAAAACTCTGCTCCAG,0,sg12
AAATGAGAAGAAGAGGCACAGGG,AAATGAGAAAATGAGTCCCAAGG,0,sg9
GACACCGAAGCAGAGTTTTTAGG,AACACGGAGGCAGAGTTTGCAGT,0,sg11
TGACATCAATTATTATACATCGG,TGAAACCAAGAATTATACATCAG,0,sg10
CCAGTGAGTAGAGCGGAGGCAGG,CCAGTGAGTAGTGCAGATGCAAA,0,sg2
GACACCGAAGCAGAGTTTTTAGG,AAGACAGAAGCAGAGTTTAAAGG,0,sg11
AAATGAGAAGAAGAGGCACAGGG,AAATGAGAATATTGGGCTCAGGC,0,sg9
GGGTGGGGGGAGTTTGCTCCTGG,GGTTGGGGGCAGTAGGCTCCGTG,0,sg8
GACACCGAAGCAGAGTTTTTAGG,GACACAGAAGCAGAGCCCATGGG,0,sg11
AAATGAGAAGAAGAGGCACAGGG,TAAGCAGAAGAAGAGAAAAAGGG,0,sg9
AAATGAGAAGAAGAGGCACAGGG,AAATGAGAACAATAGGAATGGGG,0,sg9
TGACATCAATTATTATACATCGG,TGAGTGCTATTATTATACATGTG,0,sg10
GACACCGAAGCAGAGTTTTTAGG,TCCTACGAAGCAGAGTTTTTATG,0,sg11
AAATGAGAAGAAGAGGCACAGGG,CAACTAGAGGAAGAGGCAAATGG,0,sg9
AACACCAGTGAGTAGAGCGGAGG,ACCCACAGTGAGTAGATGGGAGT,0,sg1
CTTGCCCCACAGGGCAGTAACGG,CATGCCCCACAGGGTGAAAAAGG,0,sg3
CTTGCCCCACAGGGCAGTAACGG,CTTGCCCCACAGACCCACAATGG,0,sg3
AAATGAGAAGAAGAGGCACAGGG,AGGTAAGGGGAAGAGGCACAGTG,0,sg9
ATGAACACCAGTGAGTAGAGCGG,CTGAACACCAGTGAGATGTGAGA,0,sg6
CTTGCCCCACAGGGCAGTAACGG,CCTGCCCCACAGGGTGAAAAGGG,0,sg3
ATGAACACCAGTGAGTAGAGCGG,ATCAACACCAGTTAGAACAACTG,0,sg6
TGACATCAATTATTATACATCGG,TCACTACAATTATTATATATAGA,0,sg10
AAATGAGAAGAAGAGGCACAGGG,TAATCAAAAGAAGAGGCATATGA,0,sg9
GGGTGGGGGGAGTTTGCTCCTGG,GGGTGGGGGTGGGTAGCTACTGT,0,sg8
CTTGCCCCACAGGGCAGTAACGG,CCTCCCCCACAGGGCTCTAAGTG,0,sg3
AACACCAGTGAGTAGAGCGGAGG,GGCAGCAGTTCATAGAGCGGAGG,0,sg1
AAATGAGAAGAAGAGGCACAGGG,AAAAGAGGAGAGGACACACAGAG,0,sg9
GAATCCTAAAAACTCTGCTTCGG,ATATCCTAAAAACTCTTTTTAGC,0,sg12
GGGTGGGGGGAGTTTGCTCCTGG,GCCAAGGGGGAGTTTGCTGCTGT,0,sg8
AAATGAGAAGAAGAGGCACAGGG,AAAAAAGAAGAAGAGGGGCAGTA,0,sg9
GGGTGGGGGGAGTTTGCTCCTGG,AGGTGGGGGGAGTGAGCTCGTCA,0,sg8
AAATGAGAAGAAGAGGCACAGGG,AATAGAGAAGAAGAGCAAGAGGG,0,sg9
AAATGAGAAGAAGAGGCACAGGG,AAGAGGGAAGAAGAGGATCAGAG,0,sg9
GGGTGGGGGGAGTTTGCTCCTGG,CACGGAGGGGTGTTTGCTCCTGG,0,sg8
CCAGTGAGTAGAGCGGAGGCAGG,GAGGTGAGTAGAGGGGAGACAGC,0,sg2
AAATGAGAAGAAGAGGCACAGGG,AAATGAGAATATACTGCACAGGT,0,sg9
AAATGAGAAGAAGAGGCACAGGG,AAATAAGAAGAAGAGGCTTGAGA,0,sg9
AAATGAGAAGAAGAGGCACAGGG,GAACGAGTAAAGGAGGCACAGAG,0,sg9
AAATGAGAAGAAGAGGCACAGGG,AAATGAGGAAATGAGGCACAGAG,0,sg9
GGTCCTGCCGCTGCTTGTCATGG,GGTTGCGCCCCTGCTTGTCATTC,0,sg4
AAATGAGAAGAAGAGGCACAGGG,GACTGGGAACTAGAGGCACAGGG,0,sg9
AATGACCACTACATCCTCAAGGG,AATGACCACTCTATAATCAAGAA,0,sg5
GGGTGGGGGGAGTTTGCTCCTGG,TGCTGGGGGGAGCTTTCACATGG,0,sg8
CTTGCCCCACAGGGCAGTAACGG,CCTGCCCAGCATGGCAGTAACGT,0,sg3
AACACCAGTGAGTAGAGCGGAGG,AGCATTAGTGAGTAGAGCTTGGG,0,sg1
ATGAACACCAGTGAGTAGAGCGG,ATGAACACCACTGGCTAGTTAGG,0,sg6
AACACCAGTGAGTAGAGCGGAGG,ACCCCAGGAGAGTAGAGCTGAGG,0,sg1
TGACATCAATTATTATACATCGG,TCACATCAATTAAAGTCCAACGG,0,sg10
AAATGAGAAGAAGAGGCACAGGG,TAAAAAAAAAAAGAGGCACAGCG,0,sg9
AACACCAGTGAGTAGAGCGGAGG,ATCTCAAGGGAGTAGAGCCTAGG,0,sg1
AAATGAGAAGAAGAGGCACAGGG,AAATGAGAAAGAGAGAGACAGAA,0,sg9
AAATGAGAAGAAGAGGCACAGGG,GATGGAGAAATCGAGGCACAGGG,0,sg9
TGACATCAATTATTATACATCGG,TCACATCAATTAGTAATAATAGG,0,sg10
AAATGAGAAGAAGAGGCACAGGG,AGGTGAGAAGAAAAAGCACATGT,0,sg9
GGGTGGGGGGAGTTTGCTCCTGG,GTCTCTCGGGAGTTTGCTCCGGG,0,sg8
CCAGTGAGTAGAGCGGAGGCAGG,CCAGTGAGTAGAGAAAAGAAAGA,0,sg2
TGACATCAATTATTATACATCGG,ATACAACAAGAATTATACATCGC,0,sg10
GAATCCTAAAAACTCTGCTTCGG,GCTTCCTAAACACTCTGCTTCTT,0,sg12
AAATGAGAAGAAGAGGCACAGGG,ACCTTAGAAGTTGAGGCACAGGG,0,sg9
CTTGCCCCACAGGGCAGTAACGG,CTTGCCCCAAGGGGCAGAAAAAA,0,sg3
AAATGAGAAGAAGAGGCACAGGG,AAATTATAGAAAGAGGCACAGAA,0,sg9
AAATGAGAAGAAGAGGCACAGGG,AAATGTCAGGCAGAGGCACAGCA,0,sg9
ATGAACACCAGTGAGTAGAGCGG,TTCATCCCAAGTGAGTAGAGAGG,0,sg6
CTTGCCCCACAGGGCAGTAACGG,GCTGTGTCATAGGGCAGTAACGG,0,sg3
AAATGAGAAGAAGAGGCACAGGG,AGAAGGGAAGAAGAGGCAAAAAG,0,sg9
AAATGAGAAGAAGAGGCACAGGG,GGAGGAGAAGAAGAGACACACAG,0,sg9
GGTCCTGCCGCTGCTTGTCATGG,GGTGATGCCGGTGCTTGTCATCT,0,sg4
CCTGCCTCCGCTCTACTCACTGG,CCTGCCTCCACACTAATCTCCAG,0,sg7
CTTGCCCCACAGGGCAGTAACGG,AATGCCCCACAGGACAGCATCTG,0,sg3
AAATGAGAAGAAGAGGCACAGGG,GGATGAGAAGAAGAGGAATAGAC,0,sg9
CCAGTGAGTAGAGCGGAGGCAGG,CCGAGGGCTAGAGCGGAGGGAGG,0,sg2
CCTGCCTCCGCTCTACTCACTGG,CCAGCCTGGTCTCTACTCACTCA,0,sg7
TGACATCAATTATTATACATCGG,TTAAATCAATTATTATAGGTAGT,0,sg10
AAATGAGAAGAAGAGGCACAGGG,AAATGAGAATGAGAGGAATTGGG,0,sg9
CTTGCCCCACAGGGCAGTAACGG,CTTGCCCCACAGGCCAGCGCCGG,0,sg3
AAATGAGAAGAAGAGGCACAGGG,ACCAGAGAAGAAGAGGCTGTGGG,0,sg9
GAATCCTAAAAACTCTGCTTCGG,CAGTCAGAGAAACTCTGCTTCTG,0,sg12
AAATGAGAAGAAGAGGCACAGGG,AAATGAGAAGAACAGACTTAGTG,0,sg9
AAATGAGAAGAAGAGGCACAGGG,AAATGAGAAACAGAGGAGCCTGG,0,sg9
ATGAACACCAGTGAGTAGAGCGG,ATGAACACCTGTGTGTAGGGAGC,0,sg6
GGGTGGGGGGAGTTTGCTCCTGG,GGTTGTTGGGAGTTTGCTCCTAT,0,sg8
GGTCCTGCCGCTGCTTGTCATGG,GGTCCCGCCGCTGCTCGTCCTCC,0,sg4
GACACCGAAGCAGAGTTTTTAGG,CAGACCCAAACAGAGTTTTTAGA,0,sg11
TGACATCAATTATTATACATCGG,TGACATCAATTTTTAAAGATATG,0,sg10
AAATGAGAAGAAGAGGCACAGGG,AAATGAGAAGAATAGTTATAAAG,0,sg9
GACACCGAAGCAGAGTTTTTAGG,GATACTGAAGCAGAGATTTTGGG,1,sg11
AAATGAGAAGAAGAGGCACAGGG,AAATGTGATGAAGAGGCAATGAA,0,sg9
AAATGAGAAGAAGAGGCACAGGG,AAATGAGAACAGGAAGCTCTGAG,0,sg9
GAATCCTAAAAACTCTGCTTCGG,GTTCTCTAAAAACTCTGCATCAG,0,sg12
AAATGAGAAGAAGAGGCACAGGG,AAATGATGCAAAGAGGCACAGCT,0,sg9
AAATGAGAAGAAGAGGCACAGGG,AAATGAGAAAACTAAGCACAGAG,0,sg9
ATGAACACCAGTGAGTAGAGCGG,ATGATAACCAGTGAGCAATGCAG,0,sg6
AAATGAGAAGAAGAGGCACAGGG,GAATTTGAAGAAGAAGAAGAGGG,0,sg9
TGACATCAATTATTATACATCGG,AGTCATAAATTATTATACATTTG,0,sg10
AAATGAGAAGAAGAGGCACAGGG,AAATGAGAATAATAATAACAGGT,0,sg9
AAATGAGAAGAAGAGGCACAGGG,AAAGAAGAAGAGGAGAGGCAGGG,0,sg9
AAATGAGAAGAAGAGGCACAGGG,AAATGAGAACTGGAGTAACAAGG,0,sg9
CCAGTGAGTAGAGCGGAGGCAGG,CCTGTGAGTAGAAAGCAAACAGG,0,sg2
ATGAACACCAGTGAGTAGAGCGG,ATGAAGACCAGTGAGTTGAATTT,0,sg6
GGGTGGGGGGAGTTTGCTCCTGG,TGGTGGGGGGAGGTTGCAACTTG,0,sg8
GGGTGGGGGGAGTTTGCTCCTGG,TGGGGGTGGGGGTTCGCTCCTGA,0,sg8
TGACATCAATTATTATACATCGG,TGACATCAATTTTTAAAAAGCAA,0,sg10
GGGTGGGGGGAGTTTGCTCCTGG,GGGTGGGGGGCGTTCTCTTTTGT,0,sg8
AAATGAGAAGAAGAGGCACAGGG,AAATGAGAAGAGGAGACGCCATG,0,sg9
AAATGAGAAGAAGAGGCACAGGG,AAAAGCTAGGAAGAGGCACAGTA,0,sg9
CCAGTGAGTAGAGCGGAGGCAGG,TAAGAGACTAGAGCGGAGGTTGG,0,sg2
AAATGAGAAGAAGAGGCACAGGG,AAATGAGAAGAAGAGAGGAAGAG,0,sg9
TGACATCAATTATTATACATCGG,TGACATCAAATACCATCCATAGA,0,sg10
AATGACCACTACATCCTCAAGGG,CATGACCACTACCTCCTCACCGT,0,sg5
TGACATCAATTATTATACATCGG,TGACATCAATTGTAATAGATATT,0,sg10
CCTGCCTCCGCTCTACTCACTGG,CCTGCCTCCATCCTATTCTCTGG,0,sg7
GACACCGAAGCAGAGTTTTTAGG,GCAACTGAAGCAGAGATTTGAGT,0,sg11
CTTGCCCCACAGGGCAGTAACGG,TTATCCCAACAGGGCAGTAAAGA,0,sg3
AAATGAGAAGAAGAGGCACAGGG,AAATGGGCAGAAGAGGCAGGCGC,0,sg9
AAATGAGAAGAAGAGGCACAGGG,AAAAAAGAAGAAGAGGAAAAGAG,0,sg9
AAATGAGAAGAAGAGGCACAGGG,GAAAGTGAAGAAGAGAGAAAGGG,0,sg9
GACACCGAAGCAGAGTTTTTAGG,CAAACGGAAGCAGAGTGTGTAGG,0,sg11
AAATGAGAAGAAGAGGCACAGGG,AAATGAGAAAGAGAGTGAGAGAG,0,sg9
CTTGCCCCACAGGGCAGTAACGG,TTGGGCCCACAGGGCTGTAGTGG,0,sg3
AAATGAGAAGAAGAGGCACAGGG,AAACAAAAAAAGGAGGCACAGAG,0,sg9
GACACCGAAGCAGAGTTTTTAGG,GATACTGGAGCAGAGTTTTGAAA,0,sg11
AAATGAGAAGAAGAGGCACAGGG,ATAAGATAAGATGAGGCACAGAT,0,sg9
AAATGAGAAGAAGAGGCACAGGG,AGAATGGAAGAAGAGGCAAAGGC,0,sg9
GGTCCTGCCGCTGCTTGTCATGG,GGTCCTGCCCCTGGGGGTCATCA,0,sg4
GGTCCTGCCGCTGCTTGTCATGG,GCTGCAGCCGCTGCTGGCTATGG,0,sg4
TGACATCAATTATTATACATCGG,TTTCATCAATTATTATTTGTCTG,0,sg10
AAATGAGAAGAAGAGGCACAGGG,AAAGGTGAAGAAGAAGAAGAGGA,0,sg9
AAATGAGAAGAAGAGGCACAGGG,AAATGAGAATGAACAGCACAGGG,0,sg9
AAATGAGAAGAAGAGGCACAGGG,AAATGAGAAGATGATACACATGG,0,sg9
AAATGAGAAGAAGAGGCACAGGG,AGATGAAAAACTGAGGCACAGGG,0,sg9
ATGAACACCAGTGAGTAGAGCGG,ATGAACACCAGTTGTTTGAACGA,0,sg6
CCTGCCTCCGCTCTACTCACTGG,CATGTCTCTGTCCTACTCACTGT,0,sg7
AACACCAGTGAGTAGAGCGGAGG,AACACCAGTGCGCTGGGGAGAGG,0,sg1
GGGTGGGGGGAGTTTGCTCCTGG,GGGAGAGGGGAGTTTTCTCTGGA,0,sg8
AAATGAGAAGAAGAGGCACAGGG,TAGGGAGAAGAAGAGGACCATGG,0,sg9
AAATGAGAAGAAGAGGCACAGGG,AATAGAGAAACAGAGGCACAGAG,0,sg9
GGGTGGGGGGAGTTTGCTCCTGG,GGGTGGGGGAACATAGCCCCTGC,0,sg8
ATGAACACCAGTGAGTAGAGCGG,TTCAACACCAGTGCGTAGCACTG,0,sg6
CCTGCCTCCGCTCTACTCACTGG,CTTTCCTCCCATCTACTCACTTC,0,sg7
GAATCCTAAAAACTCTGCTTCGG,GATCCCTGCAAACTCTGCCTCCG,0,sg12
AAATGAGAAGAAGAGGCACAGGG,AAAAGAGAAGAAGAGGAAGAGGA,0,sg9
CCAGTGAGTAGAGCGGAGGCAGG,GTAGTAAGTAGAGCGGAGGATTG,0,sg2
AAATGAGAAGAAGAGGCACAGGG,AAGAGAGAAGAAGAGAGACAGGA,0,sg9
AAATGAGAAGAAGAGGCACAGGG,AAAAGAGAAGAGGAAGAAGAGAG,0,sg9
AAATGAGAAGAAGAGGCACAGGG,AAGAGAGAAGAAGAGTAAGAGAG,0,sg9
TGACATCAATTATTATACATCGG,TACTATAAATAATTATACATCAG,0,sg10
TGACATCAATTATTATACATCGG,TGACATCAATTTTTTTGCAGCTG,0,sg10
AAATGAGAAGAAGAGGCACAGGG,CTATTAGGAGAAGAGGCAAATGG,0,sg9
AAATGAGAAGAAGAGGCACAGGG,AGAGGTGAAGAAGAGACAGATGG,0,sg9
GGGTGGGGGGAGTTTGCTCCTGG,AGCTGGGGGGAGTATGGGCCTGT,0,sg8
AACACCAGTGAGTAGAGCGGAGG,AACACCAGTGATTTGAAGAGAAG,0,sg1
AAATGAGAAGAAGAGGCACAGGG,AAATGAGAACAGGAAGCACAGCA,0,sg9
CTTGCCCCACAGGGCAGTAACGG,CTTGCCCCACAGGAAAATATGTG,0,sg3
GGGTGGGGGGAGTTTGCTCCTGG,ATGGGGAGGGGGTTTGCTCCTGC,0,sg8
AAATGAGAAGAAGAGGCACAGGG,GAAGGGAGAGAAGAGGCACAGAG,0,sg9
AAATGAGAAGAAGAGGCACAGGG,AAATGAGAAAAGGCTTCACAGTG,0,sg9
AACACCAGTGAGTAGAGCGGAGG,AACACCAGTTAGTGGTGTGGAGA,0,sg1
GGTCCTGCCGCTGCTTGTCATGG,GGTCCTGCCGCTGCTCTGCACAA,0,sg4
AAATGAGAAGAAGAGGCACAGGG,AAATGAGAAATAGAGCCAAAAGA,0,sg9
GGGTGGGGGGAGTTTGCTCCTGG,GGGTGGGGGGAGAATGGTGCTGC,0,sg8
AAATGAGAAGAAGAGGCACAGGG,GAAAGAGAAGAAGAGACACATGT,0,sg9
CCTGCCTCCGCTCTACTCACTGG,CCAGCCTCCGCTTTAGAAACTGG,0,sg7
CTTGCCCCACAGGGCAGTAACGG,AGATTCCCACAGGGCAGTAACAG,0,sg3
CCAGTGAGTAGAGCGGAGGCAGG,CCAGGGGGTGAGGCGGAGGCAGG,0,sg2
AATGACCACTACATCCTCAAGGG,ATAGACACCTATATCCTCAAGCG,0,sg5
GACACCGAAGCAGAGTTTTTAGG,GACACCGAAGGATATCTCTGAGG,0,sg11
CCTGCCTCCGCTCTACTCACTGG,CCTGCCTCCCTTCTCCAAAATGG,0,sg7
GGGTGGGGGGAGTTTGCTCCTGG,GGGGGAGAGTGGCTTGCTCCTGG,0,sg8
AACACCAGTGAGTAGAGCGGAGG,TGCAGCAGTGAGTAGATCCCAGG,0,sg1
ATGAACACCAGTGAGTAGAGCGG,ATGAACACCAGAGGCTGGAGAGC,0,sg6
AAATGAGAAGAAGAGGCACAGGG,ACATGGGAGGAAGAGGCACTAGA,0,sg9
AAATGAGAAGAAGAGGCACAGGG,GAGCGGGAAGGGGAGGCACAGGG,0,sg9
AATGACCACTACATCCTCAAGGG,AATGGCAGCTACATCCTCATTGT,0,sg5
TGACATCAATTATTATACATCGG,TGAAAACAATTATTATCCAACTT,0,sg10
AAATGAGAAGAAGAGGCACAGGG,GAGTGAGAAGAAGGGGGAGAGGG,0,sg9
AAATGAGAAGAAGAGGCACAGGG,AAATGAGAAAAAGAGAGAGAGAA,0,sg9
AAATGAGAAGAAGAGGCACAGGG,AGAAGAGATGAAGTGGGAGAGGG,0,sg9
AAATGAGAAGAAGAGGCACAGGG,AGTGGAGAAGAAGAGGAAGAGGA,0,sg9
GAATCCTAAAAACTCTGCTTCGG,GAATCCTAAATACTGGGATTATG,0,sg12
AAATGAGAAGAAGAGGCACAGGG,AAAACAGAAGAAGAGGAAGAAGG,0,sg9
AAATGAGAAGAAGAGGCACAGGG,GAAAGAGAAGAAGAGACAAAGAT,0,sg9
AAATGAGAAGAAGAGGCACAGGG,AAATGAGAAAAAGAGGAACTCAT,0,sg9
AATGACCACTACATCCTCAAGGG,AATGACCACAGCATTTTGAAAGG,0,sg5
TGACATCAATTATTATACATCGG,TTACATCAATTAGTATATTTTGG,0,sg10
AAATGAGAAGAAGAGGCACAGGG,AAATGAGAAGATGAACCACAGGT,0,sg9
GGGTGGGGGGAGTTTGCTCCTGG,GGGTGGGGGGGGTGTTCTTGTGC,0,sg8
AAATGAGAAGAAGAGGCACAGGG,AGAAGAGAAGAAGAGACACAGAC,0,sg9
AACACCAGTGAGTAGAGCGGAGG,ACCACCAGTGAGAGCAGTGCAGG,0,sg1
AAATGAGAAGAAGAGGCACAGGG,AAAAAATAAGTGGAGGCACAGGC,0,sg9
ATGAACACCAGTGAGTAGAGCGG,ATGAAGACCAGTGAGAGCAAAGG,0,sg6
GAATCCTAAAAACTCTGCTTCGG,AAATCCTAAAAACCCCTCTTTGA,0,sg12
GGTCCTGCCGCTGCTTGTCATGG,CCTCCTGCGGCTGCTTGTCACTC,0,sg4
GAATCCTAAAAACTCTGCTTCGG,GAATCCTAAAATGTTTTCTTCCA,0,sg12
AAATGAGAAGAAGAGGCACAGGG,AAATGAGAACAAAAGCCCCACTG,0,sg9
AAATGAGAAGAAGAGGCACAGGG,AACAGAAAAGAAAAGACACAGAG,0,sg9
AAATGAGAAGAAGAGGCACAGGG,TCCTTAGAAGTTGAGGCACAGGG,0,sg9
CCAGTGAGTAGAGCGGAGGCAGG,CCAGTGAGTGGAGGGATTTCAGG,0,sg2
GGTCCTGCCGCTGCTTGTCATGG,CTCCCTGCCGCTGCCATTCATGG,0,sg4
AAATGAGAAGAAGAGGCACAGGG,CTGTGAAAAGATGAGGCACAGAG,0,sg9
AAATGAGAAGAAGAGGCACAGGG,GATTGAGAAGAAAAGCCACATTG,0,sg9
AACACCAGTGAGTAGAGCGGAGG,AGCCACAGTGAGTAGGGTGGAAG,0,sg1
AATGACCACTACATCCTCAAGGG,AAGAACCCATAAATCCTCAAGGG,0,sg5
AAATGAGAAGAAGAGGCACAGGG,AACTGAGAAGAAGATACATAGGA,0,sg9
AATGACCACTACATCCTCAAGGG,AATGACCACTTTTCTCTCAATGG,0,sg5
AACACCAGTGAGTAGAGCGGAGG,CTACCCAGTGAGTAGAGCAGAGT,0,sg1
CCTGCCTCCGCTCTACTCACTGG,CCTGCCTCCTCACTCCTCGCTCG,0,sg7
AAATGAGAAGAAGAGGCACAGGG,AAGTGAGAAGAAAAGTCACAGGA,0,sg9
TGACATCAATTATTATACATCGG,TGTTAGCAATTATTATTCATCAT,0,sg10
AATGACCACTACATCCTCAAGGG,CATGAAAATTACATCCTCTAGGA,0,sg5
GAATCCTAAAAACTCTGCTTCGG,ATCTTTTAAAAACTCTGCTTCAG,0,sg12
TGACATCAATTATTATACATCGG,TATCATGCATTATTATACAGCGT,0,sg10
CCAGTGAGTAGAGCGGAGGCAGG,CCAGTGAGTAGTGAATATGGAGG,0,sg2
TGACATCAATTATTATACATCGG,TCAATTCAATTATTATACATGGC,0,sg10
AATGACCACTACATCCTCAAGGG,AATGACCACAGCATGCCTAAGGA,0,sg5
CTTGCCCCACAGGGCAGTAACGG,GTTTCCCGGCAGGGCAGTAACTA,0,sg3
TGACATCAATTATTATACATCGG,TGGGTTCAATTATTATACATTTT,0,sg10
AAATGAGAAGAAGAGGCACAGGG,AAATGAGAAAATGAGGTCCTGAG,0,sg9
AAATGAGAAGAAGAGGCACAGGG,AAATGAGAAGAAAAAGGAAGTGG,0,sg9
AATGACCACTACATCCTCAAGGG,CATTATCACTACATCATAATGGG,0,sg5
CCAGTGAGTAGAGCGGAGGCAGG,CGAGTGACCATGGCGGAGGCAAG,0,sg2
AAATGAGAAGAAGAGGCACAGGG,AAGTGAGAAGAAGAAGAAGAAGA,0,sg9
GGGTGGGGGGAGTTTGCTCCTGG,GGGTGGGGGAAGTTTGCTGGTTG,0,sg8
CCTGCCTCCGCTCTACTCACTGG,CCTGCCTCCTCCCTCCTCTCTCC,0,sg7
CCTGCCTCCGCTCTACTCACTGG,CGTCCCTTGCCTCTACTCACTAG,0,sg7
GGGTGGGGGGAGTTTGCTCCTGG,GGGTGGGGGGTGTTGGATACAGT,0,sg8
CTTGCCCCACAGGGCAGTAACGG,GTTGCCCCACAGGTAAGAATGGG,0,sg3
GGTCCTGCCGCTGCTTGTCATGG,AGCCATGCCGCTGCTGGCCATGC,0,sg4
CCTGCCTCCGCTCTACTCACTGG,CCTGCCTCCACCCCAGACACTGT,0,sg7
CCAGTGAGTAGAGCGGAGGCAGG,AGAGTGGGTAGAGCGGAGATGGG,0,sg2
AAATGAGAAGAAGAGGCACAGGG,TATAAAGACGAAGAGGCACAAGG,0,sg9
AAATGAGAAGAAGAGGCACAGGG,AAAGAAAAAGAAGAGGCAGTGTG,0,sg9
GGTCCTGCCGCTGCTTGTCATGG,GGTCCTGCCGCGGACCTTCACGG,0,sg4
GACACCGAAGCAGAGTTTTTAGG,TACTCAGAGGCAGAGTTTGTAGA,0,sg11
CCAGTGAGTAGAGCGGAGGCAGG,GCTGTGAGTAGAACAAAGCCAGG,0,sg2
AAATGAGAAGAAGAGGCACAGGG,AAATGAGAATAACATGTACTCGG,0,sg9
GACACCGAAGCAGAGTTTTTAGG,GATCCCTAGGCTGAGTTTTTAGC,0,sg11
CTTGCCCCACAGGGCAGTAACGG,CAAGCCCCACAGGGCAGACAGGG,0,sg3
AAATGAGAAGAAGAGGCACAGGG,AGGTGAGAAACTGAGGCACAGAG,0,sg9
CCAGTGAGTAGAGCGGAGGCAGG,CGGCGGAGTAGAGCGGAGCCTGG,0,sg2
GACACCGAAGCAGAGTTTTTAGG,CATTCGGGAGCAGAGTTTTTAAG,0,sg11
AAATGAGAAGAAGAGGCACAGGG,AAATGAGAAGATGAGGTTCAGTT,0,sg9
GACACCGAAGCAGAGTTTTTAGG,GACTCAGAAGCAGAGTTCTGAGC,0,sg11
CTTGCCCCACAGGGCAGTAACGG,CATCCCCCACAGGGCAATAAATG,0,sg3
AAATGAGAAGAAGAGGCACAGGG,AAATGAGAAGAAAAGAAAAAAGA,0,sg9
GAATCCTAAAAACTCTGCTTCGG,CAATGTTAAAATCTCTGCTTCTT,0,sg12
GAATCCTAAAAACTCTGCTTCGG,GAGACCAAACAGCTCTGCTTCTG,0,sg12
AAATGAGAAGAAGAGGCACAGGG,GGAGAAGAAGAAGAGGGACAGAG,0,sg9
ATGAACACCAGTGAGTAGAGCGG,AGGAACACCAGTTAGCAATGTGG,0,sg6
GGGTGGGGGGAGTTTGCTCCTGG,GGGTGGGGGGGGTTCCCGACTTG,0,sg8
GACACCGAAGCAGAGTTTTTAGG,TACACAGAAGAAGAGTTTTTAAA,0,sg11
AAATGAGAAGAAGAGGCACAGGG,AAATGAGAATAAGGAGGACTGTG,0,sg9
GAATCCTAAAAACTCTGCTTCGG,GAAAGATGAAAACTCTGCTTCCA,0,sg12
CCTGCCTCCGCTCTACTCACTGG,TTTGGTTCGGCTCTACTCTCTGG,0,sg7
GGGTGGGGGGAGTTTGCTCCTGG,ACTTGGGGGGAGGTTGCTACTGG,0,sg8
AAATGAGAAGAAGAGGCACAGGG,GAATGGGAAGAAGAGAAAAAGAG,0,sg9
AAATGAGAAGAAGAGGCACAGGG,AAATGAGAAGGAGAGGCCCAATG,0,sg9
AAATGAGAAGAAGAGGCACAGGG,AAATGAGAAGCAAAGAACCAGAG,0,sg9
GACACCGAAGCAGAGTTTTTAGG,GACGGGGAAGCAGAGCTTTTAAG,0,sg11
CCTGCCTCCGCTCTACTCACTGG,CCTGCCTCCGCTTCACTGTTTGT,0,sg7
AAATGAGAAGAAGAGGCACAGGG,AAATGAGAACAATAGGCCTGGTG,0,sg9
CTTGCCCCACAGGGCAGTAACGG,CTTGCCCCAGAGGACAGGGACAA,0,sg3
ATGAACACCAGTGAGTAGAGCGG,ACAAACACCAGTGAGGAGAACCC,0,sg6
AAATGAGAAGAAGAGGCACAGGG,AAATGAGAAGAGGAAGGACTCTG,0,sg9
GGGTGGGGGGAGTTTGCTCCTGG,GGGTGGGGGGTGGAAGCTTCTGG,0,sg8
TGACATCAATTATTATACATCGG,AGACATCAATTATTAGAAGAAGG,0,sg10
ATGAACACCAGTGAGTAGAGCGG,ATAAACACCAGTGGGAAGGGCAA,0,sg6
AAATGAGAAGAAGAGGCACAGGG,AAATGAGAAACTGAGACCCAGGG,0,sg9
AATGACCACTACATCCTCAAGGG,CCTTCCCACTACATCCTCAAATG,0,sg5
CTTGCCCCACAGGGCAGTAACGG,TGTATCCCACAGGGCAGTAAAGT,0,sg3
AAATGAGAAGAAGAGGCACAGGG,AAAGGGGAAGAAGAGGAATAGCC,0,sg9
CCTGCCTCCGCTCTACTCACTGG,CCTGCCTCCTCTCTCCTCTCCTT,0,sg7
GGGTGGGGGGAGTTTGCTCCTGG,GGCTGGGGGGAGGATGCTTCGGG,0,sg8
GACACCGAAGCAGAGTTTTTAGG,GGAACCGAAGCACAGTGTTTTGG,0,sg11
CTTGCCCCACAGGGCAGTAACGG,CCTGCCCCACAGATCTGTGATGG,0,sg3
TGACATCAATTATTATACATCGG,TGACAGCAATTATTAAATATAAA,0,sg10
GACACCGAAGCAGAGTTTTTAGG,GTTACAGAAGCAGAGATTTTAAC,0,sg11
CCAGTGAGTAGAGCGGAGGCAGG,GCCGTGATGAAGGCGGAGGCAGG,0,sg2
GACACCGAAGCAGAGTTTTTAGG,AACGCTGATGCAGAGTTTTAAAG,0,sg11
GACACCGAAGCAGAGTTTTTAGG,GAATGAGAAGCAGAGTTTTTAAT,0,sg11
AAATGAGAAGAAGAGGCACAGGG,AAATGAGAAGGAGAAGTGCAAGA,0,sg9
TGACATCAATTATTATACATCGG,TGACATCAATCTTCTTAAATCTG,0,sg10
GGTCCTGCCGCTGCTTGTCATGG,GGTCCTGCCACTCCTTCTTTTGG,0,sg4
AAATGAGAAGAAGAGGCACAGGG,ACATAAAATGAAGAGGCAAAAGG,0,sg9
CCTGCCTCCGCTCTACTCACTGG,CCTGCCTCCTCTCCCCTCCTTGC,0,sg7
ATGAACACCAGTGAGTAGAGCGG,AAGCAACCCAATGAGTAGAGCTG,0,sg6
AAATGAGAAGAAGAGGCACAGGG,AAGGGAGAAGAAGAGGCTAATGT,0,sg9
AAATGAGAAGAAGAGGCACAGGG,AAATGAGAAAAAAAAGCACAGAG,0,sg9
AAATGAGAAGAAGAGGCACAGGG,GATTAAAAAGCAGAGGCACAGGG,0,sg9
AAATGAGAAGAAGAGGCACAGGG,AAATAGGAAGAAGAGACACATGA,0,sg9
CCAGTGAGTAGAGCGGAGGCAGG,GCAGTGAGTAGAGATGATGGAGG,0,sg2
TGACATCAATTATTATACATCGG,TGACATCAATTATTATCCCTTTG,0,sg10
GGGTGGGGGGAGTTTGCTCCTGG,GGGTGGGGGGACTTTGCGATTAG,0,sg8
GGGTGGGGGGAGTTTGCTCCTGG,GGGGGCGGGGAGTTTGTCGCTGC,0,sg8
ATGAACACCAGTGAGTAGAGCGG,TTATACACCAGTGAGTTGGCCGG,0,sg6
GGGTGGGGGGAGTTTGCTCCTGG,GAGTGAGTGGAGTTTGCTCCCCT,0,sg8
ATGAACACCAGTGAGTAGAGCGG,GTTAACACCAGTGCCTAGAGCAT,0,sg6
ATGAACACCAGTGAGTAGAGCGG,AGTAACACCAGTGAGAAGCACTG,0,sg6
AACACCAGTGAGTAGAGCGGAGG,AACGCTAGTGAGTAGAAGAGAGT,0,sg1
AAATGAGAAGAAGAGGCACAGGG,AAATGAGAAACATAGGAAAAGGC,0,sg9
TGACATCAATTATTATACATCGG,AGTGAGCAATTTTTATACATCGT,0,sg10
AAATGAGAAGAAGAGGCACAGGG,CAATGAAAAGAAGAGGCAGGAGA,0,sg9
CTTGCCCCACAGGGCAGTAACGG,CGAGCCCCACAGGACAAGAACAG,0,sg3
AACACCAGTGAGTAGAGCGGAGG,AGTACCAGTGAGGAGAGTGAAGA,0,sg1
AAATGAGAAGAAGAGGCACAGGG,TAATGAGAAGAAGTGAGACACAG,0,sg9
GACACCGAAGCAGAGTTTTTAGG,GAGACAGAAGCAGAGCTCTAGGG,0,sg11
AAATGAGAAGAAGAGGCACAGGG,AAATGAGAAAATGGGGGCCAGTG,0,sg9
AAATGAGAAGAAGAGGCACAGGG,AAACAATAGGATGAGGCACAGTG,0,sg9
GGGTGGGGGGAGTTTGCTCCTGG,GGGTGGGGGAAGTATAGTGGTGG,0,sg8
AAATGAGAAGAAGAGGCACAGGG,AAAAATGAGGAAGAGGCAAAAGG,0,sg9
GGGTGGGGGGAGTTTGCTCCTGG,GAGTGGGGGGAGTCGGACCCGGG,0,sg8
AAATGAGAAGAAGAGGCACAGGG,AGAGGGAAGGAAGAGGCACAGGA,0,sg9
GAATCCTAAAAACTCTGCTTCGG,GAATGCTCATAGCTCTGCTTCAG,0,sg12
CCAGTGAGTAGAGCGGAGGCAGG,GCTGTGAGTAGAATTGAGGCAGT,0,sg2
AATGACCACTACATCCTCAAGGG,AATGACCACTAGTGCATCAAGGG,0,sg5
AAATGAGAAGAAGAGGCACAGGG,AAATGAGAAAAAGAGACAGTGCA,0,sg9
AAATGAGAAGAAGAGGCACAGGG,TGAAGAGAAGAAGAGGGAAGGGG,0,sg9
AAATGAGAAGAAGAGGCACAGGG,CATTCAGGAGAAGAGGCACTGGA,0,sg9
GAATCCTAAAAACTCTGCTTCGG,AAAACCTACAGTCTCTGCTTCTG,0,sg12
AAATGAGAAGAAGAGGCACAGGG,GGGTGACAGCAAGAGGCACAGGG,0,sg9
AAATGAGAAGAAGAGGCACAGGG,AGGTGAGGAGCTGAGGCACAGAG,0,sg9
AATGACCACTACATCCTCAAGGG,AATGACCACAGACTCCTCAGAGG,0,sg5
AAATGAGAAGAAGAGGCACAGGG,AAATGAGAAAGAGAGGGAGAGAA,0,sg9
AATGACCACTACATCCTCAAGGG,GATGGACGCTACATCCTCAATAG,0,sg5
AAATGAGAAGAAGAGGCACAGGG,ACAAGGGAAGAAGAGGCAGATGA,0,sg9
CCTGCCTCCGCTCTACTCACTGG,CCTGCCTCCCTTCTACTCAGTAA,0,sg7
GGGTGGGGGGAGTTTGCTCCTGG,GGGTGGGGGGTGTTGGGGCTGGG,0,sg8
AAATGAGAAGAAGAGGCACAGGG,TAATGGGCAGAAGAGGCAAAGCA,0,sg9
AAATGAGAAGAAGAGGCACAGGG,AAAGTTGAAGTTGAGGCACAGAG,0,sg9
AAATGAGAAGAAGAGGCACAGGG,AAATGAGAACAAGAAAGAAAAGG,0,sg9
CTTGCCCCACAGGGCAGTAACGG,CCTGCCCCACAGGGTTGTTAGGA,0,sg3
GAATCCTAAAAACTCTGCTTCGG,GTGTGCCAAAAACTCTGCACCGG,0,sg12
TGACATCAATTATTATACATCGG,TGACATCAATAGATATAAATCAT,0,sg10
ATGAACACCAGTGAGTAGAGCGG,ATTCTCAACAGGGAGTAGAGCGG,0,sg6
AAATGAGAAGAAGAGGCACAGGG,AAATGAGAAAGACAGGGAGAGAG,0,sg9
GGTCCTGCCGCTGCTTGTCATGG,GGTCCTGCCTCTGCTTTTACTTC,0,sg4
CTTGCCCCACAGGGCAGTAACGG,CCAGCCCCACAGGGCAAGTAGGG,0,sg3
AAATGAGAAGAAGAGGCACAGGG,AGAGGGGAAGAAGAGACCCTGGG,0,sg9
GACACCGAAGCAGAGTTTTTAGG,GACACCGTGGCAGAGTTTTAAGT,0,sg11
TGACATCAATTATTATACATCGG,TAAGATTGATTATTATACATGGG,0,sg10
AAATGAGAAGAAGAGGCACAGGG,ATTGAAGAAGCAGAGGCACAGAG,0,sg9
GGGTGGGGGGAGTTTGCTCCTGG,TGCTTGAGGCATTTTGCTCCTGG,0,sg8
AAATGAGAAGAAGAGGCACAGGG,TGATGGGAAAATGAGGCACAGAG,0,sg9
AAATGAGAAGAAGAGGCACAGGG,AAGGCAGACGAAGAGGCAAACGG,0,sg9
AACACCAGTGAGTAGAGCGGAGG,AATAACAGTGAGTAGGAAGGAGA,0,sg1
AACACCAGTGAGTAGAGCGGAGG,AACACCAGTGAGGGGAGTGGAAC,0,sg1
GGGTGGGGGGAGTTTGCTCCTGG,GGGTGGGGGGAGTGTGAGCTCTG,0,sg8
AAATGAGAAGAAGAGGCACAGGG,AAGAAACAAGAAGAGGCACAAGG,0,sg9
GGGTGGGGGGAGTTTGCTCCTGG,GGGGTGGGGGAGCGGGGTCCTGG,0,sg8
GAATCCTAAAAACTCTGCTTCGG,TTCTCCAAAGAGCTCTGCTTCGG,0,sg12
AAATGAGAAGAAGAGGCACAGGG,AAGTGAGAAGAACTGATACAGGA,0,sg9
TGACATCAATTATTATACATCGG,TGCCATCAATTAGTATACCTGTT,0,sg10
AAATGAGAAGAAGAGGCACAGGG,TTATAAGAAGAAGAGACACTGGG,0,sg9
TGACATCAATTATTATACATCGG,TGACAACAATTATTAAAAAGAGG,0,sg10
AAATGAGAAGAAGAGGCACAGGG,AAATGAGAAGAAGCGAATGATGG,0,sg9
AAATGAGAAGAAGAGGCACAGGG,TAATGAACAGAAGAGGCAAAGCA,0,sg9
AAATGAGAAGAAGAGGCACAGGG,AAATGAGAACAAGAGGAAGGTGG,0,sg9
AAATGAGAAGAAGAGGCACAGGG,AAATGAGAAGTATATGCATATGT,0,sg9
AAATGAGAAGAAGAGGCACAGGG,GAATGAGAAGAAAAGTCACGAGA,0,sg9
GGGTGGGGGGAGTTTGCTCCTGG,GGGTGGGGGGCCTGGACTCCTAG,0,sg8
AACACCAGTGAGTAGAGCGGAGG,GGCACCAGTGAGTTGAGCGGCTT,0,sg1
GGGTGGGGGGAGTTTGCTCCTGG,GTGTGGGGAGAGTTTGCTTTTTC,0,sg8
GGGTGGGGGGAGTTTGCTCCTGG,GCTCAGTGGGAGTTTGCTGCTGG,0,sg8
GGGTGGGGGGAGTTTGCTCCTGG,GGGGGCGGGAAATTTGCACCTGC,0,sg8
AAATGAGAAGAAGAGGCACAGGG,AAATGAGAACATATGGCCCATGG,0,sg9
CCAGTGAGTAGAGCGGAGGCAGG,CCAGTGAGTATAGCAGAGATCAG,0,sg2
CCTGCCTCCGCTCTACTCACTGG,CATTCCTCACTTCTACTCACTAG,0,sg7
GGGTGGGGGGAGTTTGCTCCTGG,GGGTGGGGGGAGGGTTGTTCAGG,0,sg8
AAATGAGAAGAAGAGGCACAGGG,GGATGAGAAGAAGAAGCACAAGA,0,sg9
GGTCCTGCCGCTGCTTGTCATGG,GGTCCTGCCTCTTGTTGTCTTGG,0,sg4
AAATGAGAAGAAGAGGCACAGGG,AAATGAGAAGGAGTGGGACCTAG,0,sg9
AAATGAGAAGAAGAGGCACAGGG,CAAAGGAAAGAAGAGGCAGAGGC,0,sg9
GGGTGGGGGGAGTTTGCTCCTGG,GGGTGGGGGGAAATTGTTTCAGG,0,sg8
CTTGCCCCACAGGGCAGTAACGG,GTTCACCCACAGGGCATTAACTC,0,sg3
CCAGTGAGTAGAGCGGAGGCAGG,CCAGTGAGTGGAACGGGGGGAAT,0,sg2
AAATGAGAAGAAGAGGCACAGGG,AAATTAGAAGAAGAGACAAAGAA,0,sg9
CTTGCCCCACAGGGCAGTAACGG,CATGCCCCACAGTTCAGTACCTC,0,sg3
AAATGAGAAGAAGAGGCACAGGG,AGAAGAAAAGAAGAGGCAGGGTG,0,sg9
CTTGCCCCACAGGGCAGTAACGG,CAGGAGCCACAGGGCAGCCACGG,0,sg3
CCTGCCTCCGCTCTACTCACTGG,CCTGCCTCCACTGTCTTCACTGT,0,sg7
AAATGAGAAGAAGAGGCACAGGG,AAGACAGAAGAAGAGACTCAGGC,0,sg9
CCTGCCTCCGCTCTACTCACTGG,CATCTCTCTTTTCTACTCACTGG,0,sg7
CTTGCCCCACAGGGCAGTAACGG,CCTGCCCCACAGGGCTGTCACTT,0,sg3
AAATGAGAAGAAGAGGCACAGGG,AAATGAGAAGAAAGGCATCAGAG,0,sg9
GACACCGAAGCAGAGTTTTTAGG,GAAACAGAAGCAGAGTAATTTGC,0,sg11
GGGTGGGGGGAGTTTGCTCCTGG,GGGTGGGGGTTGTGTGCTTCAAG,0,sg8
GACACCGAAGCAGAGTTTTTAGG,GAAACCGTAACAGAGTTTTTAAA,0,sg11
AAATGAGAAGAAGAGGCACAGGG,GAAGGAGAAGAAGAGAAAGAAGG,0,sg9
AATGACCACTACATCCTCAAGGG,GTTCACAGCCACATCCTCAAGGG,0,sg5
AACACCAGTGAGTAGAGCGGAGG,AGAAGCAGTGAGTAGAATGGCGG,0,sg1
AAATGAGAAGAAGAGGCACAGGG,AAATGAGAAACCGAGGCACAGAA,0,sg9
GGGTGGGGGGAGTTTGCTCCTGG,GGGTGGGGGGGAGTTGCTTGAGG,0,sg8
AAATGAGAAGAAGAGGCACAGGG,AAAAAAGAAGAAGAGACACATAT,0,sg9
CCAGTGAGTAGAGCGGAGGCAGG,TTGGTGAGTAGAGGGGAGCCAGT,0,sg2
GGGTGGGGGGAGTTTGCTCCTGG,AGAGTGGGGGAGTTTGGTCCTGC,0,sg8
AAATGAGAAGAAGAGGCACAGGG,CAATGAGAAGAAGAGGAAAGGTT,0,sg9
TGACATCAATTATTATACATCGG,TGACATCAATTCTCTGACATTTG,0,sg10
AAATGAGAAGAAGAGGCACAGGG,AAGAGAGAAGAAGAGAGGGAGGG,0,sg9
AATGACCACTACATCCTCAAGGG,AATCAGCACTACATCCATAACAG,0,sg5
GAATCCTAAAAACTCTGCTTCGG,GCTTCTCAAAAACTCTGCTCCTG,0,sg12
GAATCCTAAAAACTCTGCTTCGG,TAAACTTTAAAACTCTGCTTAAG,0,sg12
GGGTGGGGGGAGTTTGCTCCTGG,GGGTGGGGGCAGCTTTCCTCTGG,0,sg8
AAATGAGAAGAAGAGGCACAGGG,AAACGAAGAGCCGAGGCACAGAG,0,sg9
AAATGAGAAGAAGAGGCACAGGG,AAAAAGGAAGAAGAGGCAGAGAG,0,sg9
AAATGAGAAGAAGAGGCACAGGG,AAATGAGAAGACATGGCATTTGG,0,sg9
CCTGCCTCCGCTCTACTCACTGG,CCTGCATGAGCCCTGCTCTCTGG,0,sg7
AAATGAGAAGAAGAGGCACAGGG,AAATGAGAAGGAGAAGCAGAAGG,0,sg9
AATGACCACTACATCCTCAAGGG,AAAGTCTCCCACATCCTCAAGGC,0,sg5
CCTGCCTCCGCTCTACTCACTGG,CATGCCTTCTCCCTACTCACTTC,0,sg7
AAATGAGAAGAAGAGGCACAGGG,AAACATGAAGAAGAGACACTTGG,0,sg9
GGGTGGGGGGAGTTTGCTCCTGG,GGGTGGGGGGTGGGTGATCCAAG,0,sg8
GGGTGGGGGGAGTTTGCTCCTGG,TGGGTGGGGGAGTTTGTCCTTGG,0,sg8
GGGTGGGGGGAGTTTGCTCCTGG,GGTTGGGGGGAGTCTCCTCCTGC,0,sg8
AAATGAGAAGAAGAGGCACAGGG,AAAATCGAAGCAGAGGCACAGAG,0,sg9
GGGTGGGGGGAGTTTGCTCCTGG,GGGGAGCTTGAGTTTGCTCCTGC,0,sg8
ATGAACACCAGTGAGTAGAGCGG,GTGAAGAACAGTGAGTAGAACAG,0,sg6
CTTGCCCCACAGGGCAGTAACGG,TTTGGGCAGCAGGGCAGTAATGG,0,sg3
AATGACCACTACATCCTCAAGGG,TATGACCACTACAATACGAAGGG,0,sg5
AACACCAGTGAGTAGAGCGGAGG,AACACCAGTGACTACAAAGGCAG,0,sg1
AAATGAGAAGAAGAGGCACAGGG,AAATGAGAAAAAAAGGCCTACAG,0,sg9
GAATCCTAAAAACTCTGCTTCGG,GAATTGTGAAAACTCTGCTTTCA,0,sg12
CTTGCCCCACAGGGCAGTAACGG,GTTGTTCCACAGGGCAGAAAGGA,0,sg3
ATGAACACCAGTGAGTAGAGCGG,TTAAAGACCAGTGAGGAAAGCTG,0,sg6
GACACCGAAGCAGAGTTTTTAGG,GACACCGAAGCATGTTTATTAAG,0,sg11
AAATGAGAAGAAGAGGCACAGGG,CAGGGAGATGAGGAGGCACAGGG,0,sg9
AAATGAGAAGAAGAGGCACAGGG,AAATGAGAATATGAGGAACATTT,0,sg9
GAATCCTAAAAACTCTGCTTCGG,TCATCCTAAAAAACCTTCTTAGG,0,sg12
AATGACCACTACATCCTCAAGGG,ATAATCAACTAAATCCTCAAGGG,0,sg5
AAATGAGAAGAAGAGGCACAGGG,TCATGAGGAGCAGAGGCACAGGT,0,sg9
AAATGAGAAGAAGAGGCACAGGG,AAGTAAGAGGAAGAGGCACTTGA,0,sg9
AAATGAGAAGAAGAGGCACAGGG,AAATGTAAACAAGAGGCACAGAT,0,sg9
CCAGTGAGTAGAGCGGAGGCAGG,CTAGTGAGTAGAGTCCAGGGACG,0,sg2
AAATGAGAAGAAGAGGCACAGGG,AAATGAGAACAAGAAGGAAATGT,0,sg9
AAATGAGAAGAAGAGGCACAGGG,AATTGAGAAGAAGAGGTGCTAGA,0,sg9
AATGACCACTACATCCTCAAGGG,AGTGACTCCGAGATCCTCAAGAG,0,sg5
GAATCCTAAAAACTCTGCTTCGG,GAAAACAAAAATCTCTGCTTCTT,0,sg12
AAATGAGAAGAAGAGGCACAGGG,ACAAAGGAAGAAGAGCCAAAGGG,0,sg9
CTTGCCCCACAGGGCAGTAACGG,TGTGGTCCACAGGGCAGTAACTT,0,sg3
CTTGCCCCACAGGGCAGTAACGG,CATGGCCCTCAGGGCAGTAACCA,0,sg3
CCAGTGAGTAGAGCGGAGGCAGG,ATAGTGAGTAGAATGGAGGCAGA,0,sg2
GGGTGGGGGGAGTTTGCTCCTGG,GGGGTGGGGGGGCCAGCTCCTGG,0,sg8
GACACCGAAGCAGAGTTTTTAGG,GACAATGAAGCAGAGCTTTCATA,0,sg11
CTTGCCCCACAGGGCAGTAACGG,CTTGCCCCACAGGGTTGTTGCAA,0,sg3
TGACATCAATTATTATACATCGG,AGAGAGCAGTTATTATACATTTG,0,sg10
TGACATCAATTATTATACATCGG,TATGATAAATTATTATACATTGC,0,sg10
CTTGCCCCACAGGGCAGTAACGG,CCTGCCCCACAGGCCAGAAATAC,0,sg3
GGTCCTGCCGCTGCTTGTCATGG,GGTCCTGCCAGGGCTTCTCGAGG,0,sg4
AAATGAGAAGAAGAGGCACAGGG,ATACAAGAAGAAGAGACACTGGT,0,sg9
ATGAACACCAGTGAGTAGAGCGG,ATGAAGACAAGTGAGTAGATTTT,0,sg6
GGGTGGGGGGAGTTTGCTCCTGG,AGGGAGGGAGAATTTGCTCCTGG,0,sg8
AAATGAGAAGAAGAGGCACAGGG,AAATGAGAAGAAAAGGAACACAA,0,sg9
AATGACCACTACATCCTCAAGGG,AATGACCACTAGAAAATTAATGG,0,sg5
CTTGCCCCACAGGGCAGTAACGG,CTAGTGTCACAGGGCAGTAGCTG,0,sg3
CTTGCCCCACAGGGCAGTAACGG,CTTGCCCCACAGGTGAGTTTCTT,0,sg3
TGACATCAATTATTATACATCGG,TGCTAACAATTATTATACAGTTG,0,sg10
ATGAACACCAGTGAGTAGAGCGG,AGGAACACCAGTGGGAAGAGAGG,1,sg6
AAATGAGAAGAAGAGGCACAGGG,AAAGGAGAAACTGAGGCACAGGT,0,sg9
CTTGCCCCACAGGGCAGTAACGG,CTTGCCCCAAAGTGCAGTCTTGA,0,sg3
CCTGCCTCCGCTCTACTCACTGG,CCTGCCTCCGCCCTGGCCTCTGT,0,sg7
AATGACCACTACATCCTCAAGGG,AATGACCACTTCATCGCAGAGGA,0,sg5
ATGAACACCAGTGAGTAGAGCGG,ATGGCCACCAGTGAGCAGGGCCC,0,sg6
GAATCCTAAAAACTCTGCTTCGG,CAATCCTCCCAACTCTGCTTCTC,0,sg12
CTTGCCCCACAGGGCAGTAACGG,TTTACTCTACAGGGCAGTAGCTG,0,sg3
TGACATCAATTATTATACATCGG,TGGAATAAATCATTATACATCTT,0,sg10
AATGACCACTACATCCTCAAGGG,AATCCTCACTACATCCTGCTGGG,0,sg5
AAATGAGAAGAAGAGGCACAGGG,AGATGAGAAATTGAGGCACAGGG,0,sg9
AAATGAGAAGAAGAGGCACAGGG,AAATGAGAAACACTGGAACAGGG,0,sg9
TGACATCAATTATTATACATCGG,TGATTTCAATTATTATATATTTC,0,sg10
AATGACCACTACATCCTCAAGGG,ACAGACCACTACATCCTGAGGCT,0,sg5
GGTCCTGCCGCTGCTTGTCATGG,GGTCCTGCCTCTGTTTCCCAGGC,0,sg4
GGGTGGGGGGAGTTTGCTCCTGG,GGGTGGGGGGAGTGGGTTTGTGT,0,sg8
ATGAACACCAGTGAGTAGAGCGG,ATGAAGACAAGTGAGTAGAGCCC,0,sg6
CCAGTGAGTAGAGCGGAGGCAGG,CCAGTGAGTAGTGCAGTTGTGGG,0,sg2
GAATCCTAAAAACTCTGCTTCGG,GAAGACTAAAAACTCACCTTCAA,0,sg12
CCAGTGAGTAGAGCGGAGGCAGG,CGAGAGAGAGGAGCGGAGGCAGC,0,sg2
AAATGAGAAGAAGAGGCACAGGG,TTCTGAGCAGGAGAGGCACAGGA,0,sg9
AAATGAGAAGAAGAGGCACAGGG,AAATCAGAAGAAGAGAGACCAGT,0,sg9
TGACATCAATTATTATACATCGG,TGGCATCAATTATCTTACAACAC,0,sg10
AAATGAGAAGAAGAGGCACAGGG,AAATGAGAAAGACAGGGCCAGGC,0,sg9
AAATGAGAAGAAGAGGCACAGGG,AGGTGATGAGAGGAGGCACAGGA,0,sg9
GAATCCTAAAAACTCTGCTTCGG,GAGTCCTAAAAATACTTCTTGGT,0,sg12
GAATCCTAAAAACTCTGCTTCGG,AAATCCTATCAGCTCTGCTTCAG,0,sg12
AAATGAGAAGAAGAGGCACAGGG,AAATGAGAAGCAAAGTAACTGGT,0,sg9
GAATCCTAAAAACTCTGCTTCGG,GGAAATTAAACACTCTGCTTCTG,0,sg12
CCTGCCTCCGCTCTACTCACTGG,CCTACCTCCGCTCTAGGAAATTG,0,sg7
CCTGCCTCCGCTCTACTCACTGG,CCTGCCTCCTCTCTACTGGAATG,0,sg7
CTTGCCCCACAGGGCAGTAACGG,GCTACCCCACAGGGCATTAGGGG,0,sg3
CCTGCCTCCGCTCTACTCACTGG,CCTTCATCCGCTCTACCCAGGGG,0,sg7
GGTCCTGCCGCTGCTTGTCATGG,GGTCCTGCCGCTTCAGGTCTAGA,0,sg4
GACACCGAAGCAGAGTTTTTAGG,GATACAGAAGCAGAGTTCTGCTG,0,sg11
CCAGTGAGTAGAGCGGAGGCAGG,ACTGTGAGTAGAGCTGGTGCTGG,0,sg2
AATGACCACTACATCCTCAAGGG,AATGACCACAACAAACTCAAGGA,0,sg5
CCAGTGAGTAGAGCGGAGGCAGG,CCAGTGAGTAGGGCTGGGGGAAT,0,sg2
AAATGAGAAGAAGAGGCACAGGG,AAATGAGAACACGAGCAACAGAT,0,sg9
GGGTGGGGGGAGTTTGCTCCTGG,GGGTGGGGGTAGGAGGGTGCTGG,0,sg8
GACACCGAAGCAGAGTTTTTAGG,TACACCGAAGCAGAAGTTGGAGA,0,sg11
GGGTGGGGGGAGTTTGCTCCTGG,GGGTGGGGGGTGTTTACTGTTAA,0,sg8
GACACCGAAGCAGAGTTTTTAGG,CACATAGAAACTGAGTTTTTAGT,0,sg11
GGGTGGGGGGAGTTTGCTCCTGG,GGGTGGGGGGAGGGGTTTCCTGC,0,sg8
GAATCCTAAAAACTCTGCTTCGG,AACACATAAAAACTCTGCTTCTT,0,sg12
CCTGCCTCCGCTCTACTCACTGG,CCTGCCTCCACACTTCTCCCTTC,0,sg7
AAATGAGAAGAAGAGGCACAGGG,AAATGAGAAGAATGGGAGCATTG,0,sg9
AAATGAGAAGAAGAGGCACAGGG,AAAACAGAAGAAGAGGCAGAAAG,0,sg9
AAATGAGAAGAAGAGGCACAGGG,AAATGAGAAACTGAGTCTCAGTG,0,sg9
TGACATCAATTATTATACATCGG,TGACATCAATATTTGTACTCTGG,0,sg10
GGGTGGGGGGAGTTTGCTCCTGG,GGGTGGGGGGATATTTTTCATTG,0,sg8
AAATGAGAAGAAGAGGCACAGGG,AAATGAGAATTAGAAGCAAAAAG,0,sg9
CCTGCCTCCGCTCTACTCACTGG,CCAGCCTCGCTGCTACTCACTGT,0,sg7
AATGACCACTACATCCTCAAGGG,ACTTAGCATGACATCCTCAAGGT,0,sg5
CCTGCCTCCGCTCTACTCACTGG,CCGGCAGAGGATCTACTCACTGG,0,sg7
GGTCCTGCCGCTGCTTGTCATGG,GGCCCTGCCGCTGCTTGTGGGGG,0,sg4
GGGTGGGGGGAGTTTGCTCCTGG,GGGTGGGGGGAAAGGGTACCTGG,0,sg8
GACACCGAAGCAGAGTTTTTAGG,GGGATTGAAGCAGAGGTCTTAGG,0,sg11
GACACCGAAGCAGAGTTTTTAGG,AAAAAAGAAGCAGAGTGTTTAGG,0,sg11
ATGAACACCAGTGAGTAGAGCGG,AAAAACACCAGTGAGACAAGTGG,0,sg6
AAATGAGAAGAAGAGGCACAGGG,AGAAGAGGAGCAGAGACACAAGG,0,sg9
AATGACCACTACATCCTCAAGGG,AATGACCACTTCACATTCAAGTT,0,sg5
AAATGAGAAGAAGAGGCACAGGG,CCAGGAGAAGAAGAGACAGTGGG,0,sg9
AACACCAGTGAGTAGAGCGGAGG,AAAGACATTGAGTAGAGCTGATG,0,sg1
AAATGAGAAGAAGAGGCACAGGG,AAATGAGAAAAAAATGCACACAA,0,sg9
AAATGAGAAGAAGAGGCACAGGG,AAATGAGAATATGGGGGCCAGGT,0,sg9
ATGAACACCAGTGAGTAGAGCGG,ATAAAGCCCAGTGAGTAGAGTGT,0,sg6
GGGTGGGGGGAGTTTGCTCCTGG,GGCAGTGGGGAGTTTGTAGCTGG,0,sg8
AAATGAGAAGAAGAGGCACAGGG,GAATGAGAAGAAAAGGGACAGTA,0,sg9
TGACATCAATTATTATACATCGG,TAATATCAATTATTATATTTTGC,0,sg10
AAATGAGAAGAAGAGGCACAGGG,AAATGAGAAAAACAGACCCATGA,0,sg9
AAATGAGAAGAAGAGGCACAGGG,TACTTTGAGGAAGAGGCAAAGGG,0,sg9
AAATGAGAAGAAGAGGCACAGGG,ACAGGAAAAAATGAGGCACAGGG,0,sg9
AATGACCACTACATCCTCAAGGG,TGTGACCACTACACCATGCAGGG,0,sg5
GGGTGGGGGGAGTTTGCTCCTGG,GGGTGGGGGGAGGTGGTGCAGGG,0,sg8
GAATCCTAAAAACTCTGCTTCGG,GAAGCCTAAAAACTCTCATTTAA,0,sg12
TGACATCAATTATTATACATCGG,TGTCATCAATTAGTATTCATAGT,0,sg10
GGGTGGGGGGAGTTTGCTCCTGG,CGGTGAGTGGACTTTGCTCCTCT,0,sg8
GAATCCTAAAAACTCTGCTTCGG,GAGTCATAAAAACTCAGGGTTGG,0,sg12
CTTGCCCCACAGGGCAGTAACGG,CTGGCACCACAGGGCACTTACTC,0,sg3
GAATCCTAAAAACTCTGCTTCGG,GATCTTTAAAAACTCTGATTCTG,0,sg12
AAATGAGAAGAAGAGGCACAGGG,AAAGAGGAAGAAGAGACAAAGTG,0,sg9
CCTGCCTCCGCTCTACTCACTGG,CCTGCCTCCCCTCTCCTCCATCT,0,sg7
CTTGCCCCACAGGGCAGTAACGG,GCTGCCCCACAGCCCACTAGCGG,0,sg3
GGGTGGGGGGAGTTTGCTCCTGG,GGGTGTGGGGAGTTTTGGGCAGG,0,sg8
AAATGAGAAGAAGAGGCACAGGG,AAGAAAGAGGAGGAGGCACAGGA,0,sg9
CCAGTGAGTAGAGCGGAGGCAGG,ACTGTGAGTAGAGGGCAGACAGT,0,sg2
AAATGAGAAGAAGAGGCACAGGG,ACCTGGGAAGAAGAGTTACAGTG,0,sg9
AAATGAGAAGAAGAGGCACAGGG,AAATGAGAAAGAGAGGAAGGGAG,0,sg9
TGACATCAATTATTATACATCGG,AGATATTAATAATTATACATCTC,0,sg10
GGGTGGGGGGAGTTTGCTCCTGG,TTTTGGGGGTGGTTTGCTCCTGT,0,sg8
AAATGAGAAGAAGAGGCACAGGG,GAGTGAGAAGAAGGGCCATAGTG,0,sg9
AATGACCACTACATCCTCAAGGG,ACATATCACTACATCCTCATGGA,0,sg5
CTTGCCCCACAGGGCAGTAACGG,CATGTCCCACAGGGCAGAGGTGG,0,sg3
TGACATCAATTATTATACATCGG,GGACATCAATTATACTGGATCAG,0,sg10
AAATGAGAAGAAGAGGCACAGGG,AAATATCCAAAAGAGGCACAGGG,0,sg9
GACACCGAAGCAGAGTTTTTAGG,GACACTGAAGCAGAGAATGTATC,0,sg11
AAATGAGAAGAAGAGGCACAGGG,AACTTGGAAGAAGAGGAACTTGG,0,sg9
CTTGCCCCACAGGGCAGTAACGG,CTTGCCCCACAGGGAATCCAGAG,0,sg3
CCTGCCTCCGCTCTACTCACTGG,CCTGCCTCCTCCCTACCCTCTGA,0,sg7
GGGTGGGGGGAGTTTGCTCCTGG,GGGTGGGGGGTGGGGCCTCCAGG,0,sg8
AACACCAGTGAGTAGAGCGGAGG,AACACCAGTGCGGAGAGAGGGGC,0,sg1
ATGAACACCAGTGAGTAGAGCGG,GAGAACACCAGTGAGAAGAGCTG,0,sg6
AAATGAGAAGAAGAGGCACAGGG,AAATGAGAAGAATAAAGACAATG,0,sg9
CCTGCCTCCGCTCTACTCACTGG,CCTGCCTCCTCTCCACCCTCTCC,0,sg7
CTTGCCCCACAGGGCAGTAACGG,CCTGCTCAGCAGGGCAGTGAGGG,0,sg3
AAATGAGAAGAAGAGGCACAGGG,AAAGGAGGAGAAGAGGCAGTGTA,0,sg9
AAATGAGAAGAAGAGGCACAGGG,AAATGAGAAGCAGAGAAATAAAG,0,sg9
GGTCCTGCCGCTGCTTGTCATGG,GGTCCTGCCTCTGCCTGGCAGCT,0,sg4
CTTGCCCCACAGGGCAGTAACGG,TTTGCACCTCAGGGCAGTGCTGG,0,sg3
CCAGTGAGTAGAGCGGAGGCAGG,CCAGTGAGTAGAAAGGCTGTGGG,0,sg2
GGGTGGGGGGAGTTTGCTCCTGG,GGGTGGGGTGGGGGTTCTTCTGG,0,sg8
GGGTGGGGGGAGTTTGCTCCTGG,GGGTGGGGGGAGTTGGGTTGGGG,0,sg8
GGTCCTGCCGCTGCTTGTCATGG,GGTCCTGCCTCTGCCTCTCTTGT,0,sg4
GAATCCTAAAAACTCTGCTTCGG,CAAAAATAAAAACTCTGCTTCCT,0,sg12
AAATGAGAAGAAGAGGCACAGGG,AGATTAGAAGAAGAGAAACATGA,0,sg9
CTTGCCCCACAGGGCAGTAACGG,CTGGCACCACAGGGCAGCCACTG,0,sg3
AAATGAGAAGAAGAGGCACAGGG,AAATGAGAAAATATGGGAGAGGG,0,sg9
ATGAACACCAGTGAGTAGAGCGG,ATCAACACCAGTAAGTAAAGTCA,0,sg6
CTTGCCCCACAGGGCAGTAACGG,TAAGCCCCCCAGGGCAGTCACTG,0,sg3
CCTGCCTCCGCTCTACTCACTGG,CCTGCCTCCACTGCGCTCACCAG,0,sg7
AAATGAGAAGAAGAGGCACAGGG,AGATGAGAAACTGAGGCACAGCA,0,sg9
AAATGAGAAGAAGAGGCACAGGG,AATTGAGAAGAAGGAGCAGAGCT,0,sg9
AAATGAGAAGAAGAGGCACAGGG,AAATGAGAAAAAGATGAAGATGC,0,sg9
GGGTGGGGGGAGTTTGCTCCTGG,GGGTGGGGTGGGTGTGAGCGTGG,0,sg8
AAATGAGAAGAAGAGGCACAGGG,AACAGTAGAAAAGAGGCACAGGG,0,sg9
AAATGAGAAGAAGAGGCACAGGG,AAATGAGAAAAAGACTCAAATGG,0,sg9
AAATGAGAAGAAGAGGCACAGGG,AGCTCAGAAGCAGAGGCACAGGG,0,sg9
CCTGCCTCCGCTCTACTCACTGG,CCTGCCTCCTCTCTAACCCCTCC,0,sg7
TGACATCAATTATTATACATCGG,TGTACTCAATTATTATACTTGGT,0,sg10
AAATGAGAAGAAGAGGCACAGGG,ACATGAGAAGAACAAGAACAAAG,0,sg9
GGGTGGGGGGAGTTTGCTCCTGG,GGGTGGGGGGCTTCTTCCCCTAG,0,sg8
CCTGCCTCCGCTCTACTCACTGG,TCTCCATTTCCTCTACTCACTGG,0,sg7
AAATGAGAAGAAGAGGCACAGGG,TAAAGATATGAAGAGGCACATGG,0,sg9
AAATGAGAAGAAGAGGCACAGGG,GAATGGAAAGAAGAGGCACAGAG,0,sg9
AAATGAGAAGAAGAGGCACAGGG,AAGCCAGAAATAGAGGCACAGGT,0,sg9
AAATGAGAAGAAGAGGCACAGGG,AAATGAGAAGCAGCAGAACAGGG,0,sg9
CCTGCCTCCGCTCTACTCACTGG,GCTGCCTCAGCTCTACTCATTAA,0,sg7
CCAGTGAGTAGAGCGGAGGCAGG,GCGGTCAGCAGAGCGGAGGCATC,0,sg2
AAATGAGAAGAAGAGGCACAGGG,AAATGAGAACAAGAAACACATCT,0,sg9
CCTGCCTCCGCTCTACTCACTGG,CCTGCCTCCCCTGGACCCTCAGG,0,sg7
TGACATCAATTATTATACATCGG,TTTCTTCAGTTATTATACATGGA,0,sg10
ATGAACACCAGTGAGTAGAGCGG,TTGAGCACCAGTGAGTAGGGAGC,0,sg6
AAATGAGAAGAAGAGGCACAGGG,TATTTAGTAGCAGAGGCACAGGA,0,sg9
TGACATCAATTATTATACATCGG,TGTCATCAATTATTTTAACTCAT,0,sg10
TGACATCAATTATTATACATCGG,TGTCAACAATTATTATAAATAAT,0,sg10
AAATGAGAAGAAGAGGCACAGGG,AAATGAGAAGACAAGCCTCAAGA,0,sg9
TGACATCAATTATTATACATCGG,TGATTTGTATCATTATACATCGA,0,sg10
AAATGAGAAGAAGAGGCACAGGG,ACTTGAGCTCAAGAGGCACAGGC,0,sg9
AAATGAGAAGAAGAGGCACAGGG,GAGGGCCAAGAAGAGGCAGAGGG,0,sg9
AAATGAGAAGAAGAGGCACAGGG,AGAGGGAAAGAAGAGGCAGAGTG,0,sg9
AAATGAGAAGAAGAGGCACAGGG,GGGTGGCAAGAAGAGGCACAGGC,0,sg9
AACACCAGTGAGTAGAGCGGAGG,ACCTCCAGTGAGTAGAAGTGAGT,0,sg1
GGGTGGGGGGAGTTTGCTCCTGG,GGGTGGGGGGAGATGGATGCGGA,0,sg8
CTTGCCCCACAGGGCAGTAACGG,GCTGCACCACAGGGCAGAGCCGG,0,sg3
CTTGCCCCACAGGGCAGTAACGG,ATTGCCCCCCAGGGCAGTCACCC,0,sg3
GAATCCTAAAAACTCTGCTTCGG,AAATACAATAACCTCTGCTTCAG,0,sg12
GGGTGGGGGGAGTTTGCTCCTGG,GGGTGGGGGCAGGTTCCGGTTGG,0,sg8
AATGACCACTACATCCTCAAGGG,ATTGACCACTACATGCTCAACTG,0,sg5
CTTGCCCCACAGGGCAGTAACGG,CTTGCCCCAGAGGTTAATAAAGT,0,sg3
AAATGAGAAGAAGAGGCACAGGG,AAATGAGAAGAACAGAAACAAAA,0,sg9
AATGACCACTACATCCTCAAGGG,GCAGACAATTTCATCCTCAAGGG,0,sg5
GACACCGAAGCAGAGTTTTTAGG,GAAGCTGAAGCAGAGTACTTTGG,0,sg11
TGACATCAATTATTATACATCGG,TCACAGAGTTTATTATACATCAG,0,sg10
AATGACCACTACATCCTCAAGGG,AATGTCTACCAAATCCTCAAGTC,0,sg5
GGGTGGGGGGAGTTTGCTCCTGG,GGGTGGGGGGTGCTTGCTCCTCA,0,sg8
CCAGTGAGTAGAGCGGAGGCAGG,CCAGTGAGTAGAGACCAGGGATG,0,sg2
CTTGCCCCACAGGGCAGTAACGG,GCTGCCCCACAGGGCAGCAAAGG,1,sg3
GAATCCTAAAAACTCTGCTTCGG,TTATATTAAAAACTCTGCTTGAG,0,sg12
AAATGAGAAGAAGAGGCACAGGG,AAATGAGAATCAAAGCCACAATG,0,sg9
AAATGAGAAGAAGAGGCACAGGG,GGCTCAGAAGATGAGGCACAGCG,0,sg9
AAATGAGAAGAAGAGGCACAGGG,AAATGAGAAGAAAATGAACATTA,0,sg9
GGTCCTGCCGCTGCTTGTCATGG,TGATCTGCTGCTGCTTGTCCAGG,0,sg4
GGGTGGGGGGAGTTTGCTCCTGG,GGGTGGGGGGAGATCAATGCAGG,0,sg8
GGGTGGGGGGAGTTTGCTCCTGG,GGGTGGGTGGGGGTAGGGCCTGG,0,sg8
AAATGAGAAGAAGAGGCACAGGG,GAATGAGAAGAATAGACACACTT,0,sg9
GAATCCTAAAAACTCTGCTTCGG,GAATCAAATAGACTCTGCTTCAG,0,sg12
AATGACCACTACATCCTCAAGGG,GGAGATCATTACATCCTCAATGG,0,sg5
GGGTGGGGGGAGTTTGCTCCTGG,GGGTGGGGGGCGTGTGATGACGG,0,sg8
GAATCCTAAAAACTCTGCTTCGG,GATTCCTAAAAAACCTACTTCCC,0,sg12
GAATCCTAAAAACTCTGCTTCGG,GAATTCTAAAAAGGCTGCTTTGG,1,sg12
GACACCGAAGCAGAGTTTTTAGG,TTGCCCGAAGCAGAGTATTTGGG,0,sg11
GAATCCTAAAAACTCTGCTTCGG,CAAACCTAAGACCTCTGCTTCAA,0,sg12
AATGACCACTACATCCTCAAGGG,GATGAACACTACATCATCTTTGG,0,sg5
CTTGCCCCACAGGGCAGTAACGG,CTTGCTCCACAGGGCCAGACCCG,0,sg3
TGACATCAATTATTATACATCGG,TGACATCAATAATCCTAGGTCTG,0,sg10
GGGTGGGGGGAGTTTGCTCCTGG,GGGTGGGGGGTGTGTGGTAGGGG,0,sg8
AACACCAGTGAGTAGAGCGGAGG,AACACCAGTGACAACAGAGGCAG,0,sg1
GAATCCTAAAAACTCTGCTTCGG,TATTCTTAAAAACTCTAGTTCTG,0,sg12
GGGTGGGGGGAGTTTGCTCCTGG,AACTGGGGGGAGAGTGCTACTGG,0,sg8
AAATGAGAAGAAGAGGCACAGGG,AAATGAGAAGAGGAAGCCCAGAA,0,sg9
ATGAACACCAGTGAGTAGAGCGG,ATGAACACCAGGTAGCAATGGGG,0,sg6
AAATGAGAAGAAGAGGCACAGGG,CTATGAGAAGAAAAGGCAGAGGA,0,sg9
AAATGAGAAGAAGAGGCACAGGG,AAGTGAGAAGAAGAATCACACAT,0,sg9
GGGTGGGGGGAGTTTGCTCCTGG,GGGTGGGGGGGGTGCACAGCTGG,0,sg8
GGGTGGGGGGAGTTTGCTCCTGG,GGGTGGGGGATGAGTGCTCCAGC,0,sg8
AAATGAGAAGAAGAGGCACAGGG,GATTGAGAAGAACACACACAGAG,0,sg9
AATGACCACTACATCCTCAAGGG,ATCGATCTTGACATCCTCAAGGG,0,sg5
AACACCAGTGAGTAGAGCGGAGG,AACACCAGTAACCAGAGAGGAGA,0,sg1
CCAGTGAGTAGAGCGGAGGCAGG,ACGCTGTGAAGAGCGGAGACAGG,0,sg2
TGACATCAATTATTATACATCGG,TGAACTCATTTATTATACTTCAT,0,sg10
GAATCCTAAAAACTCTGCTTCGG,TAATTTTAAAAACTCATCTTCAG,0,sg12
AAATGAGAAGAAGAGGCACAGGG,AAAAGAGAGGAAGAGGCATTAGA,0,sg9
AAATGAGAAGAAGAGGCACAGGG,AAAATTGAATAAGAGGCACAGCA,0,sg9
GACACCGAAGCAGAGTTTTTAGG,GGCGGTGAGGCAGAGTTTATAGG,0,sg11
TGACATCAATTATTATACATCGG,TGTCATCAATTATTAATCACCTA,0,sg10
GGGTGGGGGGAGTTTGCTCCTGG,GGATGGGGGGAGATTTGTGCTGG,0,sg8
AAATGAGAAGAAGAGGCACAGGG,AAATGAGAAGATGAACAGCAGAG,0,sg9
AAATGAGAAGAAGAGGCACAGGG,AAATGAGAAAATGATGCAGACAG,0,sg9
AAATGAGAAGAAGAGGCACAGGG,AACTGAGAAGAAAAGAAACACAG,0,sg9
GAATCCTAAAAACTCTGCTTCGG,GAGTGTTAAAAACTCTTCTTGGT,0,sg12
AAATGAGAAGAAGAGGCACAGGG,AAATGAGAAGGAAAGGAAGAAGG,0,sg9
AAATGAGAAGAAGAGGCACAGGG,GAATGCAAGGAAGAGGCAGAGAG,0,sg9
ATGAACACCAGTGAGTAGAGCGG,ATGAACACCTGTGAACATATCGC,0,sg6
GGGTGGGGGGAGTTTGCTCCTGG,ATCTGTGGGAAGTTTGCTCCTTG,0,sg8
TGACATCAATTATTATACATCGG,TGACATCAACTGTTATAGAACCC,0,sg10
GGGTGGGGGGAGTTTGCTCCTGG,GGGTGGGGGTGGATGGTTTCTGG,0,sg8
TGACATCAATTATTATACATCGG,TTAGTACAATTATTATACTTCAG,0,sg10
ATGAACACCAGTGAGTAGAGCGG,ATGGACAAGAGTGAGTAGAAGGA,0,sg6
GGGTGGGGGGAGTTTGCTCCTGG,GGGGTGGGGGTCTGTGGTCCTGG,0,sg8
AAATGAGAAGAAGAGGCACAGGG,AAAAAAGAAGAAGAGATAGAGGC,0,sg9
AAATGAGAAGAAGAGGCACAGGG,AAATGAGAAAAAAATGTTAAGGG,0,sg9
TGACATCAATTATTATACATCGG,TGCTATCAATTATTAGACAGTAG,0,sg10
GGGTGGGGGGAGTTTGCTCCTGG,GGGTGGGGGGAATGTGCTAAGGG,0,sg8
AAATGAGAAGAAGAGGCACAGGG,AAATGAGAAATGGAGGCACATCA,0,sg9
AAATGAGAAGAAGAGGCACAGGG,CAAAAAGAAGAAGAGGGCCAGGT,0,sg9
GAATCCTAAAAACTCTGCTTCGG,CAACTCTTAAAACTCTGCTTAGT,0,sg12
TGACATCAATTATTATACATCGG,TGACATCAATGATTAACCCTCTT,0,sg10
ATGAACACCAGTGAGTAGAGCGG,CTCAACACCAGTTGGCAGAGCAG,0,sg6
CTTGCCCCACAGGGCAGTAACGG,CTATCCCCACATGGCAGTAACAA,0,sg3
GGGTGGGGGGAGTTTGCTCCTGG,GGGTGGGGGCCCCTTGGTCCTGC,0,sg8
AAATGAGAAGAAGAGGCACAGGG,AAATGAGAAGAGGATGATCAGAT,0,sg9
CCTGCCTCCGCTCTACTCACTGG,CCTGCCTCCACTCAACAAATTGG,0,sg7
AAATGAGAAGAAGAGGCACAGGG,AAGAGAGAAGAAGAGGAAGACAG,0,sg9
CCTGCCTCCGCTCTACTCACTGG,CCTGGCTCCGCTCTAACCAATTA,0,sg7
GGGTGGGGGGAGTTTGCTCCTGG,GGGTGGGGGCTGGTAGCTCCATG,0,sg8
AAATGAGAAGAAGAGGCACAGGG,TTATGAGAAGAAGAGAAAAAGGA,0,sg9
AATGACCACTACATCCTCAAGGG,TATCTCCACTACATCCGCAAGTA,0,sg5
AAATGAGAAGAAGAGGCACAGGG,GGAAGAGAAGAAGAGGAAGAGGA,0,sg9
GGGTGGGGGGAGTTTGCTCCTGG,AGCTCAGGGGAGTTTGCTACTAG,0,sg8
GACACCGAAGCAGAGTTTTTAGG,GAGAGGGAAGCAGAGTTTCAAAG,0,sg11
AATGACCACTACATCCTCAAGGG,AATGACACAATCATCCTCAAGTG,0,sg5
GGTCCTGCCGCTGCTTGTCATGG,GCTACAGCCGCTGCTTGCCAGGA,0,sg4
AAATGAGAAGAAGAGGCACAGGG,AAATGAGAAAAGGCCGCAGAGGA,0,sg9
AAATGAGAAGAAGAGGCACAGGG,GGATGAGTACAAGAGGCACAGCA,0,sg9
AAATGAGAAGAAGAGGCACAGGG,GTAATTGAAGAAGAGGCACAGAG,0,sg9
GGTCCTGCCGCTGCTTGTCATGG,CCACCTGCCGCTCCTGGTGATGG,0,sg4
GGGTGGGGGGAGTTTGCTCCTGG,GAGGGGAAGGAGTTTGCTCAAGG,0,sg8
CCTGCCTCCGCTCTACTCACTGG,GCCGTCTCTGCTCTACTCCCAGG,0,sg7
ATGAACACCAGTGAGTAGAGCGG,ATGGGCCCTAGTGAGTAGATCAG,0,sg6
TGACATCAATTATTATACATCGG,TAATTTCAATTATTATAAATGTG,0,sg10
TGACATCAATTATTATACATCGG,TTTCATCAATTAATTGACATTGG,0,sg10
GACACCGAAGCAGAGTTTTTAGG,ACCACAGAAGCAGAGGTTGGAGG,0,sg11
AAATGAGAAGAAGAGGCACAGGG,GAATGACAGCAGGAGGCACAGGG,0,sg9
TGACATCAATTATTATACATCGG,TTAGATCAATTATTATATTTTGT,0,sg10
AAATGAGAAGAAGAGGCACAGGG,AAATAGAAAGGAGAGGCACAGAA,0,sg9
GAATCCTAAAAACTCTGCTTCGG,CATTCTTAAAAACTCTTCTCCGC,0,sg12
AAATGAGAAGAAGAGGCACAGGG,TGATAGGAAACAGAGGCACAGGG,0,sg9
GAATCCTAAAAACTCTGCTTCGG,AAATCCTAAAAACACTGATTTTT,0,sg12
GGGTGGGGGGAGTTTGCTCCTGG,GGGGGTGGGGGGATTGCTAATGG,0,sg8
TGACATCAATTATTATACATCGG,TGGCATCAATTATAATGCCTCCT,0,sg10
AAATGAGAAGAAGAGGCACAGGG,CTTTGAGAGGCCGAGGCACAGGG,0,sg9
AACACCAGTGAGTAGAGCGGAGG,AGCCTCAGTGAGTAGAGCAGGGC,0,sg1
CCTGCCTCCGCTCTACTCACTGG,CCTGCCTCCCTTCTATGCAATAG,0,sg7
AACACCAGTGAGTAGAGCGGAGG,TACACCAGTGAGCAGAGCTGGAA,0,sg1
AATGACCACTACATCCTCAAGGG,GGTGCCCACTACATCCTGGAGGG,0,sg5
GGGTGGGGGGAGTTTGCTCCTGG,TGAGGGGATGAGTTTGCTCCTTG,0,sg8
AAATGAGAAGAAGAGGCACAGGG,AGATGAGAAGAATAGGCAAAGGC,0,sg9
GAATCCTAAAAACTCTGCTTCGG,GTGTCCTAAAAAGTCTCGTTCTG,0,sg12
AAATGAGAAGAAGAGGCACAGGG,AAAAGTAAAGAAGAGGCAAAGGT,0,sg9
TGACATCAATTATTATACATCGG,TATCATCAATTAGTATTCATCCA,0,sg10
GGTCCTGCCGCTGCTTGTCATGG,GCCCCTGCCGCTGCCTGGCCTAG,0,sg4
AACACCAGTGAGTAGAGCGGAGG,AACAGCAGTGAGTAGGAAAGAAG,0,sg1
AAATGAGAAGAAGAGGCACAGGG,AAACCAGAAGAGGAGGAAGAGGC,0,sg9
AAATGAGAAGAAGAGGCACAGGG,GAAGAAGAAGAAGAGGAACAAGC,0,sg9
GGGTGGGGGGAGTTTGCTCCTGG,AAATGGGGGGAGTTTGCCCCCCG,0,sg8
AACACCAGTGAGTAGAGCGGAGG,GACACCTGAGAGTAGAGCTTAGC,0,sg1
GGTCCTGCCGCTGCTTGTCATGG,GCTCGGGCCGCTGCTTTTGCTGG,0,sg4
CTTGCCCCACAGGGCAGTAACGG,CTGGCCCCACAGGTCAGTGACGC,0,sg3
AAATGAGAAGAAGAGGCACAGGG,AAAAGTATAGTGGAGGCACAGGG,0,sg9
CCAGTGAGTAGAGCGGAGGCAGG,CCAGTGAGTTTCCTGGGGGCAGG,0,sg2
GGGTGGGGGGAGTTTGCTCCTGG,GGGTGGGGGGAGCATGGAAATGG,0,sg8
TGACATCAATTATTATACATCGG,TAACAACATTTCTTATACATCTT,0,sg10
CTTGCCCCACAGGGCAGTAACGG,CACGCTCCACAGGGCAGACTCGG,0,sg3
GGGTGGGGGGAGTTTGCTCCTGG,GGGAGGGGGGAATTAACTCATGT,0,sg8
AAATGAGAAGAAGAGGCACAGGG,AAATGAGAAAAAGCGGCCGGGCG,0,sg9
TGACATCAATTATTATACATCGG,TGACATCAATTATTTCTTAGGGG,0,sg10
GAATCCTAAAAACTCTGCTTCGG,GGCTCCCAAAAACTCTGCTAAGG,0,sg12
ATGAACACCAGTGAGTAGAGCGG,ATGAACACCAGTGTGAAAATCTT,0,sg6
AACACCAGTGAGTAGAGCGGAGG,AACACCAGTGCAAAGAGGGGAGC,0,sg1
CCTGCCTCCGCTCTACTCACTGG,CCCTCCTGCGCTCTACTCCCTGC,0,sg7
GAATCCTAAAAACTCTGCTTCGG,TCATCATATCAACTCTGCTTCTG,0,sg12
GGGTGGGGGGAGTTTGCTCCTGG,GGGTGGGGTGGGGGTGCTGCAGG,0,sg8
TGACATCAATTATTATACATCGG,TGACATCAATTACTAAACTTTTT,0,sg10
GAATCCTAAAAACTCTGCTTCGG,GACTACCAAAAACTCTGCTGCTT,0,sg12
GGGTGGGGGGAGTTTGCTCCTGG,GGCTTGGATGTGTTTGCTCCTGA,0,sg8
GGGTGGGGGGAGTTTGCTCCTGG,GAAGGGGTGGGATTTGCTCCTGG,0,sg8
AAATGAGAAGAAGAGGCACAGGG,AAATGAGAAAAAGACAAACATGT,0,sg9
ATGAACACCAGTGAGTAGAGCGG,ATGAAAATCAAAGAGTAGAGCTA,0,sg6
AAATGAGAAGAAGAGGCACAGGG,AGATGAGGAAATGAGGCACAGAC,0,sg9
GGTCCTGCCGCTGCTTGTCATGG,TGTCCTGCCGCTGTTGGTTCTGG,0,sg4
AAATGAGAAGAAGAGGCACAGGG,AAATGAGAACAAGGGAGAAAGTG,0,sg9
CCTGCCTCCGCTCTACTCACTGG,CCTCCCTCACCCCTACTCACTCT,0,sg7
AACACCAGTGAGTAGAGCGGAGG,AAAATCAGTGAGTAGAGCAAGTG,0,sg1
GACACCGAAGCAGAGTTTTTAGG,GATACCAAGGCAGAGTTTTTACT,0,sg11
AAATGAGAAGAAGAGGCACAGGG,AGATGCGAAGAAGAGGCGCCGTG,0,sg9
CCTGCCTCCGCTCTACTCACTGG,CCTGCCTCCCCTTAACTCTCTTT,0,sg7
TGACATCAATTATTATACATCGG,TGAAATCAATTATTAGAAATTTA,0,sg10
CCTGCCTCCGCTCTACTCACTGG,CCTGCCTCCTCTCTACTTCTGGA,0,sg7
AATGACCACTACATCCTCAAGGG,CCTGACCACAGCATCCTCAAGGC,0,sg5
GGGTGGGGGGAGTTTGCTCCTGG,GGCGGGGGGGTGGGGGCTCCTGG,0,sg8
GAATCCTAAAAACTCTGCTTCGG,TAAACAAAAAAACTCTGCTTGAG,0,sg12
TGACATCAATTATTATACATCGG,TGGTTTCCATTATTATACCTCTG,0,sg10
AAATGAGAAGAAGAGGCACAGGG,ATATAGGAACCTGAGGCACAGGG,0,sg9
CCAGTGAGTAGAGCGGAGGCAGG,CCAGTGAGTATTTCGGCACCAGG,0,sg2
AAATGAGAAGAAGAGGCACAGGG,AGATGAGAAGAAAAATCACACTG,0,sg9
AAATGAGAAGAAGAGGCACAGGG,AGATGAGAAGAAGAGGAGGAGGC,0,sg9
AAATGAGAAGAAGAGGCACAGGG,AATTGAGAAGAAGAGAGTCAAGT,0,sg9
AATGACCACTACATCCTCAAGGG,CATGACCACTACAGTTTCACAGG,0,sg5
AATGACCACTACATCCTCAAGGG,ACTTGGCATAACATCCTCAAGGG,0,sg5
AACACCAGTGAGTAGAGCGGAGG,AGCACCACTGAGCAGAGTAGAGC,0,sg1
GACACCGAAGCAGAGTTTTTAGG,GTCACTGAAGCAGAGGTTCCAGA,0,sg11
AACACCAGTGAGTAGAGCGGAGG,TAAACCAGTGAGTAGGGAGGTGC,0,sg1
CCTGCCTCCGCTCTACTCACTGG,CCTGCCTCCTCCCAGCAGACTGG,0,sg7
GGGTGGGGGGAGTTTGCTCCTGG,GGGTGGGGGGAGCATCCCCCAGA,0,sg8
GGGTGGGGGGAGTTTGCTCCTGG,GGGTGGGGGGCGTTGGCTGTTAC,0,sg8
AACACCAGTGAGTAGAGCGGAGG,AACACCAGTGAGAGGACTGAAGA,0,sg1
AAATGAGAAGAAGAGGCACAGGG,TCATGGGAAACTGAGGCACAGGG,0,sg9
AAATGAGAAGAAGAGGCACAGGG,AGAGCACAAGCAGAGGCACAGAG,0,sg9
ATGAACACCAGTGAGTAGAGCGG,ATCAGCACCAGTGAGCAGGGTGG,0,sg6
GACACCGAAGCAGAGTTTTTAGG,GACACAGAAGCAGAGGCTGGAGC,0,sg11
AAATGAGAAGAAGAGGCACAGGG,TTAGAAGGAGAAGAGGCAGAGGG,0,sg9
TGACATCAATTATTATACATCGG,TGACATCAACTAAAATCCTTCTG,0,sg10
AACACCAGTGAGTAGAGCGGAGG,ACCAGCACAGAGTAGAGCAGTGG,0,sg1
AACACCAGTGAGTAGAGCGGAGG,ACCATTAGGGAGTAGAGCTGAGG,0,sg1
CTTGCCCCACAGGGCAGTAACGG,ATAGCTCCACAGGGCAAGATCGG,0,sg3
AAATGAGAAGAAGAGGCACAGGG,AGAAGAGAACAATAGGCACTAGG,0,sg9
TGACATCAATTATTATACATCGG,ACACATCAATTATAAGAGATGGG,0,sg10
AAATGAGAAGAAGAGGCACAGGG,AAATGAGAAAATGATGCAGAGCA,0,sg9
GAATCCTAAAAACTCTGCTTCGG,GAATCCTAACAAAGCTACTTCCA,0,sg12
AATGACCACTACATCCTCAAGGG,AATGACCACTCAATCCTAAACTT,0,sg5
AAATGAGAAGAAGAGGCACAGGG,AGAAGAGAGGAAGAGGCAGAGGA,0,sg9
AAATGAGAAGAAGAGGCACAGGG,GAAGGGGAAGAAGAGGAAAGGGG,0,sg9
AAATGAGAAGAAGAGGCACAGGG,ACATGTAAAGAAGAGGCACATTC,0,sg9
AAATGAGAAGAAGAGGCACAGGG,CAAATAAAAGAAGAGGCAAAGGC,0,sg9
TGACATCAATTATTATACATCGG,TAAAAATCATTTTTATACATCGG,0,sg10
AAATGAGAAGAAGAGGCACAGGG,AGAGTAGAGGAAGAGGCACAGGG,0,sg9
CCTGCCTCCGCTCTACTCACTGG,TATGTTTCAGCTCTACTCATTGG,0,sg7
AAATGAGAAGAAGAGGCACAGGG,ACATGAGAAGAACATGCACAGAA,0,sg9
GAATCCTAAAAACTCTGCTTCGG,AAGTACTAAAAACTCTGATTTGG,0,sg12
ATGAACACCAGTGAGTAGAGCGG,CTGTCCACCAGTGAGGAGAGCTT,0,sg6
GGTCCTGCCGCTGCTTGTCATGG,GGTCCTGCCCCTGCTCGGTATGA,0,sg4
AAATGAGAAGAAGAGGCACAGGG,CTGGGTGAGGAAGAGGCACAGGG,0,sg9
CCAGTGAGTAGAGCGGAGGCAGG,CCAGTGAGTTCAGAGGAGGGCAG,0,sg2
AAATGAGAAGAAGAGGCACAGGG,AAATGAGAATAATATAAAAAGGG,0,sg9
AATGACCACTACATCCTCAAGGG,AACAACCAATACATCCTCCCGGC,0,sg5
TGACATCAATTATTATACATCGG,TGAAATCCATTATTATACTTCCT,0,sg10
AATGACCACTACATCCTCAAGGG,AATGTACACTACATCCACATAGA,0,sg5
ATGAACACCAGTGAGTAGAGCGG,AAGTACACCAAAGAGTAGAGCCG,0,sg6
GGGTGGGGGGAGTTTGCTCCTGG,GGATGGGGGGAGGTGGCGGCGGG,0,sg8
ATGAACACCAGTGAGTAGAGCGG,TTGAACACCAGTGAATAGATGTA,0,sg6
TGACATCAATTATTATACATCGG,TGACATCAAATATTATCTTGCGT,0,sg10
AAATGAGAAGAAGAGGCACAGGG,TACTGAGAAGAAGAAGGAGAAGG,0,sg9
AATGACCACTACATCCTCAAGGG,GAAGACCACTACATCCTCCAGGC,0,sg5
AAATGAGAAGAAGAGGCACAGGG,AAATGAGAAGAAAGGGGATAGAA,0,sg9
CCAGTGAGTAGAGCGGAGGCAGG,TGGCTGAGTAGAGCGGCGGGAGG,0,sg2
GGGTGGGGGGAGTTTGCTCCTGG,GGCTGGGGGGAGATGTCTCCCTG,0,sg8
TGACATCAATTATTATACATCGG,TGAGAGTTTTTATTATACATGGG,0,sg10
GAATCCTAAAAACTCTGCTTCGG,AAATTCTAAGGACTCTGCTTCAA,0,sg12
AATGACCACTACATCCTCAAGGG,AATGACCACCACAAGCTCAAATA,0,sg5
CTTGCCCCACAGGGCAGTAACGG,CAGGCCTCACAGGGCAGTGAAGC,0,sg3
CCTGCCTCCGCTCTACTCACTGG,CCTGCCTCCTCTTCACTCAGTGC,0,sg7
AAATGAGAAGAAGAGGCACAGGG,GAAGGAAAAGAAGAGGCAGTGGA,0,sg9
GGGTGGGGGGAGTTTGCTCCTGG,GGGTGGGGGGATTATGTTCCACT,0,sg8
AAATGAGAAGAAGAGGCACAGGG,AAATGAGAAAACTAGGTGAAGGG,0,sg9
AATGACCACTACATCCTCAAGGG,AATGAATAGTACATCCTCGAGAC,0,sg5
AAATGAGAAGAAGAGGCACAGGG,GAAGAAGAAGAAGAGGAAAAGGA,0,sg9
TGACATCAATTATTATACATCGG,GGACATCAATTATTGTATTTGTG,0,sg10
CTTGCCCCACAGGGCAGTAACGG,CCTTACCTACAGGGCAGTAACAA,0,sg3
GGGTGGGGGGAGTTTGCTCCTGG,GGCTGGTGGCATTTTGCTCCTGC,0,sg8
CTTGCCCCACAGGGCAGTAACGG,CTTTCCCCACAGGGCTCTTCAGG,0,sg3
GAATCCTAAAAACTCTGCTTCGG,TATTCCTAAAAACCCTAATTTGG,0,sg12
AAATGAGAAGAAGAGGCACAGGG,AAATGAGAAAAAAGGGCAGAAGA,0,sg9
AAATGAGAAGAAGAGGCACAGGG,AAAGGAGAAGAAGAGGCAGAAAT,0,sg9
TGACATCAATTATTATACATCGG,TGAGCCCAATTATTATACTTCCA,0,sg10
TGACATCAATTATTATACATCGG,TGACATCAATTAATCTATATTCA,0,sg10
GGGTGGGGGGAGTTTGCTCCTGG,TGTTGGGGGGAGTTTGCTCATTC,0,sg8
GACACCGAAGCAGAGTTTTTAGG,GAGAGTGAAGCAGAGATTCCAGG,0,sg11
GGGTGGGGGGAGTTTGCTCCTGG,GGGTGGGGGGTGGTTTATCCTCC,0,sg8
GACACCGAAGCAGAGTTTTTAGG,GACGACAAAGCAGAGTTTGGAGT,0,sg11
GGGTGGGGGGAGTTTGCTCCTGG,GGGTGGGTGGGGGCTGCTCCAAG,0,sg8
CTTGCCCCACAGGGCAGTAACGG,CTGGAGCCACAGGGCATTTAGGG,0,sg3
AAATGAGAAGAAGAGGCACAGGG,TAATGAGAAGAAAAGGAAGAAGA,0,sg9
AAATGAGAAGAAGAGGCACAGGG,AAATGAGAAACAGACTCAAAGTG,0,sg9
CCTGCCTCCGCTCTACTCACTGG,CCTGCCTCCCATCAGCTGTCTGG,0,sg7
AAATGAGAAGAAGAGGCACAGGG,AAATGAGAAGAATAGGTGCAATA,0,sg9
CCTGCCTCCGCTCTACTCACTGG,CCTGCCTCCCCTCTACTGCCTCC,0,sg7
GAATCCTAAAAACTCTGCTTCGG,GAGGGGGAAAAACTCTGCTGCGG,0,sg12
AACACCAGTGAGTAGAGCGGAGG,AACATCAACTACTAGAGCGGAGT,0,sg1
GACACCGAAGCAGAGTTTTTAGG,GCCAACAAAGAAGAGTTTTTATG,0,sg11
AAATGAGAAGAAGAGGCACAGGG,ATATGAGAAGAACAGAGGCAGGC,0,sg9
GACACCGAAGCAGAGTTTTTAGG,GATTCACAAGCAGAGTTTTGAGG,0,sg11
GACACCGAAGCAGAGTTTTTAGG,GAAATTGAAGCAGAGACTTTAAG,0,sg11
GAATCCTAAAAACTCTGCTTCGG,GAAATCTAAAAACTCTGGTTAAA,0,sg12
GACACCGAAGCAGAGTTTTTAGG,GACAGGTAATCAGAGTTTTTACA,0,sg11
GGGTGGGGGGAGTTTGCTCCTGG,GGGTGGGTGGAGAAAGATCCTGG,0,sg8
TGACATCAATTATTATACATCGG,TGAAGTAAATTATTATACATTTT,0,sg10
AAATGAGAAGAAGAGGCACAGGG,AAATGAGAAGAAGAGTTAGAGAG,0,sg9
TGACATCAATTATTATACATCGG,TTAATTGATTTATTATACATAGG,0,sg10
GGGTGGGGGGAGTTTGCTCCTGG,CGGTGGGGGGAGTTTTCTGCACC,0,sg8
GAATCCTAAAAACTCTGCTTCGG,GAATCAGAATTTCTCTGCTTCAG,0,sg12
GGGTGGGGGGAGTTTGCTCCTGG,GGGTGGGTGGGGGCTTCTCCTGA,0,sg8
TGACATCAATTATTATACATCGG,AGACATCAATTAACATATATAAG,0,sg10
AAATGAGAAGAAGAGGCACAGGG,GAAGGTGAAGAAGAGACAAAGGC,0,sg9
GGTCCTGCCGCTGCTTGTCATGG,CTTCCTGCCGCTGCTAGCCAATG,0,sg4
AAATGAGAAGAAGAGGCACAGGG,CTGTGCTCAGAAGAGGCACAGGG,0,sg9
CCTGCCTCCGCTCTACTCACTGG,ACTGCTGCTGCTCTACTCCTTGG,0,sg7
TGACATCAATTATTATACATCGG,AGACATCAATTACTATATGTAAG,0,sg10
AAATGAGAAGAAGAGGCACAGGG,AAATGAGAAGAATTGCAGCAGAG,0,sg9
AAATGAGAAGAAGAGGCACAGGG,AAATGAGAACAAATGGCGCAGTT,0,sg9
AAATGAGAAGAAGAGGCACAGGG,AAAGGGGAAGAAGAGCCGCAGGG,0,sg9
AAATGAGAAGAAGAGGCACAGGG,AAAGAAGAAGAAGAGCCTCATGC,0,sg9
AAATGAGAAGAAGAGGCACAGGG,AAATGAGAAAAAGTGGTATTTGG,0,sg9
AAATGAGAAGAAGAGGCACAGGG,AAATGAGAAGGTGAGGAACGGAA,0,sg9
GGGTGGGGGGAGTTTGCTCCTGG,GGGTGGGGGTTGTTTGTTTTTGA,0,sg8
AACACCAGTGAGTAGAGCGGAGG,AAGGTCAGTGAGTAGAGAAAAGG,0,sg1
AAATGAGAAGAAGAGGCACAGGG,AGGAGAAAAGAAGAGGCACATAG,0,sg9
AAATGAGAAGAAGAGGCACAGGG,AAATGAGAACAAAAGGTAGTTGG,0,sg9
GGGTGGGGGGAGTTTGCTCCTGG,GGGTGGGGGTGAGGTGCTCCTGG,0,sg8
TGACATCAATTATTATACATCGG,TGACATCAATAATTAGGCATCAA,0,sg10
CCTGCCTCCGCTCTACTCACTGG,CCTGTCCCTGCTCTACTCACCAC,0,sg7
TGACATCAATTATTATACATCGG,TGACATCAAATATGAAGCAGAGG,0,sg10
GAATCCTAAAAACTCTGCTTCGG,GAATCCTAACCACCCTGTTTCTC,0,sg12
AAATGAGAAGAAGAGGCACAGGG,CGTTGATGATAAGAGGCACAGGG,0,sg9
AACACCAGTGAGTAGAGCGGAGG,AACACCAGTGACTAATCCTGAAG,0,sg1
AAATGAGAAGAAGAGGCACAGGG,ATATACAGAGAGGAGGCACAGGG,0,sg9
GGGTGGGGGGAGTTTGCTCCTGG,GGGGGTGGGGAGTTTCCACAAGG,0,sg8
CCTGCCTCCGCTCTACTCACTGG,CCTGCCTCCGGACTATTCTCTGC,0,sg7
CCTGCCTCCGCTCTACTCACTGG,CCACCCTCCTCTCTTCTGACTGA,0,sg7
AAATGAGAAGAAGAGGCACAGGG,CAGAGAGAAGCAGAGGCACAGCT,0,sg9
CCTGCCTCCGCTCTACTCACTGG,CCTGCCTCCACACTACTGATTAC,0,sg7
CTTGCCCCACAGGGCAGTAACGG,CTCAGAGCACAGGGCAGTGACGG,0,sg3
GGGTGGGGGGAGTTTGCTCCTGG,GGGTGGGGGGAGTATGGGGGTGG,0,sg8
GGGTGGGGGGAGTTTGCTCCTGG,GGGTGGGGGCAGTTAGGCCCCTG,0,sg8
TGACATCAATTATTATACATCGG,TGAGGGCATATATTATACATCGC,0,sg10
ATGAACACCAGTGAGTAGAGCGG,AAAACCACCAGTGAGGAAAGCTG,0,sg6
AAATGAGAAGAAGAGGCACAGGG,AAATGAGAAAAAGAGGAATAGAT,0,sg9
ATGAACACCAGTGAGTAGAGCGG,AGGCACTCCAGTGAGTAGAGAGA,0,sg6
GAATCCTAAAAACTCTGCTTCGG,AAGTTCTAAAAACTCTGATTCAA,0,sg12
AAATGAGAAGAAGAGGCACAGGG,CTAGGAGAAGAAGAGGAACAGGA,0,sg9
AAATGAGAAGAAGAGGCACAGGG,GAGGGAGAAGAAGAGGGACGGGG,0,sg9
AAATGAGAAGAAGAGGCACAGGG,ATATGAGAAGAAAGGGGAAAGAG,0,sg9
AAATGAGAAGAAGAGGCACAGGG,TAAAGAGCAGAAGAGGCACGGGT,0,sg9
AAATGAGAAGAAGAGGCACAGGG,TTATGGGAGGAAGAGGCACACAG,0,sg9
GGGTGGGGGGAGTTTGCTCCTGG,GAGTGGGGGGAGGTTGAGGCTGC,0,sg8
TGACATCAATTATTATACATCGG,TTTCATCAATTATTTTACAACAA,0,sg10
AAATGAGAAGAAGAGGCACAGGG,TTGTGAGAAGAAGAGTCACTGAG,0,sg9
GGTCCTGCCGCTGCTTGTCATGG,TCTTCTGCAGATGCTTGTCATGC,0,sg4
AAATGAGAAGAAGAGGCACAGGG,CAAGGAGAAATAGAGGCACAGAG,0,sg9
AAATGAGAAGAAGAGGCACAGGG,AAATGAGAAGAGAAGAAACAGAA,0,sg9
AAATGAGAAGAAGAGGCACAGGG,AAATGAGAAGCACAGGAAAAAGG,0,sg9
AAATGAGAAGAAGAGGCACAGGG,AAATGAGAACAAGGGGAAAAGAG,0,sg9
GGTCCTGCCGCTGCTTGTCATGG,CCTCCTGCCGCTGCTTCGCAAAG,0,sg4
CCTGCCTCCGCTCTACTCACTGG,CAGGGCTCCTCTCTACTCACTGC,0,sg7
AAATGAGAAGAAGAGGCACAGGG,GAGTGGGAAGGCGAGGCACAGGG,0,sg9
AAATGAGAAGAAGAGGCACAGGG,AAATGAGAAAGTGAGGCAATAGG,0,sg9
GGGTGGGGGGAGTTTGCTCCTGG,GGGTGGGGGCAGGTCCCTCATGA,0,sg8
GGGTGGGGGGAGTTTGCTCCTGG,GGGTGGGGGGTTTTGGATCATGT,0,sg8
AAATGAGAAGAAGAGGCACAGGG,AAATGAGAAGAGGAGAGAGAGAG,0,sg9
GAATCCTAAAAACTCTGCTTCGG,GAATCCTAAATAATCTAGTGTGG,0,sg12
AACACCAGTGAGTAGAGCGGAGG,GATATCAGTGAGTAGAGGCAAGG,0,sg1
CTTGCCCCACAGGGCAGTAACGG,ATTGGCCCACAGGGCAGCACTGC,0,sg3
AAATGAGAAGAAGAGGCACAGGG,CACGGAGAAGAAGAGACACCGGG,0,sg9
GGGTGGGGGGAGTTTGCTCCTGG,GGGTGGGGGGTGGTCGCCACTAG,0,sg8
AAATGAGAAGAAGAGGCACAGGG,AAATGAGAAAAACATGCTCAATG,0,sg9
AAATGAGAAGAAGAGGCACAGGG,CAATGAGAAACTGAGGCACAGTG,0,sg9
ATGAACACCAGTGAGTAGAGCGG,AGAAGGAACAGTGAGTAGAGAGG,0,sg6
GACACCGAAGCAGAGTTTTTAGG,GACACAGAAGCAGAGATTTAATG,0,sg11
AACACCAGTGAGTAGAGCGGAGG,CAACACAGTGAGTAGAGCAGAGA,0,sg1
TGACATCAATTATTATACATCGG,TGATATTTTTGATTATACATCTG,0,sg10
AAATGAGAAGAAGAGGCACAGGG,AATTGAGAAGAAAAGAAACACAG,0,sg9
GACACCGAAGCAGAGTTTTTAGG,AACTGAGAAGCAGAGAGTTTAGG,0,sg11
TGACATCAATTATTATACATCGG,AGATATCAATTATTACATTTCTG,0,sg10
AAATGAGAAGAAGAGGCACAGGG,GAATGGGTAGAAGAGGCAGGGAG,0,sg9
AAATGAGAAGAAGAGGCACAGGG,AAATGAGAATAAGAGGGAAAGAG,0,sg9
CCAGTGAGTAGAGCGGAGGCAGG,ATAGTGAGTAGAGTGTAAGAAGG,0,sg2
CCAGTGAGTAGAGCGGAGGCAGG,CCAGTGAGTGGGAAAGACGCAGG,0,sg2
AAATGAGAAGAAGAGGCACAGGG,AGGTGTGAAGAAGAGAAACAGGA,0,sg9
GGGTGGGGGGAGTTTGCTCCTGG,GGGTAGGGGGAGTTTGAGCAGAG,0,sg8
AATGACCACTACATCCTCAAGGG,AATCCAAACTCCATCCTCAAGGA,0,sg5
ATGAACACCAGTGAGTAGAGCGG,CTGACCACATGTGAGTAGAGCTA,0,sg6
AACACCAGTGAGTAGAGCGGAGG,AGGACCAGTGAGCAGGGAGGAGT,0,sg1
AATGACCACTACATCCTCAAGGG,TTTACCTACTTCATCCTCAAGGG,0,sg5
GGGTGGGGGGAGTTTGCTCCTGG,GGGTGGGGGTAGGTTGGTACGGT,0,sg8
AAATGAGAAGAAGAGGCACAGGG,AAATGAGAAGAAGATTTAATGGA,0,sg9
TGACATCAATTATTATACATCGG,TGACATCAATAATTCTACAAAAG,0,sg10
AAATGAGAAGAAGAGGCACAGGG,AAATGAGAATAAGAGGCTTAAGA,0,sg9
CTTGCCCCACAGGGCAGTAACGG,CTGGGCACCCAGGGCAGTGAAGG,0,sg3
AAATGAGAAGAAGAGGCACAGGG,TGATTAGTAGAAGAGGCAGAAGG,0,sg9
CTTGCCCCACAGGGCAGTAACGG,TTTATTCCACAGGGCAATAACGT,0,sg3
AAATGAGAAGAAGAGGCACAGGG,CAGTGAGAAGAAAAGGCACGAGC,0,sg9
GGGTGGGGGGAGTTTGCTCCTGG,GGGTGGGGGGAGTGGGGTTGTGT,0,sg8
ATGAACACCAGTGAGTAGAGCGG,AGGAAGGCAAGTGAGTAGAGAGG,0,sg6
CCTGCCTCCGCTCTACTCACTGG,CCTGCCTCCTCTCTGCTGAGGGG,0,sg7
TGACATCAATTATTATACATCGG,TAAAATAATTTGTTATACATCTG,0,sg10
AAATGAGAAGAAGAGGCACAGGG,ACATGTAATGCAGAGGCACAGTG,0,sg9
AAATGAGAAGAAGAGGCACAGGG,AAGTGGGAAGAAGAGAGAAAGGA,0,sg9
TGACATCAATTATTATACATCGG,AGACTTTTATTATTATACATGGG,0,sg10
AATGACCACTACATCCTCAAGGG,GATGCCTCCTCCATCCTCAAGGC,0,sg5
AAATGAGAAGAAGAGGCACAGGG,ACCTGAGAAGCTGAGGCACAGAA,0,sg9
CCTGCCTCCGCTCTACTCACTGG,GCATCCTGCTCTCTACTCACTAG,0,sg7
TGACATCAATTATTATACATCGG,TCTCCACAATTCTTATACATCGA,0,sg10
CCAGTGAGTAGAGCGGAGGCAGG,CCAGTGAGTAGACTGATTGCAGC,0,sg2
AAATGAGAAGAAGAGGCACAGGG,AAGAGAACAGAAGAGGCACAGAT,0,sg9
AAATGAGAAGAAGAGGCACAGGG,TTATGGGATGCAGAGGCACAGAG,0,sg9
AAATGAGAAGAAGAGGCACAGGG,AAATGAGAAGAGGAGGAGGAGGA,0,sg9
GACACCGAAGCAGAGTTTTTAGG,GACATGGAAGCAGAGTTGTACGG,0,sg11
TGACATCAATTATTATACATCGG,ACCCTTCAATTATTATACAGCAG,0,sg10
AAATGAGAAGAAGAGGCACAGGG,ACATGAGAAGAACACAAACAGGC,0,sg9
AAATGAGAAGAAGAGGCACAGGG,AAGAAAGAAGAAGAGGGAGAAGG,0,sg9
GGTCCTGCCGCTGCTTGTCATGG,GTTCCTGCTGCTGCTTGTGCAGA,0,sg4
GAATCCTAAAAACTCTGCTTCGG,GAATCCTATAAACTCTGCCTATT,0,sg12
AAATGAGAAGAAGAGGCACAGGG,CACTGGGAGGAGGAGGCACAGAG,0,sg9
GGTCCTGCCGCTGCTTGTCATGG,CCTCCTGGCGCTGCTTGTCGCTG,0,sg4
TGACATCAATTATTATACATCGG,CTACAACAATTATTATAGAACTG,0,sg10
AAATGAGAAGAAGAGGCACAGGG,TAACCAGAAGAAGAGGGAGAGAG,0,sg9
CCTGCCTCCGCTCTACTCACTGG,CCTGCCTCCCCTCAGCTCAGGGG,0,sg7
AAATGAGAAGAAGAGGCACAGGG,AAATGAGAAAAATGTGCAGAGAG,0,sg9
AACACCAGTGAGTAGAGCGGAGG,AACACCAGTGACTTCAGCTAATG,0,sg1
AAATGAGAAGAAGAGGCACAGGG,AAGTTAGAAGAAGAGCCACCAGA,0,sg9
ATGAACACCAGTGAGTAGAGCGG,CTGATCTCCAGTGAGTAGAGCAT,0,sg6
GACACCGAAGCAGAGTTTTTAGG,TGCAAGGAAGCAGAGGATTTAGG,0,sg11
GGGTGGGGGGAGTTTGCTCCTGG,AGGTGGGGGGAGGTGACTTCTGA,0,sg8
ATGAACACCAGTGAGTAGAGCGG,CTGAACACCAGTGACTGCAGAGG,0,sg6
AATGACCACTACATCCTCAAGGG,AATGACCACCACAGCTGCCAGGG,0,sg5
GAATCCTAAAAACTCTGCTTCGG,GGCTCCTACAACCTCTGCTTCCT,0,sg12
GGGTGGGGGGAGTTTGCTCCTGG,GGGTGGGGGGAGAAAGCCCCTTG,0,sg8
CTTGCCCCACAGGGCAGTAACGG,CTTCTCCCACAGGGCAGTATGCA,0,sg3
AAATGAGAAGAAGAGGCACAGGG,AATGGAGAAGCTGAGGCACAGAC,0,sg9
GGGTGGGGGGAGTTTGCTCCTGG,GGGTGGGGGGAATTTGAGCAAGA,0,sg8
CCAGTGAGTAGAGCGGAGGCAGG,ACAGTGAGTAGATCTGAGACACG,0,sg2
TGACATCAATTATTATACATCGG,GGACATCAATTATCATAAATATT,0,sg10
ATGAACACCAGTGAGTAGAGCGG,ATTCCCACCAGTGAGTGGAGAGT,0,sg6
AAATGAGAAGAAGAGGCACAGGG,AAAGGGGAAGAAGAGTCCCAGAG,0,sg9
TGACATCAATTATTATACATCGG,GGAAAACAATTATTATTCATCAT,0,sg10
TGACATCAATTATTATACATCGG,GGACTTCAATTATTATTCATTAT,0,sg10
GGGTGGGGGGAGTTTGCTCCTGG,ATGAGGGGGGACTTTGCTCCTGT,0,sg8
GGGTGGGGGGAGTTTGCTCCTGG,GGGCTGCAGGCTTTTGCTCCTGG,0,sg8
AAATGAGAAGAAGAGGCACAGGG,GAATGAGAAGAAATGGCAATGAG,0,sg9
GAATCCTAAAAACTCTGCTTCGG,GAATTGTAAAAACTCTGCTATCT,0,sg12
AAATGAGAAGAAGAGGCACAGGG,CAGTGTAGAGATGAGGCACAGGG,0,sg9
CCTGCCTCCGCTCTACTCACTGG,CATCCCTGGCTTCTACTCACTGG,0,sg7
AAATGAGAAGAAGAGGCACAGGG,AAAGGAGAAGAAGAGAAAAATGA,0,sg9
CCAGTGAGTAGAGCGGAGGCAGG,CCAGTGAGTAGGGTGGTGCTAGC,0,sg2
GGTCCTGCCGCTGCTTGTCATGG,GGTCCTGCCGAGGGTGGGCAGGG,0,sg4
AAATGAGAAGAAGAGGCACAGGG,AACTAGGAAGAAGAGGAAAGGGG,0,sg9
AAATGAGAAGAAGAGGCACAGGG,AAAAGCGAAGAAGAGGCACCATT,0,sg9
TGACATCAATTATTATACATCGG,CCACATCAATTATTACTCATCTA,0,sg10
GAATCCTAAAAACTCTGCTTCGG,GAATCCTAAAGTCTCAAGTTCTG,0,sg12
AAATGAGAAGAAGAGGCACAGGG,AAAGAAGAAGAAGAAGAAGAGGT,0,sg9
CCTGCCTCCGCTCTACTCACTGG,CCTGCCTCCTCTCTACCCCCTCA,0,sg7
AAATGAGAAGAAGAGGCACAGGG,GAAAAAGAAGAAGAGGAAGAAGG,0,sg9
AAATGAGAAGAAGAGGCACAGGG,GGGTGGGATGAAGAGGCACAGAG,0,sg9
CCTGCCTCCGCTCTACTCACTGG,CCTGCCTCCAATCTACTACCAGG,0,sg7
ATGAACACCAGTGAGTAGAGCGG,ATGAATACCACCGAGTAGAGCTA,0,sg6
GGGTGGGGGGAGTTTGCTCCTGG,GGGTGGGGGGTGATTGCTGGAGG,0,sg8
CCTGCCTCCGCTCTACTCACTGG,CTTGCTTCTGCTCTACTCTATGG,0,sg7
ATGAACACCAGTGAGTAGAGCGG,CTAAACACCAGTGAGAAAAGCTA,0,sg6
AAATGAGAAGAAGAGGCACAGGG,AATGGAGAAGTTGAGGCACAGGC,0,sg9
AATGACCACTACATCCTCAAGGG,AATGGCCACTACATCACCAGATG,0,sg5
AAATGAGAAGAAGAGGCACAGGG,AAATGAGAAAACGAGTCAATAGG,0,sg9
AAATGAGAAGAAGAGGCACAGGG,AGGGGAGAAGAAGAGGAAGAGGA,0,sg9
AAATGAGAAGAAGAGGCACAGGG,TGCAGAGAAGAAGAGGGACAGAG,0,sg9
CTTGCCCCACAGGGCAGTAACGG,CAAGCACCACAGGGCTGGAAGGG,0,sg3
GGTCCTGCCGCTGCTTGTCATGG,TTTCTTACCTCTGCTTGTCATAG,0,sg4
TGACATCAATTATTATACATCGG,TGAACACTATTATTATACATCAA,0,sg10
AAATGAGAAGAAGAGGCACAGGG,AAATGAGAAGGGGAAGTAAAAGG,0,sg9
AAATGAGAAGAAGAGGCACAGGG,AAATGAGAAAAAGAGGATTAGAG,0,sg9
GGGTGGGGGGAGTTTGCTCCTGG,GGGTGGGGGCAGGTTACCTCTGA,0,sg8
GGTCCTGCCGCTGCTTGTCATGG,GGTGCTGATGCTGCTTGTCAGGG,1,sg4
ATGAACACCAGTGAGTAGAGCGG,ATGAACACCAGCGAGTAGAGCGG,1,sg6
GGTCCTGCCGCTGCTTGTCATGG,GCTGCTGACCCTGCTTGTCATCC,0,sg4
AACACCAGTGAGTAGAGCGGAGG,AACACCAGTAAACAAAGCAGATG,0,sg1
GACACCGAAGCAGAGTTTTTAGG,GATAGCTTAGCAGAGTTTTGTGG,0,sg11
ATGAACACCAGTGAGTAGAGCGG,ATGAACACCACTGCTGACAGTGG,0,sg6
AAATGAGAAGAAGAGGCACAGGG,AAAATAGAAGAAGAGCTAAAAGG,0,sg9
AAATGAGAAGAAGAGGCACAGGG,GCATGGAGAGGAGAGGCACAGGG,0,sg9
CTTGCCCCACAGGGCAGTAACGG,CCAGCCCCACAGGGCAGGGCAGG,0,sg3
AATGACCACTACATCCTCAAGGG,AATGACCACTAGACCACCCAGGT,0,sg5
CTTGCCCCACAGGGCAGTAACGG,CCTCTCCCACAGGGCAGTCATGA,0,sg3
CCTGCCTCCGCTCTACTCACTGG,CCTGCCTCCCCTGACCTCCCTTG,0,sg7
GAATCCTAAAAACTCTGCTTCGG,TAATCCTAAAAATTCTGAATTGA,0,sg12
GAATCCTAAAAACTCTGCTTCGG,GAGAGCTAAAAACTCTGTTTCCC,0,sg12
GGGTGGGGGGAGTTTGCTCCTGG,GGGTGGGGGCCAGATGCTCCTGG,0,sg8
GGGTGGGGGGAGTTTGCTCCTGG,GGGTGGGGGGAGTTTCAGGATGA,0,sg8
CTTGCCCCACAGGGCAGTAACGG,CGGCCCCCACAGGGCTGGCACGG,0,sg3
AATGACCACTACATCCTCAAGGG,AATGACCACTAAATGCAATATGG,0,sg5
GGTCCTGCCGCTGCTTGTCATGG,GGTCCTGCCACAGCCTTACGTGG,0,sg4
AAATGAGAAGAAGAGGCACAGGG,TAATGAGAAGAAATCCCACTGGG,0,sg9
AAATGAGAAGAAGAGGCACAGGG,GGGTGAGAAAAAGAGGCACAGAA,0,sg9
GAATCCTAAAAACTCTGCTTCGG,GAATCCTAAAAAGTTTCCATAAG,0,sg12
GGGTGGGGGGAGTTTGCTCCTGG,GGGTGGGGGGAGATTGATATTAC,0,sg8
AAATGAGAAGAAGAGGCACAGGG,AAATGAGAAGTAGATACATATAG,0,sg9
GGGTGGGGGGAGTTTGCTCCTGG,GGGTGGGTGGGGGTGACCCCTGG,0,sg8
GACACCGAAGCAGAGTTTTTAGG,GGAATGGAAGCAGAGTTTGTAGG,0,sg11
AAATGAGAAGAAGAGGCACAGGG,AAAAAACAAGAAGAGGCAGGGTG,0,sg9
GGTCCTGCCGCTGCTTGTCATGG,GGTCCTGCCCTTGCTTGGTTTGA,0,sg4
AAATGAGAAGAAGAGGCACAGGG,AAATGAGAAAAAGAGCAACAACC,0,sg9
TGACATCAATTATTATACATCGG,TCACACCCATTATTATACATTCC,0,sg10
AAATGAGAAGAAGAGGCACAGGG,GTATGAGAAGAAAAAGGATAGGG,0,sg9
AAATGAGAAGAAGAGGCACAGGG,AACTCAGAAGAAGAGGTAAAAGG,0,sg9
AAATGAGAAGAAGAGGCACAGGG,AATTGAGAAGAAAGTGCAGAGGA,0,sg9
GGTCCTGCCGCTGCTTGTCATGG,GGTCCTGCCTCTCCTTTTGTTGG,0,sg4
AATGACCACTACATCCTCAAGGG,AAATACCCCTACATCCTCAGAGG,0,sg5
AAATGAGAAGAAGAGGCACAGGG,CACTGAGAGAAAGAGGCACAGTC,0,sg9
TGACATCAATTATTATACATCGG,TGACTTCAATTATTATAAAATTG,0,sg10
GGTCCTGCCGCTGCTTGTCATGG,GGTCCTGCCTCAGCCTCTCATTA,0,sg4
GGGTGGGGGGAGTTTGCTCCTGG,GGGTGGGGGAATGTTGCTGAAGG,0,sg8
TGACATCAATTATTATACATCGG,AAACATCAATTATGATACTTCCA,0,sg10
GGTCCTGCCGCTGCTTGTCATGG,TGACCTGCCGCTGCTTCCCATCA,0,sg4
TGACATCAATTATTATACATCGG,TATCATCAATTATTATTCTTCAC,0,sg10
GGGTGGGGGGAGTTTGCTCCTGG,GGGTGGGGGGAGTAATTTACTGA,0,sg8
CCTGCCTCCGCTCTACTCACTGG,CCTGCCTCCAGACCCCTCACTGG,0,sg7
AAATGAGAAGAAGAGGCACAGGG,AAATCCAAAGAAGAGGCAGAGGA,0,sg9
GAATCCTAAAAACTCTGCTTCGG,AAAGCCTATAAACTCTGCTTACA,0,sg12
AAATGAGAAGAAGAGGCACAGGG,AAATGAGAACAATAGACAGTGTG,0,sg9
AAATGAGAAGAAGAGGCACAGGG,ATCAGACAAGAAGAGGCACACAG,0,sg9
CCAGTGAGTAGAGCGGAGGCAGG,CTAGTGAGTAGAGCCCAGGGATA,0,sg2
GGTCCTGCCGCTGCTTGTCATGG,GGTCCTGCCACTGCCTCTAAAAG,0,sg4
AATGACCACTACATCCTCAAGGG,CATACCCACTACATCCTAAAGAC,0,sg5
TGACATCAATTATTATACATCGG,TGAAATCAATTATTAAATAACGT,0,sg10
GGGTGGGGGGAGTTTGCTCCTGG,CAGTGGGGAGAGTTTGCTGATGT,0,sg8
AAATGAGAAGAAGAGGCACAGGG,AAATGAGAAGATGATAAACATGA,0,sg9
GGGTGGGGGGAGTTTGCTCCTGG,TTGTGGGGGGAGCCTGCATCTGG,0,sg8
AAATGAGAAGAAGAGGCACAGGG,TTTTGTGAAGGAGAGGCACAGGA,0,sg9
CCTGCCTCCGCTCTACTCACTGG,CCTGCCTCCTCTCTCTCCACTCC,0,sg7
TGACATCAATTATTATACATCGG,TTGAACCAATTATTATAAATCAG,0,sg10
AAATGAGAAGAAGAGGCACAGGG,CTATCACTAGAAGAGGCACAGGC,0,sg9
CCTGCCTCCGCTCTACTCACTGG,CCTGCCTCCTCTCTGGTCATAGG,0,sg7
ATGAACACCAGTGAGTAGAGCGG,AGAAACACCAGTGGGTATAGCTC,0,sg6
AAATGAGAAGAAGAGGCACAGGG,AAATGAGAATAAGAGCTACAAAA,0,sg9
AAATGAGAAGAAGAGGCACAGGG,ATATGAGAAGAAGAGATAGAGAC,0,sg9
AATGACCACTACATCCTCAAGGG,AACCATCTATACATCCTCATGGG,0,sg5
AAATGAGAAGAAGAGGCACAGGG,TAATATGAAAGGGAGGCACAGGG,0,sg9
AACACCAGTGAGTAGAGCGGAGG,AATCTCTGTGAGTAGAGCCCAGG,0,sg1
CCTGCCTCCGCTCTACTCACTGG,CCTGCCTCCACTCTCCTCCCTGC,0,sg7
ATGAACACCAGTGAGTAGAGCGG,ATGAACACCAGGGAAAAGAGACA,0,sg6
ATGAACACCAGTGAGTAGAGCGG,TTCAACAGGAGTGAGTAGAGGAG,0,sg6
AAATGAGAAGAAGAGGCACAGGG,AAATGAGAAAAATATGCACATTG,0,sg9
TGACATCAATTATTATACATCGG,TGAAATCAATTATCATAGATCGG,1,sg10
GGGTGGGGGGAGTTTGCTCCTGG,GGGTGGGGGAAGTTTTCCTCCAG,0,sg8
AAATGAGAAGAAGAGGCACAGGG,ACATCTAAAGTTGAGGCACAGGG,0,sg9
ATGAACACCAGTGAGTAGAGCGG,TTGAGCACCAGTGAGCACAGGAG,0,sg6
AATGACCACTACATCCTCAAGGG,GATGTCCACTACATCTGCAGGGG,0,sg5
AAATGAGAAGAAGAGGCACAGGG,CAGCCAGAGGAAGAGGCACAGGA,0,sg9
AATGACCACTACATCCTCAAGGG,ACTGATGAATACATCCTCCAGGA,0,sg5
AATGACCACTACATCCTCAAGGG,AATGACCACTAGAGGCTCTCAGG,0,sg5
AAATGAGAAGAAGAGGCACAGGG,AAATGAGAAGAAGAGAGAAATTT,0,sg9
AAATGAGAAGAAGAGGCACAGGG,AAATGAGAAGCAGGGGCAGACTA,0,sg9
AAATGAGAAGAAGAGGCACAGGG,CAGATGGAACAAGAGGCACAGGG,0,sg9
AAATGAGAAGAAGAGGCACAGGG,GAAAGAGAAGAAGAGGAACAAAG,0,sg9
GAATCCTAAAAACTCTGCTTCGG,GGTCACAGAAAACTCTGCTTCGG,0,sg12
GGTCCTGCCGCTGCTTGTCATGG,GGCCCCTCAGCTGCTTGTCCTGT,0,sg4
GACACCGAAGCAGAGTTTTTAGG,GGCAAAGAAGCAGAGTTAGAAGG,0,sg11
CCAGTGAGTAGAGCGGAGGCAGG,CCAGTGAGTAGTGGGGAGGAGAG,0,sg2
AAATGAGAAGAAGAGGCACAGGG,AAATGAGAAACAAAAGATCAGGG,0,sg9
AAATGAGAAGAAGAGGCACAGGG,ATATTAGAAGAAGAGGTAAAAGT,0,sg9
AAATGAGAAGAAGAGGCACAGGG,AAAGAGGCAGAAGAGGCACACAG,0,sg9
AAATGAGAAGAAGAGGCACAGGG,TCATGAGAAGAAAAAGCCCAAGG,0,sg9
GGGTGGGGGGAGTTTGCTCCTGG,GGGTGGGGGGGGCAGGCCCCAGG,0,sg8
GGGTGGGGGGAGTTTGCTCCTGG,CTTTGGGGTTAGTTTGCTCCTGG,0,sg8
TGACATCAATTATTATACATCGG,TGACATCAATTTTTTAAAATTGA,0,sg10
TGACATCAATTATTATACATCGG,TGGCAGCAATTATTATTCAAATG,0,sg10
AAATGAGAAGAAGAGGCACAGGG,TAAGCAGTAACAGAGGCACAGGG,0,sg9
AAATGAGAAGAAGAGGCACAGGG,AAATGAGAAGAGGAGAGACTGAA,0,sg9
GACACCGAAGCAGAGTTTTTAGG,GGCACGGATGCAGAGTTTGCAGA,0,sg11
AATGACCACTACATCCTCAAGGG,AATGACTCCAGCATCCTCAAGGC,0,sg5
AAATGAGAAGAAGAGGCACAGGG,AAAAAAGAAGAAGAGGAACAAGT,0,sg9
AAATGAGAAGAAGAGGCACAGGG,AAGTGAGAAGAAGTGTCAAAGTA,0,sg9
AAATGAGAAGAAGAGGCACAGGG,AATTGCAAAGCTGAGGCACAGAG,0,sg9
AATGACCACTACATCCTCAAGGG,TCTGCCCCCTACATCCTCAGGGT,0,sg5
CCAGTGAGTAGAGCGGAGGCAGG,GCACTTTGGAGGGCGGAGGCAGG,0,sg2
AAATGAGAAGAAGAGGCACAGGG,AGATGAAAATCTGAGGCACAGAG,0,sg9
AAATGAGAAGAAGAGGCACAGGG,AAATGAGAAGCAGATACATTGAG,0,sg9
GGGTGGGGGGAGTTTGCTCCTGG,GGGTGGGGGGAGCTCCGTCCCTG,0,sg8
AAATGAGAAGAAGAGGCACAGGG,AAAACGGAGGAAGAGGCAGAGGA,0,sg9
CCTGCCTCCGCTCTACTCACTGG,CCTGCCTCCTGCCCACTCAATGT,0,sg7
CTTGCCCCACAGGGCAGTAACGG,CGGGCCCCACAGGGCTGTGCTGG,0,sg3
AAATGAGAAGAAGAGGCACAGGG,GGATGAGAAGAAAAGCCACAGAC,0,sg9
GGGTGGGGGGAGTTTGCTCCTGG,GGGGTGGGGGTGTTTGCTCTGGG,0,sg8
AAATGAGAAGAAGAGGCACAGGG,GAGTGAGAAGAATGGGCAGAGGG,0,sg9
GAATCCTAAAAACTCTGCTTCGG,AAATCCTAAAAATTCTTCTGGGT,0,sg12
AAATGAGAAGAAGAGGCACAGGG,ACTTATGTAGAAGAGGCACATGG,0,sg9
CCTGCCTCCGCTCTACTCACTGG,TCTGCCTCCGCTTTCCAAACAGG,0,sg7
AATGACCACTACATCCTCAAGGG,AGTTAGTACAACATCCTCAAGGT,0,sg5
GGGTGGGGGGAGTTTGCTCCTGG,GGGTGGGGGGAACCTGCACCTGG,0,sg8
AAATGAGAAGAAGAGGCACAGGG,AGAAGAGAAGAAGAGGAAAGGAG,0,sg9
AAATGAGAAGAAGAGGCACAGGG,AAGGAAGAAGAGGAGGCACATGA,0,sg9
GGGTGGGGGGAGTTTGCTCCTGG,GGGGGGGGGGAGTTTTTTCCATT,0,sg8
AAATGAGAAGAAGAGGCACAGGG,AAACGAGAAGAAGAGGAACATTT,0,sg9
AAATGAGAAGAAGAGGCACAGGG,CACTGGGAAGAAGAGAAAAAGGG,0,sg9
CCTGCCTCCGCTCTACTCACTGG,CCTGCCTCCTCCACCCTCACTGT,0,sg7
AAATGAGAAGAAGAGGCACAGGG,AATTGAGAAGAAAAGCAAGACGG,0,sg9
AAATGAGAAGAAGAGGCACAGGG,CAGAGAGGAGTAGAGGCACAGAG,0,sg9
AAATGAGAAGAAGAGGCACAGGG,AAATGAGAAGAAGGGAGAAATGA,0,sg9
GGGTGGGGGGAGTTTGCTCCTGG,GAGGCGGGGGAGTTTTCTTCTTG,0,sg8
AAATGAGAAGAAGAGGCACAGGG,AAGTGAAAAGATGAGGGGTAGGG,0,sg9
CTTGCCCCACAGGGCAGTAACGG,CTTGCCCCACATGGTAATCTGGG,0,sg3
CTTGCCCCACAGGGCAGTAACGG,CCTAGGCCACAGGGCAGTACTGG,0,sg3
AATGACCACTACATCCTCAAGGG,AATGACCACAAAATCCCAAAAGT,0,sg5
AAATGAGAAGAAGAGGCACAGGG,AAATGATATGAAGAGGCAACAGG,0,sg9
CTTGCCCCACAGGGCAGTAACGG,TTTGCCCCACAGCCTAGTAAAGA,0,sg3
TGACATCAATTATTATACATCGG,TGAAATGATTTATTATACAAAAG,0,sg10
AAATGAGAAGAAGAGGCACAGGG,GGCTGAGAAGAAAAGGAAAAGGG,0,sg9
GAATCCTAAAAACTCTGCTTCGG,GATGCCTAAAAACTCTACCAAGG,0,sg12
GGTCCTGCCGCTGCTTGTCATGG,GCTGATGCTGCTGCTTGTCCTGG,0,sg4
CTTGCCCCACAGGGCAGTAACGG,GTTGCACCTCAGGGCAGTGACAT,0,sg3
AAATGAGAAGAAGAGGCACAGGG,AAAAAAAAAGAAGAGGCATAGAG,0,sg9
CCAGTGAGTAGAGCGGAGGCAGG,GCACTGAGGGAGGCGGAGGCAGG,0,sg2
